,dba_name,Inspection Count,Upgraded,Downgraded,Fail,Pass
0,"#1 CHINA EXPRESS, LTD.",2,1,1,1,1
1,#1 CHOP SUEY,41,21,20,17,24
2,"#1 CHOP SUEY RESTAURANT, INC",5,3,2,2,3
3,#1 DELI,2,1,1,2,0
4,"#1 DELI, INC",8,4,4,5,3
5,#1 MARKET INC.,2,0,2,2,0
6,#1 WOK N ROLL,23,12,11,11,12
7,'C' A CATERING AND EVENT COMPANY,17,4,13,7,10
8,'GENGHIS' EATERY,3,2,1,2,1
9,'LAINE'S BAKE SHOP,4,1,3,2,2
10,(K)  NEW  RESTAURANT,3,1,2,1,2
11,1 2 3 EXPRESS,3,2,1,1,2
12,1 FISH 2 FISH,6,1,5,5,1
13,"1 JACKPOT MINI MART, INC.",2,2,0,0,2
14,1 KARACHI CHAAT HOUSE,2,1,1,2,0
15,1 N WACKER KITCHEN AND BAR,9,2,7,4,5
16,1 STOP  FOOD MART,2,0,2,1,1
17,1 STOP & SHOP INC.,4,2,2,3,1
18,"1,200 SQ.FT. - YEMEN RESTAURANT, INC.",15,6,9,5,10
19,"1,4,3,7 SOUL RESTAURANT",3,0,3,3,0
20,1-94 RIBS & GRILL,6,0,6,4,2
21,10 PIN  BOWLING LOUNGE,16,5,11,9,7
22,10 SOUTH MARKET,2,1,1,1,1
23,100 PENNIES STORE,2,0,2,1,1
24,1000 LIQUORS / BIG CITY TAP,18,9,9,11,7
25,101 CLUB,6,3,3,3,3
26,"103 CHICKEN & MORE, INC.",2,0,2,1,1
27,1053 W 103RD INC,3,1,2,2,1
28,10Q CHICKEN,2,0,2,2,0
29,11 DEGREES NORTH,13,4,9,8,5
30,11 DINING,28,9,19,16,12
31,"11 DINING, LLC",17,4,13,8,9
32,"11 DINING,LLC",5,0,5,4,1
33,11 DINNING,7,1,6,4,3
34,1104 WABASH,5,2,3,3,2
35,111 COFFEE BAR,8,5,3,6,2
36,111 MEXICAN GRILL,8,3,5,4,4
37,"111 TH FOOD & CELLULAR, INC",15,6,9,9,6
38,"111TH AND RACINE MARATHON, INC.",4,1,3,2,2
39,"111TH FOOD MART, INC.",7,4,3,5,2
40,111TH STREET CLARK,2,0,2,1,1
41,111TH STREET OTB,15,7,8,7,8
42,111th STREET SUPER SAVE,2,0,2,1,1
43,1154 FULTON MARKET,3,0,3,2,1
44,1155 CAFETERIA,9,6,3,1,8
45,118TH STREET MARKET,3,0,3,2,1
46,12 WEST ELM,2,1,1,1,1
47,1200 GRILL,5,3,2,3,2
48,1200 Herb'N Deli,3,0,3,2,1
49,"1200 JES FUELS,INC",5,1,4,4,1
50,123 CONCESSION SHOP,2,0,2,1,1
51,123 FOOD,4,1,3,3,1
52,123 GROCERY PLUS,6,3,3,3,3
53,123 MINI MART,5,2,3,3,2
54,"1234 BBQ RIBS INC.,",6,3,3,3,3
55,1250 SOUTH LLC,6,2,4,3,3
56,13 Pins Tapas & Grill,21,8,13,14,7
57,1308,3,0,3,3,0
58,1350 LAKE SHORE DR. COMMISSARY,9,6,3,2,7
59,14 PARISH,16,8,8,9,7
60,"14 W. HUBBARD, LLC",7,4,3,3,4
61,1400 MARKET PLACE,14,5,9,5,9
62,1415,3,2,1,2,1
63,143 Seven Food Mart,3,0,3,2,1
64,1492 CUBAN FUSION INC,14,5,9,9,5
65,1492 TAPAS,5,2,3,3,2
66,15 / 20 LOUNGE,13,5,8,8,5
67,15TH STREET FOOD MART INC.,14,5,9,9,5
68,1637 WEST NORTH BAR & LOUNGE,2,0,2,2,0
69,16TH & MILLARD FOOD,7,3,4,4,3
70,16TH EXPRESS MART,2,1,1,1,1
71,16TH MART,5,1,4,2,3
72,16TH ST FOOD MART,7,4,3,3,4
73,175 SOPRAFFINA MARKET CAFFE LLC,17,7,10,4,13
74,1800 LIQUORS,4,0,4,2,2
75,18TH STREET FOOD MART,7,2,5,5,2
76,19 EAST,3,2,1,1,2
77,19 PAUL,10,2,8,6,4
78,19 PULASKI,2,1,1,1,1
79,1914 CLUB,9,4,5,3,6
80,1931 RESTAURANT,5,0,5,3,2
81,194  RIB  JOYNT,9,3,6,7,2
82,19TH ST FOOD MART,3,0,3,2,1
83,1ST CHOP SUEY,25,7,18,11,14
84,1ST FRUITS ACADEMY INC,6,2,4,5,1
85,1ST UNITED METHODIST CHURCH OF CHICAGO AID SOCIETY,9,2,7,2,7
86,1UP FOOD ARACADE,3,0,3,3,0
87,"1st HUNAN SPRING, INC",12,4,8,5,7
88,2 ASIAN BROTHERS,20,6,14,12,8
89,2 BIG SHARKS FISH & CHICKEN,2,0,2,1,1
90,"2 BROTHERS FOOD MART, INC",3,0,3,1,2
91,2 PLUS,6,3,3,4,2
92,2 POTZ & A PAN EATERY,6,1,5,6,0
93,2 SPARROWS,8,4,4,4,4
94,2 TWENTY 2 TAVERN,6,3,3,5,1
95,20 EAST,6,0,6,4,2
96,200 CONVENIENCE,2,0,2,0,2
97,200 LIQUORS,4,3,1,1,3
98,2001 GAS CENTRAL,3,1,2,2,1
99,2002 DONUTS INC,10,3,7,3,7
100,2012 FOOD MART INC,4,1,3,3,1
101,2012 W IRVING PARK,2,1,1,1,1
102,2015 SEE THRU CHINESE KITCHEN,21,4,17,14,7
103,205 I.C. INC,3,1,2,1,2
104,2096 N MILWAUKEE LLC,4,0,4,2,2
105,21 ST. FOOD MARKET INC.,4,1,3,3,1
106,21C MUSEUM HOTEL HOTEL CHICAGO,7,1,6,4,3
107,21c Museum Hotel Chicago,4,3,1,1,3
108,225 CAFE,2,1,1,2,0
109,233 MARKET,2,0,2,1,1
110,2337 MILWAUKEE,2,1,1,2,0
111,"234 S. WABASH, INC.",3,2,1,1,2
112,24 FOODS,4,1,3,3,1
113,24 GRILL,2,1,1,2,0
114,24 HOURS FOOD MART,3,3,0,2,1
115,"24 HRS GYROS & SUB INC.,",18,6,12,4,14
116,24 KARROTS,8,4,4,4,4
117,24 SEVEN FOOD MART,12,4,8,8,4
118,24-7 MART,4,2,2,2,2
119,24/7 CONVENIENT FOOD MART,4,1,3,2,2
120,24/7 EXPRESS FOOD INC.,5,1,4,3,2
121,"24/7 EXPRESS MART, INC.",7,1,6,2,5
122,240 CAFE & LOUNGE,3,1,2,2,1
123,24379,3,2,1,1,2
124,2451 MART,2,0,2,1,1
125,24HR MINI MART & CELLAR FOR YOU,2,0,2,2,0
126,25 DEGREES,14,4,10,8,6
127,260 SPORTS BAR,6,4,2,3,3
128,"26TH CONVENIENT STORE, INC",2,1,1,1,1
129,26TH STREET SUGAR SHACK,8,4,4,5,3
130,"2715 WEST MADISON, LLC",3,1,2,2,1
131,290 EXPRESS INC,2,1,1,1,1
132,290 FOOD MART,2,0,2,2,0
133,2934 W DIVERSEY LLC,9,1,8,9,0
134,2960 BEVERAGE CORPORATION,7,2,5,4,3
135,2AM IZAKAYA,6,3,3,3,3
136,2D RESTAURANT,4,1,3,2,2
137,2H CAFE BAR,3,3,0,1,2
138,3 ABEJAS,13,5,8,7,6
139,"3 BROTHERS FOOD MART, INC.",2,0,2,1,1
140,3 GREENS MARKET,7,2,5,4,3
141,3 JJJ'S BETTER TASTE JAMAICAN JERK RESTAURANT,21,8,13,13,8
142,3 KING'S JERK & GOURMET EGG ROLLS LLC,6,0,6,4,2
143,3 KINGS JERK & SOUL LLC,2,2,0,0,2
144,"3 M RESTAURANT, INC.",6,1,5,4,2
145,3 R'S ORIENTAL FOOD MART,3,0,3,3,0
146,3 SAUCES,3,2,1,1,2
147,3 SMOKIN' SISTERS,2,0,2,1,1
148,3 SQUARES,7,3,4,5,2
149,300 CONCESSION SHOP INC.,2,0,2,1,1
150,300 CONVENIENCE,5,4,1,2,3
151,"31 FOOD & DOLLAR, INC.",2,1,1,1,1
152,312 BEER GARDEN,3,0,3,3,0
153,312 CHICAGO,17,8,9,7,10
154,312 CHICAGO STYLE FOOD,3,0,3,2,1
155,312 Chicago,7,3,4,3,4
156,312 FISH MARKET,3,0,3,2,1
157,31ST FOOD MART,2,1,1,1,1
158,33 CLUB,3,0,3,1,2
159,333 S WABASH,2,0,2,2,0
160,3400 FOOD & LIQUOR,3,2,1,1,2
161,3517 N. SPAULDING AVE. CHI LLC,6,1,5,3,3
162,"35TH & ASHLAND OIL, INC.",2,2,0,1,1
163,35TH STREET INC.,5,0,5,5,0
164,35TH STREET REDHOTS,10,6,4,4,6
165,360 CHICAGO,10,2,8,6,4
166,3600 COMMISSARY,6,5,1,2,4
167,3639 LLC,6,1,5,4,2
168,365 FOODMART CORPORATION,2,1,1,1,1
169,365 SUPERMARKET INC,2,1,1,1,1
170,3658 FIT DANCE,6,3,3,5,1
171,"3756-58 W. NORTH, INC.",2,2,0,1,1
172,38 LITTLE ANGELS HOME DAYCARE,16,8,8,5,11
173,3811 PIRAMID INC,12,8,4,7,5
174,"3976 N ELSTON, INC.",3,2,1,1,2
175,3GS BBQ RESTAURANT,5,0,5,3,2
176,3JJJ'S BETTER TASTE JAMAICAN JERK RESTAURANT,12,6,6,5,7
177,3RD BASE STEAK AND HOAGIES LLC,2,0,2,1,1
178,4 & 1 CANDY STORE,2,0,2,1,1
179,4 - CAMINOS,4,2,2,2,2
180,4 BANDERAS,3,0,3,3,0
181,4 BROTHERS DISCOUNT STORE,2,0,2,1,1
182,4 Brothers Food Mart Corp.,4,2,2,2,2
183,4 CAMINOS RESTAURANT INC.,3,2,1,3,0
184,"4 EVER YOUNG DAY CARE,INC.",16,6,10,6,10
185,4 GUYS SHOP,2,0,2,1,1
186,4 HERMANOS,14,6,8,5,9
187,4 HERMANOS TOO,21,5,16,7,14
188,4 SEASONS,9,2,7,6,3
189,4 SUYOS,11,3,8,8,3
190,"4 YOLKS,INC",23,9,14,7,16
191,404 WINE BAR,5,1,4,4,1
192,40s TF HEALTHY MEDITERRANEAN CUISINE,3,0,3,2,1
193,418 FAMILY CHILDCARE CENTER,6,3,3,3,3
194,42 N LATITUDE,11,4,7,5,6
195,42 grams,9,4,5,3,6
196,4301 ALLSTYLE BUFFET,5,1,4,5,0
197,4319 CITGO INC.,3,0,3,2,1
198,4343 PETES FRESH MARKET,17,6,11,8,9
199,437 RUSH,12,6,6,6,6
200,43RD DAN RYAN CITGO,4,1,3,1,3
201,43RD FOOD & MORE,4,1,3,2,2
202,"4401 FOOD & FUEL, INC.",2,0,2,1,1
203,44TH WHOLESALE & RETAIL,2,0,2,1,1
204,"45TH & CICERO, INC.",2,1,1,2,0
205,45TH FOOD MART,3,0,3,3,0
206,47 MINI MART,7,0,7,4,3
207,4700 PETE'S FRESH MARKET,24,9,15,8,16
208,4744 CORP,4,3,1,1,3
209,47TH &  DAMEN MARTHON,2,1,1,1,1
210,47TH & CALIFORNIA SHELL,2,1,1,1,1
211,47TH CALIFORNIA SHELL,2,0,2,1,1
212,47TH FOOD & TOBACCO,6,1,5,5,1
213,"47TH GROCERY,INC",3,1,2,2,1
214,47TH ST CANTINA,2,0,2,2,0
215,"4884 S ARCHER INC,.",4,0,4,2,2
216,4JS,2,1,1,1,1
217,4LW CAFE,3,2,1,2,1
218,5 BOROUGHS PIZZA & SUBS,11,5,6,5,6
219,5 BROTHERS MARKET,2,0,2,1,1
220,5 Boroughs Pizza Company,4,2,2,3,1
221,"5 GUYS MARKET, INC.",4,1,3,4,0
222,5 PEA'S IN A POD LEARNING ACADEMY LLC.,14,4,10,7,7
223,"5 RABANITOS, INC",15,3,12,8,7
224,5 STAR CHICKEN & FISH,18,8,10,3,15
225,5 STAR CHILDCARE DEVELOPMENT CENTER INC.,8,5,3,4,4
226,"5 STAR GRILL, INC.",3,1,2,2,1
227,5 STAR INDIA,5,2,3,4,1
228,5 STARS FOOD & TOBACCO INC.,2,0,2,1,1
229,5 STARS MINI MART INC,10,2,8,7,3
230,"5 STARS STEAK, FISH & CHICKEN, INC",2,1,1,1,1
231,50 50 GROCERY AND BEAUTY ON MADISON,2,1,1,1,1
232,50 YARD LINE,3,3,0,2,1
233,"50/50 FOOD MART, INC.",5,2,3,3,2
234,"50/50 GROCERY & BEAUTY, INC.",8,2,6,6,2
235,500 DEGREE PIZZERIA,3,1,2,2,1
236,5077 KIKO MEAT MARKET,22,8,14,12,10
237,51ST QUICK MART & CELLULAR,8,4,4,7,1
238,53RD CORNER MART,4,1,3,3,1
239,"53RD FOOD MART, INC",7,4,3,3,4
240,53RD STREET BICYCLE CENTER,3,2,1,2,1
241,53RD STREET MINI MART,6,2,4,4,2
242,54 FOOD & LIQUOR,6,3,3,2,4
243,54 IN & OUT,2,0,2,2,0
244,540 CAFE,12,2,10,7,5
245,5411 EMPANADAS,59,26,33,26,33
246,55TH & DAN RYAN SHELL,2,0,2,2,0
247,55TH GAS STATION,3,2,1,2,1
248,55TH GAS STATION INC.,3,1,2,2,1
249,55TH MAXWELL,13,7,6,9,4
250,55TH SHELL MART,2,1,1,1,1
251,55TH ST HAROLD'S & FRESH LEMONADE,11,4,7,7,4
252,56TH STREET HAROLD'S GRILL AND WAFFLES,5,3,2,3,2
253,57 RIB HOUSE,17,7,10,7,10
254,5747 FOOD AND DELI,2,1,1,1,1
255,57TH FOOD MART,2,1,1,1,1
256,5826 DIVISION FOOD,2,1,1,1,1
257,"59TH FISH & CHICKEN, INC.",5,2,3,4,1
258,59TH QUICK SHOP INC,7,1,6,6,1
259,59TH STREET FOOD MART,6,2,4,3,3
260,59TH STREET MARKET,3,0,3,2,1
261,5G EATERY INC LLC,7,2,5,3,4
262,6 CORNERS,4,0,4,4,0
263,6 DEGREES,23,6,17,14,9
264,6 FIVE CHINESE RESTAURANT,10,2,8,7,3
265,600 Michigan,7,3,4,3,4
266,600 N LAKESHORE DRIVEMART,3,1,2,1,2
267,606 CAFE/BAR,9,4,5,6,3
268,61 ST FOOD MART INC.,2,2,0,1,1
269,"611 S WELLS,  LLC",2,0,2,2,0
270,623 WABASH,5,3,2,3,2
271,623 Wabash,6,1,5,5,1
272,63 BAR & GRILL,17,4,13,10,7
273,63RD & MOZART FOOD MART INC.,2,1,1,1,1
274,63RD AND DREXEL MOBIL,9,4,5,3,6
275,63RD DISCOUNT,3,1,2,2,1
276,63RD FOOD & LIQUOR,4,1,3,2,2
277,63RD FOOD & MORE INC.,2,0,2,2,0
278,63RD FOOD MART,3,1,2,2,1
279,"63RD FOOD MART, INC",4,2,2,4,0
280,"63RD FOODS MART #1, INC.",2,1,1,1,1
281,"63RD FOODS MART #2, INC.",5,1,4,2,3
282,63RD FRIED RICE,5,1,4,4,1
283,63RD QUICK STOP,10,2,8,7,3
284,63rd GROCERY,3,0,3,2,1
285,65 ASIAN KITCHKEN,7,4,3,2,5
286,65 EXPRESS,8,3,5,5,3
287,65 POKE,7,2,5,5,2
288,65TH FOODS CORP,2,0,2,1,1
289,666 FOOD MART INC.,5,2,3,4,1
290,66TH ST MARKET,3,0,3,3,0
291,67 SEAFOOD MARKET,4,2,2,2,2
292,67TH CITGO,4,0,4,3,1
293,67TH FOOD MART,6,2,4,4,2
294,67TH MATATHON INC.,3,2,1,2,1
295,"67TH ONE STOP FOOD & LIQUOR, INC.",20,6,14,11,9
296,67TH QUICK MART,2,0,2,2,0
297,"67TH ST MARKET, INC.",2,1,1,2,0
298,67TH WENTWORTH SHELL,4,1,3,3,1
299,69 FOOD MART INC,2,1,1,1,1
300,69 LOOMIS FOOD MARKET,7,3,4,4,3
301,694 WINE & SPIRITS,4,0,4,3,1
302,6978 SOUL FOOD,26,9,17,16,10
303,"69TH HALSTED FOOD MART, INC.",3,1,2,2,1
304,69th Grocery Store,6,0,6,4,2
305,7 -  ELEVEN  #33526,14,5,9,6,8
306,7 - ELEVEN,62,23,39,30,32
307,7 - ELEVEN # 33582,2,0,2,2,0
308,7 -ELEVEN #33841,4,1,3,2,2
309,7 DAYS FOOD MART,6,2,4,3,3
310,"7 DAYS OF CHICAGO, INC.",4,1,3,2,2
311,7 DAYS RESTAURANT,6,1,5,4,2
312,7 ELEVEN,29,10,19,13,16
313,7 ELEVEN # 30099M,5,2,3,3,2
314,7 ELEVEN # 33727A,21,10,11,7,14
315,7 ELEVEN # 36881A,5,3,2,0,5
316,7 ELEVEN #27421J,8,3,5,5,3
317,7 ELEVEN #29150E,12,8,4,4,8
318,7 ELEVEN #29726J,5,3,2,3,2
319,7 ELEVEN #33067H,5,3,2,2,3
320,7 ELEVEN #33508,4,1,3,2,2
321,7 ELEVEN #33582B,18,6,12,9,9
322,7 ELEVEN #33591J,3,0,3,1,2
323,7 ELEVEN #33726A,19,9,10,5,14
324,7 ELEVEN #33729A,20,9,11,11,9
325,7 ELEVEN #33809J,6,2,4,3,3
326,7 ELEVEN #33843,9,2,7,5,4
327,7 ELEVEN #33854B,10,2,8,5,5
328,7 ELEVEN #33875H,3,2,1,1,2
329,7 ELEVEN #34133A,22,8,14,12,10
330,7 ELEVEN #34724A,3,2,1,1,2
331,7 ELEVEN #34724J,5,2,3,2,3
332,7 ELEVEN #3489104,19,10,9,7,12
333,7 ELEVEN #35015H,10,1,9,7,3
334,7 ELEVEN #35504A,15,5,10,7,8
335,7 ELEVEN #35632,5,3,2,2,3
336,7 ELEVEN #35632A,8,4,4,3,5
337,7 ELEVEN #35750H,12,3,9,8,4
338,7 ELEVEN #35978H,5,2,3,3,2
339,7 ELEVEN #36033A,12,5,7,4,8
340,7 ELEVEN #36793 A,13,7,6,8,5
341,7 ELEVEN 33591H,7,2,5,3,4
342,7 Eleven #33734H,7,3,4,5,2
343,7 Eleven #33956 J,4,1,3,1,3
344,7 LIONS BAR AND CELLAR,14,7,7,9,5
345,"7 MARES, INC.",5,1,4,4,1
346,7 PLATES CAFE,6,1,5,5,1
347,7 SEAS DOLLAR & FOOD,2,0,2,1,1
348,7 SEAS FOOD & DELI INC.,5,2,3,4,1
349,7 SEAS FOOD & MEAT MART,23,10,13,15,8
350,"7 SEAS FOOD & MEAT MART, INC",2,1,1,1,1
351,"7 SEAS SUPERMARKET,INC.",4,0,4,3,1
352,7 STARS FOOD & TOBACCO INC.,2,1,1,1,1
353,7- ELEVEN,58,24,34,23,35
354,7- ELEVEN #33509J,3,1,2,1,2
355,7- ELEVEN #33734J,4,2,2,1,3
356,7-11 34724 B,9,7,2,3,6
357,7-11-21 FOOD MART INC,3,0,3,2,1
358,7-ELEVEN,532,197,335,250,282
359,7-ELEVEN # 25341C,2,1,1,0,2
360,7-ELEVEN # 30099C,11,3,8,5,6
361,7-ELEVEN # 32934E,5,1,4,1,4
362,7-ELEVEN # 33591C,11,5,6,7,4
363,7-ELEVEN # 33723B,15,6,9,7,8
364,7-ELEVEN # 33731,13,6,7,5,8
365,7-ELEVEN # 33809C,12,5,7,5,7
366,7-ELEVEN # 37622A,5,1,4,3,2
367,7-ELEVEN #13314 F,5,4,1,2,3
368,7-ELEVEN #13542L,7,2,5,4,3
369,7-ELEVEN #15149K,11,3,8,9,2
370,7-ELEVEN #16689G,5,1,4,2,3
371,7-ELEVEN #16809,14,7,7,5,9
372,7-ELEVEN #18473,9,4,5,3,6
373,7-ELEVEN #18473E,5,2,3,2,3
374,7-ELEVEN #18473K,2,1,1,1,1
375,7-ELEVEN #20187,8,3,5,4,4
376,7-ELEVEN #24329,2,0,2,2,0
377,7-ELEVEN #24606,10,4,6,5,5
378,7-ELEVEN #25431,14,4,10,5,9
379,7-ELEVEN #26210J,9,5,4,6,3
380,7-ELEVEN #26825,10,5,5,3,7
381,7-ELEVEN #26878 F,6,2,4,2,4
382,7-ELEVEN #27421 C,11,4,7,5,6
383,7-ELEVEN #29098F,4,2,2,2,2
384,7-ELEVEN #29150F,3,2,1,3,0
385,7-ELEVEN #2915OH,4,1,3,2,2
386,7-ELEVEN #29168,16,7,9,6,10
387,7-ELEVEN #29168B,4,1,3,2,2
388,7-ELEVEN #29726G,12,5,7,7,5
389,7-ELEVEN #30105F,6,2,4,2,4
390,7-ELEVEN #32261D,2,2,0,0,2
391,7-ELEVEN #32885H,3,0,3,3,0
392,7-ELEVEN #32889B,28,8,20,17,11
393,7-ELEVEN #32930B,4,2,2,1,3
394,7-ELEVEN #33067 C,8,4,4,6,2
395,7-ELEVEN #33328C,10,1,9,7,3
396,7-ELEVEN #333921H,3,1,2,3,0
397,7-ELEVEN #33483J,2,1,1,1,1
398,7-ELEVEN #33496C,10,2,8,6,4
399,7-ELEVEN #33496H,5,2,3,3,2
400,7-ELEVEN #33508C,12,5,7,5,7
401,7-ELEVEN #33508D,4,2,2,2,2
402,7-ELEVEN #33508J,5,2,3,2,3
403,7-ELEVEN #33511C,15,5,10,5,10
404,7-ELEVEN #33583,3,1,2,2,1
405,7-ELEVEN #33606H,2,0,2,1,1
406,7-ELEVEN #33698J,2,1,1,1,1
407,7-ELEVEN #33705,5,1,4,3,2
408,7-ELEVEN #33705B,20,7,13,13,7
409,7-ELEVEN #33705K,3,1,2,2,1
410,7-ELEVEN #33725,15,7,8,3,12
411,7-ELEVEN #337288,13,5,8,5,8
412,7-ELEVEN #33731J,5,2,3,5,0
413,7-ELEVEN #33732A,13,6,7,3,10
414,7-ELEVEN #33732J,2,2,0,1,1
415,7-ELEVEN #33734 B,11,4,7,4,7
416,7-ELEVEN #33758 C,6,4,2,2,4
417,7-ELEVEN #33763B,12,4,8,5,7
418,7-ELEVEN #33768H,6,3,3,3,3
419,7-ELEVEN #33779,6,4,2,2,4
420,7-ELEVEN #33779B,6,2,4,3,3
421,7-ELEVEN #33809D,3,1,2,1,2
422,7-ELEVEN #33809K,3,0,3,2,1
423,7-ELEVEN #33835 C,3,2,1,1,2
424,7-ELEVEN #33835B,5,2,3,2,3
425,7-ELEVEN #33835H,4,1,3,2,2
426,7-ELEVEN #33841 B,3,0,3,2,1
427,7-ELEVEN #33856 B,3,0,3,3,0
428,7-ELEVEN #33856B,9,3,6,7,2
429,7-ELEVEN #33875B,9,1,8,5,4
430,7-ELEVEN #33908A,9,4,5,5,4
431,7-ELEVEN #33912B,4,1,3,2,2
432,7-ELEVEN #33920A,11,4,7,4,7
433,7-ELEVEN #33920H,7,1,6,6,1
434,7-ELEVEN #33921B,21,8,13,16,5
435,7-ELEVEN #33956A,7,4,3,2,5
436,7-ELEVEN #34724,7,3,4,4,3
437,7-ELEVEN #34724K,9,1,8,4,5
438,7-ELEVEN #35504,3,1,2,2,1
439,7-ELEVEN #35632B,4,0,4,4,0
440,7-ELEVEN #35750A,4,1,3,2,2
441,7-ELEVEN #35978A,9,4,5,4,5
442,7-ELEVEN #36061 A,8,3,5,3,5
443,7-ELEVEN #36061 H,4,2,2,2,2
444,7-ELEVEN #36106 B,8,2,6,6,2
445,7-ELEVEN #36106 H,5,2,3,2,3
446,7-ELEVEN #36106A,6,1,5,4,2
447,7-ELEVEN #36718A,5,1,4,3,2
448,7-ELEVEN #36718B,6,2,4,4,2
449,7-ELEVEN #36718H,3,1,2,1,2
450,7-ELEVEN #36793B,4,2,2,2,2
451,7-ELEVEN #36881J,2,1,1,0,2
452,7-ELEVEN #37152 A,10,5,5,5,5
453,7-ELEVEN #37622B,4,1,3,2,2
454,7-ELEVEN #37759 A,6,3,3,3,3
455,7-ELEVEN #38046A,7,3,4,4,3
456,7-ELEVEN #38183 H,4,3,1,4,0
457,7-ELEVEN #38183A,3,1,2,1,2
458,7-ELEVEN #38183B,4,2,2,3,1
459,7-ELEVEN #38484 A,5,0,5,3,2
460,7-ELEVEN #38544H,6,2,4,5,1
461,7-ELEVEN #38585H,5,2,3,4,1
462,7-ELEVEN #38861H,2,0,2,1,1
463,7-ELEVEN #38948H,6,0,6,5,1
464,7-ELEVEN #39913A,3,1,2,3,0
465,7-ELEVEN #41810A,2,1,1,1,1
466,7-ELEVEN #41961H,4,1,3,3,1
467,7-ELEVEN 29530D,7,3,4,4,3
468,7-ELEVEN 33139,6,3,3,2,4
469,7-ELEVEN 33609,10,4,6,5,5
470,7-ELEVEN 37760A,5,0,5,3,2
471,7-ELEVEN DOMY CORP,11,6,5,5,6
472,7-ELEVEN FOOD STORE,15,7,8,8,7
473,"7-ELEVEN,INC.",4,1,3,2,2
474,7-Eleven,81,34,47,46,35
475,7-Eleven #240606B,2,1,1,0,2
476,7-Eleven #34133B,4,1,3,2,2
477,7-Eleven #41810H,6,4,2,4,2
478,7-eleven #33809J,6,1,5,3,3
479,70 EATS,3,1,2,1,2
480,71 CHOP SUEY,13,5,8,11,2
481,71 FOOD WHOLESALE,5,3,2,3,2
482,"71ST & PARNELL MARKET, INC.",4,1,3,2,2
483,71ST ASHLAND - B P,2,0,2,2,0
484,"71ST CANDY WAREHOUSE, INC.",3,1,2,2,1
485,71ST DISCOUNT STORE,5,1,4,5,0
486,71ST FAMILY MART PLUS,2,1,1,1,1
487,71ST FOOD MART INC.,3,0,3,2,1
488,71ST GROCERY INC.,5,3,2,3,2
489,71ST MEAT MARKET,16,7,9,10,6
490,72ST SHELL,5,0,5,4,1
491,734 FUEL AND FOOD INC,3,0,3,2,1
492,73RD MORGAN FOOD MART,2,1,1,1,1
493,"7400 S HALSTED FOOD AND LIQUORS, INC.",26,11,15,6,20
494,7447 PANTRY,3,0,3,2,1
495,747 FOOD & DELI,2,1,1,1,1
496,75 STEAK AND HOAGIES INC,5,0,5,4,1
497,75TH & STATE SHELL,2,1,1,2,0
498,"75TH FOOD & MEAT MART, INC",5,2,3,4,1
499,75TH STATE SHELL,2,0,2,1,1
500,"76 ENTERPRISES, INC.",5,0,5,4,1
501,"7600 FOOD MART, INC.",2,1,1,1,1
502,"76TH DISCOUNT STORE, INC.",4,0,4,2,2
503,"77 FOOD, INC.",3,2,1,1,2
504,77 W WACKER DR HOSPITALITY LLC,5,0,5,1,4
505,7700 CITGO KEDZIE,3,1,2,3,0
506,77TH STREET FOOD MART,5,2,3,3,2
507,79 FOOD BASKET,15,6,9,9,6
508,"7900 FOOD & FUEL, INC",3,0,3,2,1
509,79TH & KING FUEL MART INC,5,1,4,5,0
510,79TH BBQ,11,3,8,7,4
511,79TH BP,4,2,2,3,1
512,79TH FRESH FOOD & MEAT MARKET,5,4,1,2,3
513,79TH KINGSTONE FOOD MART,11,4,7,5,6
514,79TH MARKET,6,3,3,3,3
515,79TH MINI MART,2,2,0,1,1
516,79TH SHELL FOOD MART,8,2,6,5,3
517,79TH ST MINI MART,3,0,3,2,1
518,79TH STATE SHELL,3,1,2,3,0
519,79TH STREET BARBECUE,6,4,2,5,1
520,79TH STREET BARBEQUE,13,3,10,8,5
521,79TH STREET DAY CARE,20,13,7,5,15
522,79TH STREET FISH & CHICKEN,5,0,5,5,0
523,79th & RHODES PRODUCE INC.,3,2,1,2,1
524,79th VINCENNES DELI AND MARKET,10,2,8,7,3
525,7GREENS,3,0,3,2,1
526,7TH FLOOR SKY LOBBY,5,2,3,3,2
527,8 BROTHERS WIRELESS & MINI MART,2,0,2,1,1
528,8 CHOPSTIX WOK,2,1,1,1,1
529,8 EIGHTY EIGHT,3,1,2,2,1
530,80  ARMANETTI LIQOURS,6,2,4,3,3
531,80 PROOF,7,1,6,4,3
532,808 FOOD MART INC.,2,1,1,1,1
533,81ST AND RACINE CITGO INC.,13,3,10,8,5
534,82 DISCOUNT MART,5,1,4,4,1
535,82ND DISCOUNT STORE,7,2,5,5,2
536,83RD & STATE SHELL,3,1,2,2,1
537,83RD ONE STOP,2,1,1,0,2
538,83RD STATE SHELL,4,3,1,3,1
539,83RD STREET FOOD MART,5,2,3,4,1
540,83RD STREET GROCERY,4,2,2,1,3
541,87TH DISCOUNT,2,1,1,1,1
542,87TH DISCOUNT & FOOD MART,4,1,3,2,2
543,87TH FISH CORP.,11,4,7,6,5
544,87TH FOOD & LIQUOR,2,0,2,2,0
545,87TH STREET JERK,9,4,5,6,3
546,87TH STREET JERK & SEAFOOD MARKET,7,0,7,5,2
547,88 MARKETPLACE,10,5,5,5,5
548,88EGGS,4,0,4,2,2
549,"8900 FOOD & LIQUOR, INC.",3,0,3,3,0
550,9 MUSES BAR & GRILL,19,6,13,5,14
551,90 MILES CUBAN CAFE,32,12,20,16,16
552,"90 MILES CUBAN CAFE, INC.",19,7,12,9,10
553,90TH MERIDIAN,6,3,3,1,5
554,91st South Chicago Apts.,16,9,7,5,11
555,93RD STREET FOOD MARKET,2,1,1,1,1
556,"9444 S LAFAYETTE, INC",2,2,0,0,2
557,95TH CITGO,4,1,3,3,1
558,95TH DISCOUNT,2,2,0,1,1
559,95TH DISCOUNT STORE,2,1,1,1,1
560,95TH MARKET,5,4,1,3,2
561,95TH MARKET STORE,2,1,1,1,1
562,95TH WOODLAWN FOOD MARKET,2,1,1,1,1
563,95th DISCOUNT MARKET,2,0,2,1,1
564,99 C + FOOD,3,1,2,1,2
565,@SPOT CAFE,3,0,3,3,0
566,A & A CANDY,2,1,1,1,1
567,A & A SOUTH FOOD MART,6,1,5,4,2
568,A & B CONVENIENCE,5,3,2,2,3
569,A & B FOOD MARKET INC,4,3,1,1,3
570,A & C DISTRIBUTORS,3,1,2,1,2
571,A & C FAST FOOD,6,3,3,3,3
572,A & D FOOD MARKET INC,6,2,4,3,3
573,"A & D LIVE CHICKEN POULTRY, INC",12,4,8,6,6
574,"A & G FRESH MARKET, INC",17,9,8,7,10
575,A & G GROCERY & DELI INC.,2,1,1,1,1
576,A & G LIQUORS,5,2,3,0,5
577,"A & H TOWN,INC",4,1,3,3,1
578,A & J FOOD MARKET INCORPORATED,23,10,13,9,14
579,A & J KRAZY KITCHEN,6,2,4,5,1
580,A & J MEAT MARKET INC.,3,0,3,2,1
581,A & JJ CONVENIENCE STORE INC.,3,1,2,2,1
582,A & K B P,3,1,2,1,2
583,A & K PRESTIGE FOOD & LIQUOR,2,1,1,0,2
584,"A & L GROCER, INC.",3,1,2,1,2
585,"A & L SUPERMARKET, INC.",5,2,3,3,2
586,A & M DOLLAR STORE,2,0,2,2,0
587,A & M FOOD,2,1,1,1,1
588,A & M LLC,2,0,2,1,1
589,A & N FOOD & DOLLAR,8,1,7,6,2
590,"A & N FOOD & DOLLAR PLUS,",4,1,3,2,2
591,"A & N FOOD MART, INC.",8,3,5,5,3
592,A & N GROCERIES,3,1,2,2,1
593,A & R  FOOD MARKET,4,1,3,2,2
594,A & R FOOD INC.,4,1,3,3,1
595,A & R PUBLIC CLOSEOUT,2,0,2,2,0
596,A & S BEVERAGES,2,1,1,1,1
597,A & S BEVERAGES WINE SPIRITS 3,4,3,1,2,2
598,A & S FOOD,7,0,7,6,1
599,"A & S FOOD MART # 1,INC",4,2,2,2,2
600,A & S FOOD STORE,3,2,1,2,1
601,A & T GRILL,6,1,5,3,3
602,A & V SNACK AND DELI,2,2,0,1,1
603,A & W / LONG JOHN SILVERS,2,1,1,1,1
604,A & W DOLLAR PLUS,4,1,3,3,1
605,A & W/Long John Silver's,2,0,2,2,0
606,"A 87 CAFE AND RESTAURANT,CORP",5,2,3,4,1
607,A AND C VARIETY LLC,2,1,1,1,1
608,"A B C & ME DAYCARE CENTER, INC.",8,2,6,4,4
609,A B C ACADEMY INC.,2,2,0,0,2
610,A B C HEADSTART,12,4,8,5,7
611,A B DISCOUNT WINE & LIQUOR,2,2,0,1,1
612,A BAKER'S TALE,4,2,2,1,3
613,A BEAUTIFUL RIND,13,2,11,7,6
614,A BITE OF SZECHUAN,3,2,1,2,1
615,A BOY NAMED JUDAH LLC,8,2,6,6,2
616,A CARING WORLD INC,7,5,2,1,6
617,A CHILD'S PLACE ACADEMY,10,5,5,2,8
618,A CHILD'S PLACE ACADEMY 2,5,0,5,2,3
619,"A CHILD'S SPACE EARLY LITERACY AND LEARNING CENTER, INC.",17,12,5,4,13
620,A CHILD'S WORLD EARLY LEARNING,14,6,8,6,8
621,A CHILD'S WORLD EARLY LEARNING CENTER,15,7,8,7,8
622,A CONCOURSE,5,2,3,2,3
623,A CUP OF JOE INC.,7,3,4,3,4
624,A H FOODMART,2,0,2,1,1
625,A HAVEN FOR LITTLE ONES 2 CHILDREN LEARNING CENTER,10,1,9,4,6
626,A J FOOD & LIQUOR INC.,5,0,5,2,3
627,A JUST HARVEST,16,10,6,5,11
628,A KARRASEL CHILD CARE CENTER,5,1,4,2,3
629,A KARRASEL CHILD CARE CENTERS,15,7,8,7,8
630,"A KARRASEL NURSERY SCHOOL AND KINDERGARTEN, INC.",15,9,6,3,12
631,A LA COUCH,5,3,2,4,1
632,A LIL SOMTHING HOT,3,1,2,2,1
633,A LIL-ROC&RO INC,4,0,4,3,1
634,A LITTLE GENIUS ACADEMY,2,1,1,2,0
635,A LOT TO SAVE FOOD,9,3,6,5,4
636,A MANO,3,0,3,2,1
637,A MIDWEST KITCHEN,13,8,5,2,11
638,A MOTHER'S TOUCH DAYCARE,8,3,5,1,7
639,"A N S FOOD, INC",2,1,1,1,1
640,A NATURAL HARVEST HEALTH FOOD STORE,3,0,3,2,1
641,A NEW LEAF,8,5,3,3,5
642,A ONE FOOD AND BEAUTY SUPPLIES,3,2,1,2,1
643,A ONE GYROS,5,3,2,2,3
644,A P DELI,20,8,12,10,10
645,A PIECE OF CAKE BAKERY INC,3,2,1,2,1
646,"A PIECE OF CAKE BAKERY, INC.",9,4,5,6,3
647,A PLACE BY DAMAO,4,1,3,2,2
648,A PLATE ON SOUTHPORT,8,4,4,2,6
649,A PLUS MINI MART,5,1,4,4,1
650,A SAFE HAVEN FOUNDATION,10,4,6,2,8
651,A STEP AHEAD LEARNING CENTER,33,12,21,18,15
652,"A SWEET SPOT, INC.",4,2,2,2,2
653,A SWEETS GIRL LLC,8,5,3,1,7
654,A TASTE OF HEAVEN,24,9,15,11,13
655,A TASTE OF NANJING,4,0,4,3,1
656,A TASTE OF THE PHILIPPINES,6,0,6,6,0
657,A TAVOLA,25,5,20,17,8
658,A TEAM SERVICES,3,1,2,2,1
659,A TO Z FOOD MART,4,2,2,2,2
660,A TO Z FRESH FOOD INC.,2,1,1,1,1
661,A TO Z THINGS,5,2,3,4,1
662,A TO Z WHOLESALE GROCERY & TOBACCO,3,1,2,1,2
663,A V ANTHONY'S,16,4,12,6,10
664,A V S FOOD MART,2,1,1,1,1
665,"A WHIZZ KIDS PRESCHOOL, INC #2",8,3,5,3,5
666,"A WHIZZ KIDS PRESCHOOL,INC #2",4,2,2,1,3
667,A&J FOOD MART,4,0,4,3,1
668,"A&K FOOD MARKET, INC.",3,0,3,3,0
669,A&S BEVERAGE,2,0,2,2,0
670,A&T PANCAKE HOUSE,19,4,15,10,9
671,"A' LA CARTE FOOD, INC",3,1,2,1,2
672,A'S RESTAURANT &  PANCAKE HOUSE,18,9,9,5,13
673,"A'VIANDS, LLC AT NEIU",7,2,5,4,3
674,A+STORE,9,3,6,6,3
675,A-CUPZ,2,0,2,2,0
676,A-ILLINOIS INSTITUTE FOR CHILDREN,17,3,14,9,8
677,"A-KARRASEL GALEWOOD CHILDCARE, LLC",6,2,4,2,4
678,A-MI-THA RESTAURANT,18,9,9,5,13
679,A-MORE,8,3,5,4,4
680,A-ONE,3,1,2,1,2
681,A-Z SALES INC.,15,6,9,6,9
682,A-Z THINGS,2,1,1,1,1
683,A-ZMALL WORLD CHILD DEVELOPMENT CENTER,18,3,15,9,9
684,A. J. HUDSON'S PUBLIC HOUSE,22,4,18,15,7
685,A. P. CONVENIENT,3,1,2,2,1
686,A. P. DELI & GRILL VIII,19,9,10,10,9
687,A.A.A. FOOD AND MINI MART,3,0,3,1,2
688,A.M.S. MEAT MART,2,0,2,2,0
689,"A.N.A., GROCERY, INC",5,1,4,4,1
690,A.N.K. MARKET INC,2,0,2,0,2
691,A.P. DELI & GRILL VIII,2,1,1,1,1
692,A.P. DELI INC. XI,24,8,16,14,10
693,"A.P. DELI RESTAURANT GROUP, INC.",40,10,30,23,17
694,"A.S.O. FOOD MARKET, INC.",9,4,5,4,5
695,A1 FOOD MART,2,0,2,1,1
696,A1 Food Mart,2,1,1,1,1
697,A10,15,9,6,7,8
698,AA MINI MART,2,2,0,1,1
699,AAA  GROCERY STORE,2,0,2,1,1
700,AAA CATERING SERVICES,2,1,1,2,0
701,AAA FOOD MARKET,2,1,1,1,1
702,"AAA FOOD MART, INC.",6,1,5,4,2
703,AAA Food,9,4,5,4,5
704,AAA GROCERY,4,0,4,3,1
705,AAA GROCERY STORE,3,0,3,2,1
706,AAA MAXWELL STREET EXPRESS,3,1,2,1,2
707,AAA WHOLESALE INC,4,2,2,2,2
708,AASHIRVAAD GROCERS,2,0,2,1,1
709,AASJM INC.,4,1,3,2,2
710,AB FOOD AND LIQUOR,8,5,3,5,3
711,ABA/ THE DALCY,8,3,5,2,6
712,ABACUS 1,5,0,5,4,1
713,ABARROTES EL JINETE,3,2,1,1,2
714,ABBASSI FOOD & LIQUOR INC,3,1,2,2,1
715,ABBEY PUB,16,8,8,10,6
716,ABBOTT  PARK GOLDEN DINER,14,4,10,3,11
717,ABC  ACADEMY INC,10,8,2,2,8
718,"ABC & ME TODDLER CENTER,INC",4,2,2,1,3
719,ABC AND ME,4,2,2,1,3
720,ABC AND ME DAYCARE,2,0,2,0,2
721,ABC CHOICE,3,2,1,2,1
722,ABC CHOICE BODEGA,2,0,2,2,0
723,ABC DAYCARE & PRESCHOOL,5,3,2,4,1
724,ABC DOLLAR PLUS,2,1,1,1,1
725,ABC LEARNING CENTER II,6,4,2,1,5
726,ABC LEARNING CENTER INC.,10,5,5,2,8
727,ABC Learning Tree,3,0,3,1,2
728,"ABC PRESCHOOL, LTD.",14,8,6,1,13
729,ABCD ACADEMY FOR CHILDREN INC,9,6,3,1,8
730,ABE'S AND TOMMIE'S CARRYOUT,17,4,13,11,6
731,ABE'S IN & OUT,4,3,1,1,3
732,"ABE'S SUPER DOG, INC.",2,0,2,1,1
733,ABEL BRAMBLA,2,1,1,1,1
734,ABERDEEN,8,3,5,3,5
735,ABERDEEN FOOD STORE,2,2,0,1,1
736,ABES MARKET,5,2,3,3,2
737,ABH FOOD & LIQUOR INC,3,1,2,2,1
738,ABHIRUCHI,6,1,5,4,2
739,ABIGAIL'S ICE CREAM,3,1,2,1,2
740,ABIHA FISH & CHICKEN SUB,3,2,1,2,1
741,"ABIQUIU CAFE, INC",5,2,3,2,3
742,"ABIQUIU CAFE,INC",2,1,1,2,0
743,ABM SUPERMARKET INC.,2,1,1,1,1
744,ABN AMRO SVCS - MAIN BANK,9,5,4,2,7
745,ABOLLA,4,3,1,2,2
746,ABOOD FOOD MARKET INC.,6,1,5,5,1
747,ABOU ANDRE LLC,4,0,4,2,2
748,ABOUNDANCE OF LOVE DAY CARE,12,3,9,7,5
749,ABRAM GALE,24,8,16,15,9
750,ABS SUPPLIES & CATERING,8,4,4,7,1
751,ABSINTHE CAFE,10,5,5,6,4
752,ABU DAOUD,2,0,2,1,1
753,ABU HALAB,2,1,1,1,1
754,"ABU HASAN GAS & MINI MART, INC.",4,0,4,2,2
755,ABU JENNA INC.,3,1,2,2,1
756,ABUELOS TACOS,2,0,2,1,1
757,ABUNDANCE BAKERY,8,3,5,5,3
758,ABUNDANT RESTAURANT,7,5,2,3,4
759,ABYSSINIA RESTAURANT & FOOD MARKET,5,1,4,3,2
760,"AC FOOD MART PLUS ,INC",4,1,3,2,2
761,AC MARRIOTT CHICAGO DOWNTOWN,2,0,2,1,1
762,ACADEMY FOR GLOBAL CITIZENSHIP CHARTER SCHOOL,2,1,1,1,1
763,ACADEMY FOR GLOBAL CITIZENSHIP SATELLITE,19,5,14,9,10
764,"ACADEMY OF CREATIVE THINKING, INC.",14,6,8,5,9
765,ACADEMY OF ST. BENEDICT,18,11,7,5,13
766,ACADIA RESTAURANT,18,8,10,11,7
767,ACANTO,19,9,10,5,14
768,ACAPULCO ALEGRE,6,2,4,3,3
769,ACAPULCO BAKERY #2 INC.,4,3,1,1,3
770,ACCANTO,8,4,4,5,3
771,ACCENTURE TOWER,5,2,3,2,3
772,ACE BAKERY,13,4,9,5,8
773,ACE BOUNCE,11,5,6,6,5
774,ACE COFFEE BAR,3,0,3,3,0
775,ACE COFFEE BAR INC,3,2,1,1,2
776,ACE COFFEE BAR INC.,15,4,11,10,5
777,"ACE COFFEE BAR, INC",9,1,8,4,5
778,"ACE COFFEE BAR, INC.",9,3,6,4,5
779,ACE FOOD MART,6,0,6,4,2
780,ACE HOTEL CHICAGO,13,4,9,7,6
781,ACE ICRE,2,1,1,1,1
782,ACE ICRE WOOD STREET,9,3,6,3,6
783,ACE PIZZA 2,6,1,5,5,1
784,ACE PLACE,3,0,3,2,1
785,ACE SUSHI @ JEWEL OSCO 33349,2,0,2,2,0
786,ACE SUSHI @POTASH MARKET,4,1,3,2,2
787,ACE Tech,12,6,6,4,8
788,"ACE'S SOUL FOOD CAFE, INC.",16,7,9,9,7
789,ACERO BRIGHTON PARK CAMPUS,8,0,8,3,5
790,ACERO CHARTER CISNEROS SCHOOL,7,6,1,2,5
791,ACERO DE LA CRUZ,7,3,4,3,4
792,ACERO ESMERALDA SANTIAGO CHARTER SCHOOL,6,2,4,0,6
793,ACERO JOVITA IDAR CHARTER SCHOOL,11,5,6,7,4
794,ACERO ROBERTO CLEMENTE ELEMENTARY SCHOOL,9,2,7,4,5
795,ACERO RUFINO TAMAYO,6,2,4,3,3
796,ACERO VICTORIA SOTO HIGH SCHOOL,6,2,4,2,4
797,ACES LIQUOR AND TAP,2,1,1,0,2
798,ACME HOTEL COMPANY/THE BERKSHIRE,22,8,14,10,12
799,ACRE/OMBRA,11,5,6,6,5
800,ACT KIPP CREATE,20,8,12,8,12
801,ACTIVA-TE FITNESS & NUTRITION LLC,2,0,2,1,1
802,ACTIVATE CLUB NUTRICIONAL,3,0,3,2,1
803,ADA FOODS,4,3,1,2,2
804,ADA S MCKINLEY COMMUNITY SERVICES,16,9,7,6,10
805,ADA S MCKINLEY MAGGIE DRUMMON,14,2,12,8,6
806,ADA S McKINLEY,16,5,11,6,10
807,ADA S McKINLEY HIGHLAND CAMPUS,4,1,3,1,3
808,ADA S. MCKINLEY GOLDEN DINER,3,2,1,1,2
809,ADA S. MCKINLEY LAKESIDE ACADEMY,17,6,11,3,14
810,ADA STREET,24,9,15,14,10
811,ADA'S MARKET & DELI,11,4,7,6,5
812,ADALINA,6,1,5,2,4
813,ADAM & ARAM CORPORATION,4,2,2,2,2
814,ADAM CLAYTON POWELL ACADEMY,16,7,9,5,11
815,ADAM CLAYTON POWELL ELEMENTARY,2,2,0,1,1
816,ADAM FOOD MART,3,2,1,1,2
817,"ADAM FOOD MART FMX, INC",2,2,0,1,1
818,ADAM FOOD MART MORE,3,0,3,2,1
819,ADAM FOODS MART PLUS,10,5,5,4,6
820,ADAM FOODS MINI MART INC,2,0,2,1,1
821,ADAM'S FISH AND CHICKEN,2,0,2,1,1
822,ADAM'S FOOD & LIQUOR,13,6,7,8,5
823,ADAM'S FOOD MART,3,1,2,2,1
824,"ADAM'S GROCERY, INC",3,2,1,3,0
825,ADAM'S RIBS,2,0,2,1,1
826,"ADAMS FOOD MARKET 22, INC.",6,1,5,4,2
827,ADAMS FOOD MART,19,5,14,12,7
828,"ADAMS MINI MARKET, INC.",4,1,3,2,2
829,ADAS FOOD MARKET INCORPORATED,2,1,1,1,1
830,ADD CHAPTER DESIGN & ART CAFE,5,0,5,4,1
831,ADDA INDIAN CUISINE,6,3,3,2,4
832,ADDI FOOD MART,3,0,3,2,1
833,ADDISON & AUSTIN CITGO,3,2,1,1,2
834,ADDISON & LARAMIE SHELL,5,2,3,3,2
835,"ADDISON FOOD & LIQUOR, INC",3,3,0,1,2
836,ADDISON FOOD MART,4,1,3,3,1
837,ADDISON LIQUORS,2,2,0,0,2
838,ADDISON MART,6,4,2,3,3
839,ADDISON MINI MART & GAS,2,0,2,1,1
840,ADDISON OIL CO,6,1,5,4,2
841,ADDISON STREET CAFE INC,3,0,3,2,1
842,ADDISON SUPERETTE,4,1,3,2,2
843,ADE  DOLLAR PLUS & GROCERY,3,0,3,1,2
844,"ADEN COFFEE & SWEETS, INC.",2,1,1,1,1
845,ADEN POULTRY,23,11,12,10,13
846,ADEN RESTAURANT,3,1,2,2,1
847,ADEN SEA FOOD & MEAT MARKET,3,1,2,2,1
848,ADESSO,2,0,2,2,0
849,ADLER SCHOOL INC,18,10,8,5,13
850,ADMIRAL THEATRE,2,1,1,1,1
851,ADMIRAL'S CLUB,9,4,5,1,8
852,ADOBE GILA,4,0,4,4,0
853,ADOBE GILA'S,9,3,6,6,3
854,ADOBE HAROLD CHICKEN SHACK,2,0,2,1,1
855,ADOBO GRILL,43,20,23,22,21
856,ADOM AFRICAN MARKET,3,0,3,3,0
857,ADRIAN'S FOODS MARKET,4,2,2,2,2
858,ADRIAN'S FOODS MARKET #2 INC.,11,5,6,3,8
859,ADRIAN'S FRESH MARKET #3 INC,3,2,1,1,2
860,ADRIANA COFFEE SHOP,2,1,1,1,1
861,ADRIANNE'S CATERING LLC,3,1,2,1,2
862,ADRIANS FOOD MARKET,17,6,11,4,13
863,ADRIATIC,11,6,5,4,7
864,ADVANCED PETROLEUM,11,3,8,7,4
865,ADVOCATE ILLINOIS MASONIC MEDICAL CENTER,58,23,35,25,33
866,ADVOCATE TRINITY HOSPITAL,28,12,16,9,19
867,AEA FOOD MART,2,1,1,2,0
868,"AFANDINA GROCERY & MEAT MARKET, INC",4,2,2,3,1
869,AFC  SUSHI @DOMINICKS#2775,5,2,3,2,3
870,AFC SUSHI @ CAFE 300,5,2,3,2,3
871,AFC SUSHI @ DOMINICK'S # 1875,7,5,2,2,5
872,AFC SUSHI @ DOMINICK'S #1703,6,4,2,1,5
873,AFC SUSHI @ DOMINICK'S #2153,3,2,1,1,2
874,AFC SUSHI @ DOMINICK'S 2889,5,2,3,1,4
875,AFC SUSHI @ DOMINICK'S 2890,6,2,4,2,4
876,AFC SUSHI @ DOMINICKS #1086,2,1,1,1,1
877,AFC SUSHI @ DOMINICKS 1100,5,0,5,1,4
878,AFC SUSHI @ JEWEL OSCO  #3082,6,4,2,2,4
879,AFC SUSHI @ JEWEL OSCO # 2940,14,7,7,2,12
880,AFC SUSHI @ JEWEL OSCO #2500,10,6,4,3,7
881,AFC SUSHI @ JEWEL OSCO #3224,9,2,7,4,5
882,AFC SUSHI @ JEWEL OSCO #3454,5,1,4,2,3
883,AFC SUSHI @ JEWEL OSCO #3632,14,6,8,3,11
884,AFC SUSHI @ JEWEL OSCO #4500,4,1,3,1,3
885,AFC SUSHI @ JEWEL OSCO#2502,12,4,8,3,9
886,AFC SUSHI @ JEWEL-OSCO #3262,18,11,7,3,15
887,AFC SUSHI @ JEWEL-OSCO #3501,15,4,11,4,11
888,AFC SUSHI @ JEWEL-OSCO #3514,14,8,6,2,12
889,AFC SUSHI @ Jewel Osco #2506,14,5,9,5,9
890,AFC SUSHI @ Jewel Osco #3234,11,3,8,2,9
891,AFC SUSHI @ LURIE CHILDRENS HOSPITAL,8,3,5,3,5
892,AFC SUSHI @ MARSHALL FIELDS,8,0,8,4,4
893,AFC SUSHI @ TONY'S FINER FOODS,12,5,7,4,8
894,AFC SUSHI @ UNIVERSITY CENTER,8,3,5,3,5
895,AFC SUSHI @ WALGREEN'S #15281,8,3,5,2,6
896,AFC SUSHI @ WALGREENS #15065,7,5,2,1,6
897,AFC SUSHI @ WALGREENS #15196,15,7,8,4,11
898,AFC SUSHI @ WALGREENS #15921,12,3,9,6,6
899,AFC SUSHI @ WOMEN'S PRENTICE HOSPITAL,5,2,3,2,3
900,AFC SUSHI @JEWEL-OSCO #3345,23,11,12,4,19
901,AFC SUSHI @JEWEL-OSCO #3455,15,10,5,3,12
902,AFC SUSHI @STRACK & VAN TIL #4,9,3,6,2,7
903,AFC SUSHI@DOMINICK'S #1113,5,2,3,1,4
904,AFC SUSHI@JEWEL OSCO #1210,8,5,3,1,7
905,AFC SUSHI@JEWEL OSCO #3234,2,0,2,2,0
906,AFC SUSHI@JEWEL OSCO #3470,9,6,3,3,6
907,AFC SUSHI@JEWEL-OSCO #3241,16,6,10,4,12
908,AFC SUSHI@JEWEL-OSCO #3368,17,10,7,2,15
909,AFC SUSHI@JEWEL-OSCO #3376,15,5,10,1,14
910,AFC SUSHI@JEWEL-OSCO #3442,16,7,9,6,10
911,AFC SUSHI@JEWEL-OSCO#3454,11,6,5,1,10
912,AFC SUSHI@UNIVERSITY OF CHICAGO,5,5,0,2,3
913,AFC Sushi @ Dominick's # 12,5,3,2,1,4
914,AFC Sushi @ Dominick's #1147,6,4,2,1,5
915,AFC Sushi @ Dominick's #1695,4,1,3,1,3
916,AFC Sushi @ Dominicks # 2984,5,2,3,2,3
917,AFC Sushi @ Jewel Osco # 3538,14,7,7,1,13
918,AFC Sushi @ Jewel Osco #0901,2,0,2,0,2
919,AFC Sushi @ Jewel Osco #3407,14,6,8,5,9
920,AFC Sushi @ Jewel Osco #3443,12,4,8,4,8
921,AFC Sushi @ Jewel Osco #3721,6,3,3,3,3
922,AFC Sushi @ Tony's Finer Foods #1667,9,3,6,5,4
923,AFCSushi@Northwestern Memorial Hospital,6,1,5,5,1
924,AFFINIA CHICAGO,3,3,0,0,3
925,AFGHAN BAMYAN KABOB,5,1,4,4,1
926,AFGHAN KABOB,12,5,7,4,8
927,AFGHAN MARKET,3,0,3,2,1
928,AFGHAN SARAY,6,2,4,4,2
929,AFRACAN FOOD,3,2,1,1,2
930,AFRICAN FOOD PALACE,5,1,4,4,1
931,AFRICAN JERK,3,0,3,2,1
932,AFRICAN SUPERMARKET & LIQUOR,19,3,16,11,8
933,AFRO JERK,2,0,2,2,0
934,AFRO JOE'S COFFEE & TEA,9,2,7,6,3
935,AFSAR PAAN SHOP INC.,3,1,2,2,1
936,AFTER,3,2,1,0,3
937,"AFTER SCHOOL MATTERS,INC",7,5,2,4,3
938,AFTERBAR,3,0,3,0,3
939,AFTERNOON,4,2,2,2,2
940,AFUSION,6,3,3,4,2
941,AGAMI JAPANESE RESTAURANT,27,6,21,14,13
942,AGAPE INTERNATIONAL SERVICES,2,2,0,1,1
943,AGAVE ANTOJERIA INC.,3,0,3,2,1
944,AGEE'S PIZZERIA & GRILL,7,3,4,3,4
945,AGEES PIZZERIA & GRILL,6,3,3,4,2
946,AGLAIA COFFEE AND TEA COMPANY,2,1,1,1,1
947,AGUDATH ISREAL OF ILLINOIS,2,0,2,1,1
948,AGUELA'S RESTAURANT,3,1,2,1,2
949,AH QUICK MART INC,2,1,1,1,1
950,AH SUNG FOODS,2,1,1,1,1
951,AHA CREPE,8,2,6,6,2
952,AHADI EARLY LEARNING CENTER,2,0,2,2,0
953,AHJOOMAH'S APRON CORP.,19,8,11,9,10
954,AHM WIRELESS,3,0,3,2,1
955,AI JAPANESE RESTAURANT,5,3,2,2,3
956,AIDA FOOD & LIQUOR,6,1,5,5,1
957,AIM  FOOD  MART  INC.,3,1,2,2,1
958,AIM FOOD MART,2,1,1,0,2
959,AIN'T SHE SWEET CAFE,8,3,5,2,6
960,AIN'T SHE SWEET CAFE BEVERLY,10,3,7,2,8
961,AINT SHE SWEET CAFE,13,7,6,4,9
962,AIR FORCE ACADEMY,17,6,11,3,14
963,AIR FRANCE,8,4,4,4,4
964,AJ FOOD,3,0,3,2,1
965,AJ LIQUOR INC,2,1,1,0,2
966,AJ MINI MART,2,1,1,1,1
967,AJ'S SPORT BAR & GRILL,2,1,1,1,1
968,AJAJA FOODS,6,2,4,4,2
969,AJAWAAH SWEETS,14,6,8,6,8
970,"AJC VEGGIE, LLC",2,1,1,2,0
971,AJE CAFE,15,5,10,5,10
972,AJI ICHIBAN STORE,8,3,5,4,4
973,AJK PANTRY,2,0,2,1,1
974,AJOYS GAS DEPOT,3,1,2,2,1
975,AK FOOD MART,8,1,7,8,0
976,"AK FOOD MART & WIRELESS, INC.",3,0,3,2,1
977,AKA AVE 21,7,2,5,5,2
978,AKA ONI,5,2,3,3,2
979,AKAHOSHI RAMEN,4,0,4,2,2
980,AKARRASEL CHILD CARE CENTERS,15,7,8,7,8
981,AKHIRAH'S PRALINE CANDIES,3,1,2,2,1
982,AKIBA-SCHECHTER JEWISH DAY SCHOOL,20,9,11,6,14
983,AL - JOUD INVESTMENT,2,0,2,1,1
984,AL BAR B QUE,8,5,3,1,7
985,AL BAYAN GROCERY INC.,10,5,5,4,6
986,AL DENTE RESTAURANT INC,5,2,3,3,2
987,AL DORA COFFEE SHOP,2,1,1,2,0
988,"AL FOOD MART, INC",2,1,1,1,1
989,AL HABIB RESTAURANT,7,1,6,5,2
990,AL HALAL ZAIQA,5,1,4,3,2
991,AL KABEER RESTAURANT,4,1,3,3,1
992,AL KHAYMEIH RESTAURANT,4,0,4,4,0
993,AL KHYAM RESTAURANT,3,1,2,1,2
994,"AL KING MARKET, INC",3,0,3,2,1
995,AL MAIMANI FOOD,3,0,3,2,1
996,AL MEDINA RESTAURANT,3,3,0,2,1
997,AL MEDINA RESTAURANT & GRILL,3,0,3,2,1
998,AL NOOR MEAT & GROCERY,12,4,8,6,6
999,AL PRIMO CANTO,3,0,3,1,2
1000,AL PRINCE DOLLAR INC,3,1,2,2,1
1001,AL RABY HIGH SCHOOL,17,11,6,6,11
1002,"AL RAFEDAIN MEAT MARKET INC.,",7,3,4,4,3
1003,AL SAFA RESTAURANT LLC,4,1,3,2,2
1004,AL SON DE MI TIERRA RESTAURANT INC.,3,0,3,3,0
1005,AL WALEEMA,3,1,2,3,0
1006,AL WALI CONVENIENT STORE,5,1,4,3,2
1007,AL'S  FOOD & DELI,2,0,2,1,1
1008,AL'S BEEF,85,33,52,32,53
1009,AL'S BEEF RESTAURANT,23,8,15,9,14
1010,AL'S FOOD MART,7,5,2,3,4
1011,AL'S ITALIAN BEEF INC,22,8,14,3,19
1012,AL'S PIZZA,12,5,7,2,10
1013,AL'S PIZZA CHICAGO,14,3,11,7,7
1014,AL'S UNDER THE L,14,7,7,4,10
1015,AL-AMIN GROCERY,9,5,4,5,4
1016,AL-ANDALUS GRILL,2,1,1,1,1
1017,AL-DIAR RESTAURANT,2,1,1,1,1
1018,AL-EMAAN GROCERS,4,1,3,2,2
1019,AL-HAMD SWEET INC.,5,2,3,2,3
1020,AL-KHYAM BAKERY,23,9,14,12,11
1021,AL-WALY CONVENIENCE STORE,3,1,2,2,1
1022,AL-ZAHRAA BAKERY,3,1,2,1,2
1023,ALA ALABAD GROCERY STORE,4,2,2,2,2
1024,ALA TOO CENTRAL ASIAN AND TURKISH RESTAURANT,5,1,4,3,2
1025,ALABAMA KITCHEN INC.,4,1,3,3,1
1026,ALABAMA'S,3,1,2,2,1
1027,ALADDIN'S EATERY,2,0,2,2,0
1028,ALADDIN'S FOOD,7,2,5,6,1
1029,ALAIN LOCKE CHARTER ACADEMY,17,7,10,8,9
1030,ALAIN'S RESTAURANT,6,1,5,4,2
1031,ALAMO DRAFTHOUSE CINEMAS,3,1,2,2,1
1032,ALANWAR FOOD MART,2,0,2,1,1
1033,ALARMIST BREWING,3,2,1,1,2
1034,ALASKA PALETERIA Y NEVENA 2,3,3,0,1,2
1035,ALASKA PALETERIA Y NEVERIA,17,11,6,2,15
1036,ALBA'S RESTAURANT,6,3,3,2,4
1037,ALBANY  FOOD  MARKET,2,0,2,0,2
1038,ALBANY CHILD CARE CENTER,11,5,6,4,7
1039,ALBANY FOOD & LIQUORS,3,0,3,2,1
1040,ALBANY LIQUORS AND FOOD,2,1,1,0,2
1041,ALBANY MART & GRILL,4,1,3,2,2
1042,ALBANY PARK CAMPUS/EDISON REGIONAL GIFTED CTR.,21,10,11,5,16
1043,ALBANY PARK COMMUNITY CENTER,16,9,7,5,11
1044,"ALBANY PARK COMMUNITY CENTER,INCORPORATED",13,3,10,6,7
1045,ALBANY PARK COMMUNITY CENTER-HEADSTART,8,5,3,2,6
1046,ALBANY PARK FRESH MARKET INC,5,1,4,3,2
1047,"ALBANY PARK MEAT & GROCERY, INC.",3,1,2,2,1
1048,ALBANY PLACE BAR & GRILL,8,0,8,6,2
1049,ALBERTO'S PIZZA,32,14,18,13,19
1050,ALBOES,3,2,1,1,2
1051,ALCATRACES,8,1,7,4,4
1052,ALCATRAZ INCORPORATED,4,3,1,3,1
1053,ALCOCER'S LOCAL SHOP,6,1,5,3,3
1054,ALCOCK'S,2,1,1,1,1
1055,ALCOCK'S INN,5,1,4,3,2
1056,ALCOIRIS INC,21,8,13,11,10
1057,ALCOOL MANAGEMENT LLC,6,1,5,3,3
1058,ALCOTT EARLY LEARNING BRANCH,2,2,0,0,2
1059,ALCOTT HIGH SCHOOL,16,8,8,1,15
1060,ALDEN LINCOLN PK REHAB HLTH CT,13,9,4,4,9
1061,ALDEN NORTHMOOR REHAB & HLTH,17,9,8,4,13
1062,ALDEN NURSING CENTER PRINCETON,11,3,8,4,7
1063,ALDEN NURSING CENTER WENTWORTH,12,4,8,4,8
1064,"ALDEN VILLAGE NORTH, INC.",7,3,4,5,2
1065,ALDI,21,8,13,8,13
1066,ALDI # 70,2,1,1,0,2
1067,ALDI #28,2,1,1,0,2
1068,ALDI #30,5,2,3,0,5
1069,ALDI #79,4,1,3,0,4
1070,ALDI #88,5,2,3,0,5
1071,ALDI 16,3,2,1,0,3
1072,ALDI FOODS #91,8,3,5,2,6
1073,ALDI FOODS -STORE #04,6,3,3,1,5
1074,ALDI FOODS STORE #26,5,2,3,1,4
1075,ALDI FOODS STORE #30,2,1,1,0,2
1076,ALDI FOODS STORE #90B,8,3,5,3,5
1077,ALDI FOODS-STORE #27,2,0,2,1,1
1078,ALDI INC # 62,10,3,7,3,7
1079,ALDI INC #06,6,2,4,1,5
1080,ALDI INC #10,3,1,2,2,1
1081,ALDI INC #53,4,1,3,1,3
1082,ALDI INC #58,6,1,5,1,5
1083,ALDI INC #64,18,7,11,12,6
1084,ALDI INC #83,3,2,1,2,1
1085,ALDI INC #92,11,5,6,3,8
1086,ALDI INC STORE #62,4,3,1,0,4
1087,ALDI INC STORE #95,10,6,4,2,8
1088,ALDI INC STORE 14,5,2,3,1,4
1089,ALDI INC. #96,7,5,2,3,4
1090,ALDI INC.#94,4,2,2,0,4
1091,ALDI STORE #13,6,1,5,2,4
1092,ALDI STORE #32,5,2,3,1,4
1093,ALDI'S,21,12,9,4,17
1094,ALDI'S # 26,4,3,1,0,4
1095,ALDI'S #08,8,4,4,1,7
1096,ALDI'S #47,2,0,2,1,1
1097,ALDI'S #93,3,1,2,1,2
1098,ALDRIDGE,18,7,11,5,13
1099,ALEBRIJES CAFE,8,4,4,5,3
1100,ALECRUZ CORPORATION,4,2,2,1,3
1101,ALEEN FOOD MART INC,7,1,6,6,1
1102,ALEGRA,15,7,8,10,5
1103,"ALEGRE BAKERY, INC",3,1,2,1,2
1104,ALEGRE RESTAURANT,4,1,3,2,2
1105,ALEGRIA'S SEAFOOD,27,10,17,15,12
1106,ALEJANDRA MEXICAN RESTAURANT,2,0,2,2,0
1107,ALEJO'S BOATHOUSE CAFE,2,0,2,2,0
1108,ALESSANDRO VOLTA ELEMENTARY,23,5,18,8,15
1109,ALEX CATERING,5,2,3,0,5
1110,ALEX DELI,2,1,1,1,1
1111,ALEX LA MICHOACANA,7,2,5,5,2
1112,ALEX LA MICHOACANA #1,5,2,3,1,4
1113,ALEX SUPER DELI,5,1,4,4,1
1114,ALEX TACOS,2,0,2,2,0
1115,ALEX'S CATERING,16,5,11,6,10
1116,ALEX'S GROCERY,5,1,4,4,1
1117,ALEXANDER GRAHAM BELL ELEM.,19,8,11,5,14
1118,ALEXANDER'S,8,4,4,7,1
1119,ALEXANDER'S RESTAURANT,21,9,12,10,11
1120,ALEXANDER'S THE GREAT,3,1,2,2,1
1121,ALEXANDRA FOODS,4,1,3,1,3
1122,ALEXANDRA FOODS CO.,5,2,3,2,3
1123,ALEXANDRA'S CAFE SHOP,5,2,3,1,4
1124,ALEXANDRIA'S BAKERY,3,1,2,2,1
1125,ALEXIAS FRESH MARKET,5,2,3,4,1
1126,ALEXS HAMBURGERS,6,1,5,2,4
1127,"ALFONSO'S FRESH MARKET, INC.",2,0,2,1,1
1128,ALFRED NOBEL ELEMENTARY,19,9,10,6,13
1129,ALFREDO MEJIA,3,3,0,2,1
1130,ALHAMBRA PALACE RESTAURANT,37,12,25,19,18
1131,ALHOBATI FOOD MART INC.,7,1,6,4,3
1132,ALI BABA DONER,6,2,4,4,2
1133,ALI BABA FISH & CHICKEN,4,1,3,2,2
1134,ALI BABA GIFTS & GROCERY INC.,4,1,3,3,1
1135,ALI NIHARI LLC,6,1,5,3,3
1136,ALI'S BBQ RESTAURANT,7,3,4,4,3
1137,"ALI'S GRILL,INC",2,2,0,1,1
1138,ALI;S MINIMART,4,1,3,4,0
1139,ALIBABA CAFE,16,8,8,8,8
1140,ALIBABA RETRO,26,8,18,18,8
1141,ALICE'S BAR B QUE,17,7,10,6,11
1142,ALICE'S RESTAURANT,19,5,14,9,10
1143,ALICIA'S  TAMALES,9,5,4,5,4
1144,ALINEA RESTAURANT LLC,21,9,12,13,8
1145,ALISSA ICE CREAM,2,1,1,1,1
1146,ALKHATIB FOOD MART,3,0,3,3,0
1147,ALL ABOARD LEARNING EXPRESS,16,7,9,4,12
1148,ALL ABOUT KIDS LEARNING ACADEMY,23,11,12,9,14
1149,ALL AMERICAN LOUNGE,5,1,4,4,1
1150,ALL AMERICAN NURSING HOME,26,10,16,11,15
1151,"ALL AMERICAN SPIRITS, INC.",4,2,2,2,2
1152,ALL BELGIUM,3,1,2,1,2
1153,ALL CITY HIP HOP FASHION,2,0,2,1,1
1154,ALL DAY KITCHENS,2,0,2,1,1
1155,ALL DAY MONTESSORI,19,10,9,5,14
1156,ALL DAY MONTESSORI PRESCHOOL,13,5,8,5,8
1157,ALL FAITH PAVILION,5,2,3,3,2
1158,ALL IN 1 DISCOUNT INC,2,0,2,2,0
1159,ALL N ONE FOOD MART,9,5,4,4,5
1160,"ALL N'FAMILY SHRIMP SHACK, LLC",2,1,1,1,1
1161,ALL SAINTS EPISCOPAL CHURCH,2,2,0,0,2
1162,ALL SEASONS GOURMET INC.,4,0,4,3,1
1163,ALL SEAYSONED,5,1,4,1,4
1164,ALL STAR FOOD & LIQUOR,3,2,1,1,2
1165,ALL STAR KIDS ACADEMY,14,9,5,5,9
1166,ALL STAR SEAFOOD & SPORTS,8,2,6,6,2
1167,ALL STARS ON WELLS,11,4,7,6,5
1168,ALL THAT JAZZ INC.,2,0,2,2,0
1169,ALL THE BEST NUTRITION,2,0,2,2,0
1170,"ALL THINGS ARE POSSIBLE FOR KIDS, INC.",21,11,10,7,14
1171,ALL THINGS ARE POSSIBLE KIDS 7,9,2,7,6,3
1172,ALL TOGETHER NOW,4,3,1,2,2
1173,ALL UNITED IMPORTS INC.,2,0,2,1,1
1174,ALL-NATURAL CHICAGO LTD.,8,2,6,5,3
1175,ALLA VITA,6,2,4,5,1
1176,ALLENDE RESTAURANT,22,9,13,8,14
1177,ALLENDE RESTAURANT #2,20,10,10,7,13
1178,"ALLEY COFFEE, LLC",4,1,3,4,0
1179,ALLEY DOGS INC,12,5,7,5,7
1180,ALLEY'S FOOD,2,1,1,1,1
1181,ALLIANCE BAKERY,25,15,10,10,15
1182,ALLIANCE PATISSERIE,7,3,4,4,3
1183,ALLIANCE POULTRY FARM MKT INC,17,5,12,11,6
1184,ALLISON'S BISTRO,2,1,1,1,1
1185,ALLISON'S INFANT & TODDLER CENTER,61,27,34,29,32
1186,ALLSTAR,4,2,2,3,1
1187,"ALMA PITA RESTAURANT, INC.",2,1,1,1,1
1188,ALMA'S CHILD DAY CARE CENTER,16,7,9,4,12
1189,ALMA'S KITCHEN,2,1,1,1,1
1190,"ALMAIDA, INC.",7,2,5,4,3
1191,ALMENDRO CAFE,4,0,4,3,1
1192,ALMITA SUPER MARKET,20,8,12,8,12
1193,ALMOST HOME TAVERN & GRILL,8,3,5,4,4
1194,ALMUFLIHI FOOD & LIQUOR,3,1,2,2,1
1195,ALO CHICKEN GRILL,3,1,2,2,1
1196,ALOFT HOTEL CHICAGO CITY CENTER,6,4,2,0,6
1197,ALOHA GRILL HAWAIIAN BBQ INC.,23,10,13,12,11
1198,ALOHA POKE,24,10,14,12,12
1199,ALOHA POKE BELMONT LLC,10,3,7,5,5
1200,ALOHA POKE LLC,10,6,4,5,5
1201,"ALOHA POKE LOYOLA, LLC",5,1,4,4,1
1202,ALOHA POKE MADISON,6,3,3,2,4
1203,ALOHA WAGON,8,3,5,3,5
1204,ALONSO'S TACOS,2,1,1,1,1
1205,ALONTI CAFE,22,4,18,12,10
1206,ALONTI CAFE AND CATERING,3,2,1,1,2
1207,ALONTI CATERING,8,4,4,4,4
1208,ALONTI CATERING KITCHEN,4,2,2,2,2
1209,ALONTI DELI,40,15,25,21,19
1210,ALPANA,10,4,6,5,5
1211,ALPHA BAKING INC,2,0,2,1,1
1212,ALPHA FOODS,2,1,1,1,1
1213,"ALPHA GAS MART, INC",2,2,0,1,1
1214,ALPHA LEARNING CENTER,15,7,8,4,11
1215,ALPHABLENDS,3,0,3,2,1
1216,ALPHONSUS ACADEMY,16,6,10,6,10
1217,ALPHONSUS ACADEMY & CENTER FOR THE ARTS,2,0,2,1,1
1218,ALRASHEED MEAT MARKET GROCERY,4,2,2,2,2
1219,ALSHAM MART,3,1,2,2,1
1220,ALSHORE HOUSE INC,4,3,1,1,3
1221,ALSTON ENTERPRISES/THE P.C. DETECTIVES,2,1,1,1,1
1222,ALTA VISTA FOODS,2,1,1,1,1
1223,ALTAVISTA FOODS,10,5,5,4,6
1224,ALTGELD ANNEX,9,6,3,3,6
1225,ALTGELD ELEMENTARY,8,5,3,2,6
1226,ALTGELD GARDEN LIQUOR INC,6,1,5,3,3
1227,ALTGELD GARDENS DAYCARE,14,5,9,5,9
1228,ALTHEA BY MKC,12,2,10,7,5
1229,ALTIRO,13,4,9,7,6
1230,ALTITUDE CHICAGO,7,2,5,4,3
1231,ALULU,15,7,8,10,5
1232,ALVAREZ GROCERY,2,1,1,1,1
1233,ALVO CORPORATION,3,1,2,3,0
1234,ALWADI RESTAURANT,5,1,4,3,2
1235,ALWAYS THAI,25,12,13,10,15
1236,ALY'S ICECREAM SHOP & JUICE BAR,4,1,3,4,0
1237,ALYNIA ZUSHI & KARAOKE LOUNGE,8,4,4,6,2
1238,ALZAYTOUNA MART,6,2,4,4,2
1239,AM MOON MART INC,2,1,1,1,1
1240,AM MOON MART INC.,7,3,4,5,2
1241,AM PM FOOD MART,6,4,2,4,2
1242,AM THAI RESTAURANT,6,1,5,5,1
1243,AM-PM FOOD MART&CELLULAR,12,3,9,6,6
1244,AM/PM,4,2,2,3,1
1245,AMA EL LOCAL,2,0,2,1,1
1246,AMADOR WINE & SPIRITS,4,0,4,4,0
1247,AMALFI HOTEL,14,4,10,5,9
1248,AMANDA'S GROCERY & FAST FOOD,4,2,2,3,1
1249,AMANDLA CHARTER SCHOOL,11,6,5,3,8
1250,AMANI,4,1,3,1,3
1251,"AMANI, INC.",2,1,1,2,0
1252,AMAR FOODS,4,2,2,2,2
1253,AMARIND'S RESTAURANT,19,9,10,10,9
1254,AMARIT RESTAURANT,23,9,14,8,15
1255,AMARU,11,2,9,8,3
1256,AMATITLAN LLC,3,1,2,0,3
1257,AMATO'S PIZZERIA,12,7,5,4,8
1258,AMATO'S PIZZERIA INC,8,5,3,5,3
1259,AMATOS PIZZA,20,7,13,8,12
1260,AMAYES'N BAR-B-Q,2,2,0,2,0
1261,AMAZCAKES,3,1,2,2,1
1262,AMAZING EDIBLES,15,6,9,7,8
1263,AMAZING GRACE DAYCARE CENTER,25,7,18,14,11
1264,"AMAZING GRACE KIDS PALACE,INC.",12,6,6,5,7
1265,AMAZING GRACE SENIOR LIVING,4,1,3,2,2
1266,AMAZING KABABS & GRILL,5,2,3,4,1
1267,AMAZON GO,21,10,11,7,14
1268,AMAZON RETAIL LLC,4,0,4,2,2
1269,AMAZON.COM DEDC LLC,2,0,2,1,1
1270,AMBASSADOR,5,0,5,4,1
1271,AMBASSADOR CHICAGO HOTEL AND RESTAURANT,5,2,3,4,1
1272,AMBASSADOR EAST HOTEL,3,0,3,2,1
1273,"AMBASSADOR NURSING AND REHABILITATION CENTER II, LLC",12,3,9,5,7
1274,AMBASSADOR PUBLIC HOUSE,6,3,3,3,3
1275,"AMBER'S COFFEE CAKE & MORE, LTD.",5,1,4,3,2
1276,AMBER'S FOOD & DELI,5,1,4,4,1
1277,AMBROSIA FOODS,6,3,3,2,4
1278,AMC DINE-IN THEATRES BLOCK 37,13,6,7,6,7
1279,AMC NEW CITY 14,3,1,2,1,2
1280,AMC SHOWPLACE AT GALEWOOD CROS,4,1,3,3,1
1281,AMC THEATRES 600 NORTH MICHIGAN 9,17,8,9,8,9
1282,AMC THEATRES FORD CITY 14,11,6,5,4,7
1283,AMC THEATRES GALEWOOD 14,9,5,4,3,6
1284,AMC THEATRES NAVY PIER IMAX,7,2,5,4,3
1285,AMC THEATRES RIVER EAST 21,14,6,8,7,7
1286,AMEER KABOB,25,7,18,16,9
1287,AMEER TANDOORI KABAB,3,1,2,1,2
1288,AMEERA FOOD,9,5,4,5,4
1289,AMELIA EARHART  ELEMENTARY,16,9,7,6,10
1290,AMELIA'S AUTHENTIC MEXICAN CUISINE,11,4,7,6,5
1291,AMEN SUPERMARKET INC,2,1,1,1,1
1292,AMEN SUPERMARKET INC.,2,1,1,1,1
1293,AMER FOOD MART,12,6,6,7,5
1294,AMERICA'S BEST WINGS & PIZZA,4,2,2,3,1
1295,AMERICA'S DOG,86,35,51,31,55
1296,AMERICA'S DOG INC,5,1,4,4,1
1297,AMERICA'S PANTRY,3,1,2,2,1
1298,AMERICAN ACCORD FOOD CORP,8,5,3,4,4
1299,AMERICAN ACCORD FOOD CORPORATION,9,3,6,4,5
1300,AMERICAN AIRLINES,49,23,26,16,33
1301,AMERICAN AIRLINES ADMIRALS LOUNGE,13,4,9,5,8
1302,AMERICAN BLUES THEATER,2,0,2,2,0
1303,AMERICAN CANDY COMPANY,2,1,1,1,1
1304,AMERICAN DELI & GROCERY INC.,2,0,2,2,0
1305,AMERICAN DOLLAR PLUS FOOD MART,4,1,3,2,2
1306,AMERICAN EDUCARE,9,4,5,2,7
1307,"AMERICAN EDUCARE,INC",5,0,5,2,3
1308,AMERICAN GIRL PLACE,14,8,6,2,12
1309,AMERICAN GLORY FOOD TRUCK,8,4,4,3,5
1310,AMERICAN JUNKIE,6,0,6,3,3
1311,AMERICAN KIDZ ACADEMY,3,1,2,2,1
1312,"AMERICAN KIDZ ACADEMY, LLC - GOLD COAST",2,2,0,1,1
1313,"AMERICAN KIDZ ACADEMY, LLC-HYDE PARK",5,1,4,3,2
1314,"AMERICAN KIDZ ACADEMY, LLC-LINCOLN PARK",7,1,6,5,2
1315,"AMERICAN KIDZ ACADEMY,LLC-W",5,2,3,3,2
1316,AMERICAN MEDICAL ASSOCIATION,7,4,3,4,3
1317,AMERICAN RESTAURANT,6,2,4,2,4
1318,AMERICAN SUPERMARKET,3,1,2,2,1
1319,AMERICAN WILDBURGER,18,5,13,11,7
1320,AMERICANA SUBMARINE,24,7,17,16,8
1321,AMERICANO 1816,8,3,5,4,4
1322,AMERICANO 2211,4,2,2,2,2
1323,AMERICANOS,15,5,10,9,6
1324,AMERITALIA,6,0,6,3,3
1325,AMG FOODS,3,2,1,2,1
1326,AMICI,4,1,3,4,0
1327,AMIGO FOOD MART,3,3,0,2,1
1328,AMIGO'S DISCOUNT STORE,4,3,1,3,1
1329,AMIGO'S ON MADISON,3,0,3,1,2
1330,AMIGOS DISCOUNT STORE,7,3,4,4,3
1331,AMIGOS FOOD MARKET,3,1,2,3,0
1332,AMIGOS SALUDABLES,3,1,2,3,0
1333,AMIKIDS INFINNITY SCHOOL OF CHICAGO,3,1,2,2,1
1334,AMIR FOOD MART,5,1,4,2,3
1335,AMIR MARKET & TOBACCO,2,1,1,1,1
1336,AMIRAS TRIO,3,3,0,1,2
1337,AMISH & HEALTHY FOODS,8,3,5,5,3
1338,AMISH HEALTHY FOODS,3,1,2,2,1
1339,AMK KITCHEN BAR,12,1,11,9,3
1340,AMM CITGO INC.,4,2,2,2,2
1341,AMM MARATHON INC.,5,2,3,4,1
1342,AMMAN ONE STOP SHOP,4,2,2,2,2
1343,AMMO BABA MEAT MARKET,5,2,3,2,3
1344,AMO FOOD & DELI,5,1,4,2,3
1345,AMOCO,12,4,8,6,6
1346,AMOCO GAS & FOOD MART,3,0,3,2,1
1347,AMOCO OIL COMPANY,2,0,2,2,0
1348,AMOR Y TEQUILA,8,2,6,3,5
1349,AMORINO CHICAGO,10,2,8,7,3
1350,AMORINO GELATO AL NATURALE,2,0,2,1,1
1351,"AMORINO WATER TOWER, LLC",4,1,3,2,2
1352,AMP CAFE,2,0,2,2,0
1353,AMP Food Mart,5,2,3,3,2
1354,AMPERSAND RESTAURANT,6,1,5,2,4
1355,AMRAS AFRICAN STORE LLC,2,1,1,1,1
1356,AMSTAR,38,15,23,27,11
1357,AMSTAR FUEL & MINI MART,29,5,24,22,7
1358,"AMSTAR FUEL, MINI MART, & TASTY CHICKEN",6,1,5,5,1
1359,AMUNDSEN HIGH SCHOOL,23,9,14,11,12
1360,"AMY BECK CAKE DESIGN, LLC",12,4,8,7,5
1361,AMY PETERSON CHOCOLATES,2,1,1,1,1
1362,AMY'S CANDY BAR,11,0,11,3,8
1363,"AMZ ENTERPRISES, INC.",2,0,2,1,1
1364,AMZI,4,2,2,2,2
1365,ANA GALINDO,3,1,2,1,2
1366,ANA'S FOOD MART.,8,5,3,2,6
1367,ANALOGUE,6,1,5,2,4
1368,ANAR INC,8,6,2,1,7
1369,ANASTASIA RESTAURANT,6,2,4,5,1
1370,"ANATOLIA KITCHEN & BAKERY, INC.",5,2,3,3,2
1371,ANATOLIAN EXPRESS,4,1,3,2,2
1372,ANCIEN,5,2,3,3,2
1373,ANCIEN CYCLES,2,1,1,1,1
1374,ANCIENT GROUNDS,2,1,1,1,1
1375,ANCOLE POPEYE'S INC,10,5,5,2,8
1376,ANDALE MARKET,2,0,2,1,1
1377,ANDALOUS INC,3,1,2,2,1
1378,ANDERSONVILLE MONTESSORI,2,0,2,0,2
1379,ANDHRADARBAR,9,4,5,7,2
1380,ANDIAMO RESTAURANT & PIZZARIA INC.,18,8,10,13,5
1381,"ANDIAMO'S O'HARE, LLC",19,8,11,8,11
1382,ANDIES RESTAURANT,28,10,18,17,11
1383,ANDIES RESTAURANT II,13,3,10,8,5
1384,ANDORKA'S SANDWICH SHOP,6,3,3,2,4
1385,ANDREA'S BAKERY,4,2,2,2,2
1386,ANDREA'S GROCERY INC.,3,2,1,1,2
1387,ANDREW JACKSON,16,6,10,1,15
1388,ANDROS TAVERNA,4,3,1,2,2
1389,ANDRZEJ GRILL INC,5,2,3,2,3
1390,"ANDY BALEGH,INC.",3,2,1,1,2
1391,ANDY'S CAFE,14,4,10,9,5
1392,ANDY'S COFFEE SHOP,7,1,6,5,2
1393,ANDY'S DELI,27,13,14,11,16
1394,ANDY'S DELI & BAKERY,12,4,8,6,6
1395,ANDY'S DELI BUTCHER SHOP,3,2,1,0,3
1396,ANDY'S FROZEN CUSTARD,5,2,3,3,2
1397,ANDY'S GROCERY,21,6,15,11,10
1398,ANDY'S INC,2,1,1,1,1
1399,ANDY'S MEXICAN RESTAURANT,5,0,5,3,2
1400,ANDY'S SNACK SHOP,3,1,2,2,1
1401,ANDY'S THAI KITCHEN,15,5,10,10,5
1402,ANDY'S THAI KITCHEN II,3,2,1,1,2
1403,ANDY'S THAI KITCHEN III,5,1,4,2,3
1404,ANDYS 11 EAST LOUNGE,21,8,13,11,10
1405,ANDYS FRUIT RANCH,14,7,7,5,9
1406,ANDYSUNFLOWER CAFE,3,2,1,1,2
1407,ANG PINAY FIESTA,2,1,1,2,0
1408,ANG TOBACCO PLACE,3,1,2,2,1
1409,ANGEL FOOD LTD,4,2,2,1,3
1410,"ANGEL FOOD, WINE & SPIRIT",2,1,1,0,2
1411,ANGEL MINI MART,2,1,1,2,0
1412,ANGEL OIL CORPORATION,2,1,1,1,1
1413,ANGEL WINGS DAYCARE INC.,15,4,11,7,8
1414,ANGEL'S FROZEN YOGURT & ICE CREAM INC.,2,1,1,2,0
1415,"ANGEL'S RESTAURANT, INC.",16,7,9,7,9
1416,ANGELA'S BURRITO STYLE,16,7,9,8,8
1417,ANGELAS BURRITO STYLE,3,1,2,1,2
1418,ANGELICA'S,3,2,1,1,2
1419,ANGELICA'S BAKERY,7,4,3,3,4
1420,ANGELINA RISTORANTE,21,3,18,15,6
1421,ANGELO'S FAST  FOOD,2,2,0,2,0
1422,ANGELO'S GROCERY,2,1,1,2,0
1423,"ANGELO'S KOOL ZONE, INC.",2,1,1,1,1
1424,ANGELO'S PIZZA,17,6,11,6,11
1425,ANGELO'S QUICK STOP,5,3,2,2,3
1426,ANGELO'S STUFFED PIZZA CORP,25,10,15,10,15
1427,ANGELO'S WINE BAR,16,6,10,10,6
1428,ANGELS,20,10,10,9,11
1429,ANGELS DAY CARE CENTER,16,11,5,1,15
1430,ANGIE'S,16,6,10,6,10
1431,ANGIE'S FOOD,4,2,2,3,1
1432,ANGIE'S ITALIAN ICE,2,0,2,2,0
1433,ANGIES MEXICAN RESTAURANT,3,2,1,3,0
1434,ANGIN MAMIRI (INDONSESIAN CUISINE),3,1,2,2,1
1435,ANGRY CRAB,18,6,12,9,9
1436,ANGRY OCTOPUS,4,2,2,2,2
1437,ANGRY PIG TAVERN,5,0,5,3,2
1438,ANGRY TACO,4,2,2,3,1
1439,ANI,4,0,4,2,2
1440,ANIMALE,6,2,4,3,3
1441,ANITA'S GUMBO,6,1,5,1,5
1442,ANIXTER CENTER,7,3,4,2,5
1443,ANJANI FOOD & LIQUOR INC.,4,2,2,1,3
1444,ANMOL BARBEQUE,6,2,4,3,3
1445,ANMOL EXPRESS,5,1,4,3,2
1446,ANMOL MEAT & GROCERY,8,4,4,4,4
1447,ANMOL PAN HOUSE,3,1,2,1,2
1448,ANMOL RESTAURANT,28,6,22,17,11
1449,ANN & ROBERT H. LURIE CHILDREN,2,1,1,0,2
1450,ANN SATHER RESTAURANT,23,9,14,10,13
1451,ANN SATHER RESTAURANT GRANVILLE,22,10,12,10,12
1452,ANN SATHER'S CAFE,18,10,8,5,13
1453,ANN SATHER'S CAFE ON SOUTHPORT,3,0,3,3,0
1454,ANN'S BAKERY INC,30,13,17,17,13
1455,ANN'S SEAFOOD4289 INC.,4,0,4,4,0
1456,ANNA HELD FOUNTAIN CAFE,2,1,1,1,1
1457,ANNA MARIA PASTERIA,20,8,12,11,9
1458,ANNA PURANA FAST FOOD,35,8,27,24,11
1459,ANNA R LANGFORD COMMUNITY ACADEMY,22,8,14,9,13
1460,ANNA SUSHI CORPORATION,6,2,4,2,4
1461,ANNA'S ASIAN BISTRO,5,1,4,3,2
1462,ANNA'S ASIAN GRILL & SUSHI BAR,9,4,5,6,3
1463,ANNA'S FOOD,6,3,3,4,2
1464,ANNA'S THAI KITCHEN,2,2,0,0,2
1465,ANNABAH FOOD MART,2,1,1,1,1
1466,ANNETTE'S ITALIAN ICE,7,1,6,3,4
1467,ANNIE KELLER GIFTED SCHOOL,16,9,7,3,13
1468,ANNIE LEES FASTBREAK RESTAURANT,3,1,2,2,1
1469,ANNOYANCE PRODUCTIONS,10,6,4,5,5
1470,ANNUNCIATA SCHOOL,20,10,10,9,11
1471,ANNUNCIATION GREEK ORTHODOX CHURCH,12,4,8,5,7
1472,"ANO FOOD MART, INC.",5,1,4,4,1
1473,ANONG INC.,18,9,9,10,8
1474,ANOR,3,0,3,2,1
1475,ANOTHER BITE,5,0,5,4,1
1476,ANTEPLI TURKISH GOURMET,8,5,3,5,3
1477,ANTEPRIMA,21,5,16,12,9
1478,ANTHONY D'S GRILL,13,5,8,7,6
1479,ANTHONY SUPERMARKET,7,2,5,3,4
1480,ANTHONY'S,11,6,5,5,6
1481,ANTHONY'S DINER,4,0,4,3,1
1482,ANTHONY'S DOLLAR AND MORE,3,1,2,2,1
1483,ANTICA PIZZERIA,12,6,6,2,10
1484,ANTICO,21,4,17,15,6
1485,ANTICONQUISTA CAFE,4,3,1,0,4
1486,ANTIOCH MISSIONARY BAPTIST CHURCH,4,2,2,2,2
1487,ANTIQUE KITCHEN,2,1,1,0,2
1488,ANTIQUE TACO,17,5,12,9,8
1489,ANTIQUE TACO BRIDGEPORT,14,6,8,4,10
1490,ANTIQUE TACO CHIQUITO,6,3,3,2,4
1491,ANTO PIZZA CHICAGO,8,3,5,3,5
1492,ANTOJITOS,2,1,1,2,0
1493,ANTOJITOS COLOMBIANOS,8,2,6,4,4
1494,ANTOJITOS DONA MARIA,2,2,0,1,1
1495,ANTOJITOS DURANGO,2,1,1,1,1
1496,ANTOJITOS GUATEMALTECOS,3,0,3,3,0
1497,ANTOJITOS MAJICOS,8,3,5,3,5
1498,ANTOJITOS MAJICOS LA MICHOACAN,3,0,3,3,0
1499,ANTOJITOS MAJICOS LA MICHOACANA,2,0,2,1,1
1500,ANTOJITOS MEXICANOS,3,1,2,1,2
1501,ANTOJITOS PUEBLITA INC,6,2,4,6,0
1502,ANTOJITOS TAPATIOS EL TRADICIO,6,2,4,5,1
1503,ANTOJOS & SHAKES,2,1,1,1,1
1504,ANTON DVORAK ELEMENTARY,30,14,16,16,14
1505,ANTONIA PANTOJA H.S.,15,8,7,3,12
1506,ANTONIOS CAFE AND RESTAURANT,4,2,2,2,2
1507,AODAKE ASIAN BISTRO,6,3,3,4,2
1508,AODAKE RAMEN,3,1,2,3,0
1509,AP DELI,2,1,1,1,1
1510,AP DELI 15,8,4,4,5,3
1511,APART PIZZA COMPANY,2,0,2,2,0
1512,APART PIZZA COMPANY CHICAGO,20,9,11,10,10
1513,"APERION CARE LAKESHORE, LLC",2,1,1,1,1
1514,"APERION CARE WEST RIDGE, LLC",2,1,1,1,1
1515,APERITIF 21 INC.,2,1,1,1,1
1516,APERO,3,2,1,0,3
1517,APNA INDIAN GRILL,2,0,2,2,0
1518,APOLLO THEATRE,4,2,2,3,1
1519,APOLLO'S 2000,21,8,13,12,9
1520,APOLONIA,7,1,6,3,4
1521,APPEAL FOR CHARITIES/GOODWILL,10,7,3,3,7
1522,APPLE BITE MART,5,1,4,2,3
1523,APPLE BITE PANTRY,5,3,2,3,2
1524,APPLE FARM FOODS,17,8,9,7,10
1525,APPLE FOOD MART,19,5,14,10,9
1526,APPLE MART,2,0,2,2,0
1527,APPLE PANTRY,5,2,3,4,1
1528,APPLE SPICE BOX LUNCH DELIVERY AND CATERING CO.,8,4,4,2,6
1529,APPLE TREE CHILDREN'S LEARNING CENTER,14,2,12,6,8
1530,APPLE TREE INC.,8,4,4,3,5
1531,APPLE TREE LEARNING CENTER,12,6,6,3,9
1532,APPLEBEE'S NEIGHBORHOOD GRILL,7,0,7,5,2
1533,APPLEBEE'S NEIGHBORHOOD GRILL & BAR,36,14,22,16,20
1534,APRIL FOOD & LOUNGE,3,0,3,2,1
1535,"APRIL FOOD MARKET, INC.",2,1,1,1,1
1536,AQUA CHILD CARE AND LEARNING CENTER,6,3,3,3,3
1537,"AQUA FOOD & LIQUOR, INC.",2,0,2,2,0
1538,AQUA WINE & SPIRITS II,4,1,3,2,2
1539,AQUITAINE,9,4,5,5,4
1540,AR FAMILY STORE,4,2,2,3,1
1541,ARA ON,17,8,9,5,12
1542,ARABESK CAFE INC,12,2,10,9,3
1543,ARABIC TEMPLE #44 INC,2,0,2,2,0
1544,ARAFAT OTHMAN,3,2,1,3,0
1545,ARAMARK,128,57,71,66,62
1546,ARAMARK & LOYOLA DAMEN,20,10,10,9,11
1547,ARAMARK - BILLINGS KITCHEN,5,2,3,3,2
1548,ARAMARK - CAFE CENTRAL,4,1,3,2,2
1549,ARAMARK - CCD PATIENT KITCHEN,6,2,4,3,3
1550,ARAMARK - SKY CAFE,3,1,2,3,0
1551,ARAMARK @ AMERITECH,6,4,2,3,3
1552,ARAMARK @ HARRIS BANK,4,2,2,2,2
1553,ARAMARK @ IMC,2,0,2,1,1
1554,ARAMARK @ INFORMATION RESOURCES,11,5,6,3,8
1555,ARAMARK @ JP Morgan Chase,3,1,2,2,1
1556,ARAMARK @ LOYOLA DENOBILI,19,9,10,8,11
1557,ARAMARK @ LOYOLA GREEN,12,5,7,2,10
1558,ARAMARK @ NORTH PARK,6,2,4,2,4
1559,ARAMARK AT BOEING,15,7,8,9,6
1560,ARAMARK AT CHRISTIAN IND. LEAGUE,4,2,2,1,3
1561,ARAMARK AT DELOITTE,7,3,4,4,3
1562,ARAMARK AT SWEETHEART CUP,4,1,3,2,2
1563,ARAMARK AT UNITED AIRLINES,25,11,14,13,12
1564,ARAMARK CORPORATION,11,7,4,4,7
1565,"ARAMARK CORRECTIONAL SERVICES, LLC",5,2,3,3,2
1566,ARAMARK EDUCATION SERVICES,26,5,21,15,11
1567,ARAMARK EDUCATIONAL,4,3,1,3,1
1568,ARAMARK EDUCATIONAL SERVICES,59,15,44,29,30
1569,ARAMARK EDUCATIONAL SERVICES INC,3,2,1,1,2
1570,"ARAMARK EDUCATIONAL SERVICES, INC",18,10,8,8,10
1571,"ARAMARK EDUCATIONAL SERVICES, INC.",11,4,7,3,8
1572,"ARAMARK EDUCATIONAL SERVICES, LLC",9,2,7,5,4
1573,ARAMARK FOOD COURT,11,8,3,5,6
1574,ARAMARK NUVEEN INVESTMENTS CAFE,12,4,8,4,8
1575,ARAMARK SERVICES  INC-  HARRIS BANK,19,12,7,6,13
1576,ARAMARK SERVICES @ HARRIS BANK,13,9,4,3,10
1577,"ARAMARK SERVICES, INC",14,3,11,5,9
1578,ARAMARK at DRAFTFCB,6,0,6,2,4
1579,ARAMARK-FIELD MUSEUM,15,5,10,7,8
1580,ARAMARK-FRESHII,3,1,2,2,1
1581,ARAMARK-FRESHII STORE# 1889,5,1,4,3,2
1582,ARAMARK-SOLDIER FIELD,39,11,28,25,14
1583,ARAMARK/1ST & FRESH CATERING,19,2,17,11,8
1584,ARAMARK@ LOYOLA SIMPSON  RESIDENTIAL,20,10,10,7,13
1585,ARAMARK@LOYOLA HALAS CAFE,8,1,7,6,2
1586,ARAMARL-FRESHII,4,1,3,3,1
1587,ARAMI,26,10,16,15,11
1588,ARAMI GO!,6,3,3,4,2
1589,ARAMI/WOODGRAIN,18,6,12,4,14
1590,ARANDA MEXICAN RESTAURANT,12,4,8,8,4
1591,ARBELLA,15,4,11,7,8
1592,ARBOR,9,6,3,4,5
1593,ARBOUR HEALTH CARE CENTER LTD,17,5,12,13,4
1594,ARBRE NAIL SALON,2,1,1,1,1
1595,ARBY'S ROAST BEEF,22,8,14,9,13
1596,ARBY'S ROAST BEEF RESTAURANT,2,0,2,2,0
1597,ARBYS,39,15,24,16,23
1598,"ARCADIAN SUSHI, INC",17,6,11,14,3
1599,ARCH VIEW RESTAURANT,3,1,2,2,1
1600,ARCHDIOCESE OF CHICAGO FOOD SERVICE,3,1,2,0,3
1601,"ARCHER AVENUE LEARNING STATION, INC",11,7,4,2,9
1602,ARCHER B. P.,2,0,2,2,0
1603,ARCHER C INC,4,1,3,2,2
1604,ARCHER CAFE,8,2,6,4,4
1605,"ARCHER FUEL & MINI MART, INC.",5,0,5,3,2
1606,ARCHER HEIGHTS HEALTHCARE LLC,2,2,0,1,1
1607,ARCHER RESTAURANT,2,1,1,1,1
1608,"ARCHER TOBACCO & FOOD, INC.",3,1,2,2,1
1609,ARCHER-NAGLE CITGO,2,1,1,1,1
1610,ARCHI,2,2,0,1,1
1611,ARCHIES,9,2,7,6,3
1612,ARCHITECTURAL ARTIFACTS,5,3,2,2,3
1613,ARCHWAY AMOCO,2,1,1,2,0
1614,ARCLIGHT CINEMAS,10,4,6,6,4
1615,ARCO,3,2,1,1,2
1616,ARCO DE CUCHILLEROS INC,2,0,2,2,0
1617,ARCO IRIS,18,8,10,8,10
1618,ARCOIRIS ICE CREMA,2,1,1,1,1
1619,ARDEN RESTAURANT,15,7,8,8,7
1620,AREPA GEORGE,10,2,8,4,6
1621,ARETHA'S DREAM,7,1,6,5,2
1622,ARGENTINA FOODS,6,2,4,4,2
1623,ARGO FOOD MARKET INC.,3,1,2,2,1
1624,ARGO FOOD MART INC,2,0,2,2,0
1625,ARGO TEA,138,57,81,61,77
1626,ARGO TEA CAFE,17,6,11,7,10
1627,ARGO TEA CAFE-OHARE T2,26,9,17,13,13
1628,ARGO TEA CAFE-TRIBUNE TOWER,12,9,3,3,9
1629,"ARGO TEA UCH, LLC",13,4,9,8,5
1630,ARGYLE EL BAKERY AND DELI,5,5,0,3,2
1631,"ARGYLE GROCERY, INC",4,0,4,2,2
1632,ARIEL ACADEMY/NORTH KENWOOD OAKLAND SCHOOL,23,10,13,9,14
1633,ARIGATO MARKET,3,0,3,3,0
1634,ARISTA FOODS,11,5,6,5,6
1635,ARISTO FOOD & LIQUOR,13,4,9,6,7
1636,ARIZONA DOLLAR PLUS INC,3,1,2,1,2
1637,ARLO CHICAGO,3,2,1,0,3
1638,ARMAN'S PIIZZERIA,12,5,7,8,4
1639,ARMAND'S PIZZA,11,3,8,5,6
1640,ARMAND'S PIZZERIA,10,4,6,4,6
1641,ARMAND'S VICTORY TAP,12,3,9,9,3
1642,ARMANDO'S,6,2,4,2,4
1643,"ARMANDO'S Y SANTA BARBARA, INC",5,1,4,3,2
1644,ARMANDOS EXPRESS,4,1,3,3,1
1645,ARMANDS PIZZERIA,17,10,7,5,12
1646,ARMANETTI DEPOT 11,2,1,1,2,0
1647,ARMANETTI EXPRESS WINE- SPIRITS-FOOD,2,1,1,0,2
1648,ARMANI CAFFE' INC,2,1,1,1,1
1649,ARMED FORCES POST 8322,4,2,2,2,2
1650,ARMITAGE & CALIFORNIA BP,2,0,2,2,0
1651,ARMITAGE ALE HOUSE,4,3,1,1,3
1652,"ARMITAGE BAR & LIQUOR, INC",2,0,2,2,0
1653,ARMITAGE COURTYARD CAFE,9,3,6,4,5
1654,ARMITAGE FOOD,4,2,2,2,2
1655,ARMITAGE GOLD STAR LIQUORS,4,1,3,2,2
1656,ARMITAGE MINI MART,3,2,1,2,1
1657,ARMITAGE PIZZERIA,4,2,2,2,2
1658,ARMITAGE PRODUCE INC,24,10,14,8,16
1659,ARMITAGE PULASKI SHELL,4,0,4,3,1
1660,ARMITAGE TOBACCO CITY,3,1,2,2,1
1661,ARMOCA DESI GRILL,6,1,5,6,0
1662,ARMOUR BRANCH,19,9,10,7,12
1663,ARMOUR ELEMENTARY SCHOOL,18,6,12,4,14
1664,ARMOUR SQUARE GARDENS,2,0,2,1,1
1665,ARMY & LOU'S,9,3,6,6,3
1666,ARNA W. BONTEMPS,10,5,5,4,6
1667,ARNOLD DE MAR,3,1,2,2,1
1668,ARNOLD MIRELES SCHOOL,28,8,20,13,15
1669,AROMA CAFE,3,1,2,2,1
1670,AROMA ON NORTH AVENUE,13,4,9,6,7
1671,AROUND THE CLOCK,2,1,1,0,2
1672,AROUND THE WAY MINI MART,3,0,3,1,2
1673,"AROUND THE WORLD - CHICAGO,INC",3,1,2,1,2
1674,AROY THAI RESTAURANT,25,10,15,10,15
1675,ARREDON 2,3,1,2,1,2
1676,ART IN MOTION SCHOOL,6,1,5,2,4
1677,ART OF PIZZA ON STATE,7,1,6,4,3
1678,ART OF PIZZA ON STATE STREET,4,1,3,3,1
1679,ART ZONE GALLERY CAFE,13,5,8,7,6
1680,ART'S DRIVE INN,14,5,9,8,6
1681,ARTANGO BAR AND STEAKHOUSE,20,5,15,12,8
1682,ARTANGO CENTER,9,3,6,5,4
1683,ARTEMIO'S BAKERY,16,6,10,4,12
1684,ARTEMIO'S BAKERY #2,12,5,7,3,9
1685,ARTESIAN FOOD & SPIRITS,4,0,4,2,2
1686,ARTHUR  A. LIBBY ELEMENTARY SCHOOL,19,16,3,4,15
1687,ARTHUR A. LIBBY ELEMENTARY SCHOOL ANNEX,9,6,3,2,7
1688,ARTHUR CANTY ELEMENTARY,18,5,13,7,11
1689,"ARTHUR'S GROCERY STORE, INC.",2,1,1,1,1
1690,ARTHUR'S STORE,4,3,1,2,2
1691,"ARTIS SENIOR LIVING OF LAKEVIEW, LLC",6,0,6,4,2
1692,ARTISAN  CATERING,15,3,12,7,8
1693,ARTISAN BREAD SHOPPE CO.,9,1,8,7,2
1694,ARTIST ROOM CAFE,2,1,1,1,1
1695,ARTIST'S CAFE,6,2,4,4,2
1696,ARTIST'S SNACK SHOP,6,1,5,2,4
1697,ARTISTS CAFE,9,3,6,4,5
1698,ARTISTS SNACK SHOP,13,6,7,4,9
1699,ARTIZONE,2,2,0,2,0
1700,"ARTOPOLIS BAKERY, CAFE & ANGOR",25,8,17,11,14
1701,ARTS ENTERTAINMENT,2,1,1,1,1
1702,ARTURO EXPRESS,15,10,5,2,13
1703,ARTURO VELASQUEZ INSTITUTE,6,5,1,4,2
1704,ARTURO'S MEXICAN FOOD,3,0,3,2,1
1705,ARTURO'S TACOS,24,10,14,10,14
1706,ARTUROS MEXICAN FOOD,10,4,6,3,7
1707,ARUN'S THAI RESTAURANT,26,7,19,13,13
1708,"ARW FOODS, INC.",2,0,2,0,2
1709,ARYA BHAVAN,23,9,14,11,12
1710,ARZAN MARKET,2,0,2,1,1
1711,ARZAN MARKET & CAFE,4,0,4,2,2
1712,AS TIME GOES BY II LTD.,7,1,6,7,0
1713,ASADA,15,6,9,7,8
1714,ASADITO TAQUERIA/WOK N BAO,7,3,4,5,2
1715,ASADO COFFEE ROASTERS,10,3,7,4,6
1716,ASADOR BASTIAN,7,4,3,4,3
1717,ASAHI ROLL,17,7,10,9,8
1718,"ASEEL CITY FOOD MARKET, INC.",3,2,1,2,1
1719,ASEL FOOD,2,1,1,1,1
1720,ASH GASTROPUB,6,2,4,4,2
1721,ASHA FOOD INTERNATIONAL INC,3,0,3,2,1
1722,ASHA FOOD MART INC,5,2,3,2,3
1723,ASHAR MART,4,0,4,4,0
1724,ASHBURN ELEMENTARY,20,10,10,9,11
1725,ASHLAND ADDISON SHELL,6,1,5,3,3
1726,ASHLAND BP,3,1,2,3,0
1727,ASHLAND CONVENIENCE & LIQUOR,7,3,4,3,4
1728,"ASHLAND FOOD & TOBACCO, INC",5,1,4,4,1
1729,ASHLAND FOOD MART,3,1,2,2,1
1730,ASHLAND GAS INC.,3,1,2,2,1
1731,ASHLAND LIQUOR,2,2,0,0,2
1732,ASHLAND LIQUOR AND FOOD,7,3,4,5,2
1733,ASHLAND MARKET,9,4,5,5,4
1734,ASHLAND WEST FALCON FUEL,7,3,4,6,1
1735,ASHOR CAFE,2,0,2,2,0
1736,ASHOUR CAFE,2,0,2,2,0
1737,ASHTAR  MARKET,2,1,1,1,1
1738,ASIA BUFFET & GRILL,7,3,4,1,6
1739,ASIA BUFFET AND GRILL,19,9,10,6,13
1740,ASIAGO EXPRESS,4,3,1,1,3
1741,ASIAN  TOWN NOODLES,4,0,4,3,1
1742,ASIAN AVENUE,6,1,5,3,3
1743,ASIAN CAFE,16,7,9,7,9
1744,ASIAN CAJUN,6,2,4,4,2
1745,ASIAN CAJUN 9 CORP,4,1,3,4,0
1746,ASIAN CAJUN PLUS,6,4,2,4,2
1747,ASIAN CHAO & VILLA ITALIAN,4,0,4,2,2
1748,"ASIAN CHOPSTICKS, INC",13,9,4,9,4
1749,ASIAN CUISINE EXPRESS,18,5,13,9,9
1750,ASIAN HUMAN SERVICES,22,10,12,11,11
1751,"ASIAN HUMAN SERVICES, INC.",4,1,3,0,4
1752,ASIAN KITCHEN,9,3,6,6,3
1753,ASIAN MARKET AND VIDEO,2,0,2,2,0
1754,ASIAN MIX,16,7,9,3,13
1755,ASIAN OUTPOST,13,1,12,7,6
1756,ASIAN OUTPOST HAWAIIAN HIDEOUT,7,3,4,5,2
1757,ASIAN RESTURANT,2,0,2,2,0
1758,ASIAN SPOON,5,2,3,3,2
1759,ASIAN SQUARE,2,2,0,1,1
1760,ASIAN STATION,6,5,1,3,3
1761,ASIAN TEA,4,0,4,3,1
1762,ASIAN TOWN NOODLES,20,6,14,11,9
1763,ASIMEXFOODS,2,1,1,1,1
1764,ASOCIACION SOCIAL DEL AZUAY,20,5,15,11,9
1765,ASPERION CARE INTERNATIONAL,2,0,2,1,1
1766,ASPIRA (CS) HIGH SCHOOL AT MIRTA RAMIREZ,7,4,3,1,6
1767,ASPIRA EARLY COLLEGE,15,9,6,0,15
1768,ASPIRA HAUGAN,22,6,16,6,16
1769,ASSAFWAY MARKET,3,1,2,2,1
1770,ASSI SUPERSTORE,2,0,2,1,1
1771,ASSUMPTION BVM CHURCH,13,8,5,4,9
1772,ASSYRIAN AMERICAN ASSOCIATION,14,5,9,8,6
1773,"ASSYRIAN KITCHEN ,INC",2,1,1,2,0
1774,ASTER HALL,11,3,8,7,4
1775,ASTOR CLUB,5,2,3,3,2
1776,ASTORIA CAFE & BAKERY,6,2,4,3,3
1777,ASTORIA COFFEE SHOP,9,3,6,6,3
1778,ASTORIA PLACE LIVING AND REHAB,11,7,4,3,8
1779,"ASTORIA PLACE LIVING AND REHABILITATION CENTER, LL",5,2,3,1,4
1780,ASWAQ KAN ZAMAN,12,10,2,2,10
1781,AT CCHHS PROVIDENT HOSPITAL,10,3,7,6,4
1782,ATARDECER ACAPULQUENO,17,3,14,9,8
1783,ATARDECER ACAPULQUENO INC.,11,6,5,3,8
1784,ATE MUSIC HOUSE,7,5,2,5,2
1785,ATHENA BOARD GAME CAFE,3,2,1,2,1
1786,ATHENA RESTAURANT,30,14,16,16,14
1787,ATHENAEUM CENTER FOR THOUGHT & CULTURE,8,1,7,6,2
1788,ATHENIAN ROOM RESTAURANT,22,10,12,11,11
1789,ATINO'S PIZZA,7,3,4,5,2
1790,ATINO'S PIZZA # 2 INC,17,9,8,8,9
1791,ATITLAN RESTAURANT LLC,4,1,3,3,1
1792,ATK,4,1,3,2,2
1793,ATLANTIS SERVICES,2,1,1,1,1
1794,"ATLAS CAFE, INC.",8,4,4,5,3
1795,ATMOS COFFEE SHOP,2,1,1,1,1
1796,ATOLITO CATERING INC,4,1,3,2,2
1797,ATOLITO GRILL,10,5,5,7,3
1798,ATOMIX CAFE,12,5,7,5,7
1799,ATOUR FOODS INC,16,5,11,7,9
1800,ATRAH,2,0,2,2,0
1801,ATRIUM EVENTS,15,6,9,8,7
1802,ATS CENTRAL CITGO CORPORATION,3,0,3,2,1
1803,ATTOCK SUBMARINE,15,5,10,5,10
1804,ATTUCKS,7,2,5,3,4
1805,ATWOOD,12,6,6,5,7
1806,ATX BODEGA,7,2,5,3,4
1807,AU BON PAIN,221,100,121,94,127
1808,AU CHEVAL,20,4,16,10,10
1809,AUBURN PARK COMM. DAYCARE,4,2,2,3,1
1810,AUBURN PARK COMMUNITY DAYCARE,7,2,5,3,4
1811,AUDITORIUM THEATRE,2,1,1,0,2
1812,AUGIE'S,18,9,9,10,8
1813,AUGUST VIANDS,3,1,2,2,1
1814,"AUGUSTA FINEST FOODS, INC.",7,1,6,5,2
1815,AUGUSTA FOOD,11,3,8,5,6
1816,AUGUSTA FOOD MARKET INC.,2,0,2,1,1
1817,AUGUSTA FOOD PLUS,2,1,1,1,1
1818,AUGUSTA PIZZA & GRILL,26,12,14,9,17
1819,AUGUSTUS TOLTON CATHOLIC ACADEMY,16,7,9,9,7
1820,AUNT MARTHA'S,6,3,3,2,4
1821,"AUNT PATTY'S COFFEE SHOP, INC.",7,3,4,4,3
1822,AUNTIE ANN'S SOFT PRETZEL,2,0,2,1,1
1823,AUNTIE ANNE'S,13,6,7,5,8
1824,AUNTIE ANNE'S PRETZEL,8,4,4,2,6
1825,AUNTIE ANNE'S PRETZELS,27,9,18,13,14
1826,AUNTIE ANNE'S PRETZELS & RED MANGO,9,2,7,5,4
1827,AUNTIE ANNE'S PRETZELS AND JAM,3,1,2,1,2
1828,AUNTIE ANNIE,5,1,4,3,2
1829,AUNTIE ANNIE'S PRETZELS,10,2,8,5,5
1830,AUNTIE ANNIE'S PRETZELS AND JAMBA JUICE,4,2,2,2,2
1831,"AUNTIE JO'S YUMMIES,INC.",2,2,0,1,1
1832,AUNTIE VEE'S CUPCAKES & DESSERTS,8,2,6,3,5
1833,AUNTY JOY'S,8,5,3,5,3
1834,AURA,4,2,2,1,3
1835,AURELIO'S PIZZA,19,7,12,12,7
1836,AURORA CHICAGO LAKESHORE,12,1,11,7,5
1837,AURORA CHICAGO LAKESHORE HOSPITAL,29,10,19,19,10
1838,AUSTER,2,0,2,2,0
1839,"AUSTIN & MONTROSE, INC",3,2,1,2,1
1840,AUSTIN DOLLAR & GROCERY,2,0,2,1,1
1841,AUSTIN DOLLAR PLUS,2,1,1,1,1
1842,AUSTIN EMPOWERMENT COALITION,4,3,1,2,2
1843,AUSTIN FOOD AND BEVERAGES INC.,3,1,2,1,2
1844,AUSTIN FOOD MART,5,2,3,3,2
1845,AUSTIN FOOD STORE INC,8,0,8,4,4
1846,AUSTIN GRILL AND SUB,2,1,1,1,1
1847,AUSTIN GROCERY,7,3,4,4,3
1848,"AUSTIN GROCERY & FOOD MART, INC",4,4,0,2,2
1849,AUSTIN JOYCE GROCERIES & CAFE,3,2,1,2,1
1850,AUSTIN MULTIPLEX HIGH SCHOOL,16,7,9,3,13
1851,AUSTIN PRODUCE,2,2,0,2,0
1852,AUSTIN SENIOR CENTER,17,6,11,6,11
1853,AUSTIN TOWN HALL CHILDREN'S CENTER,7,3,4,2,5
1854,AUTHENTIC COOKING,6,3,3,3,3
1855,"AUTHENTIC JERK FOODS, INC.",4,0,4,3,1
1856,AUTUMN GREEN AT MIDWAY VILLAGE,25,10,15,15,10
1857,AUTUMN GREEN AT WRIGHT CAMPUS,28,6,22,14,14
1858,AV FOODS WOK N CHOP,6,2,4,5,1
1859,AVA'S ITALIAN ICE COMPANY,3,1,2,1,2
1860,AVALON BAR & GRILL,8,3,5,6,2
1861,AVALON EAT SHOP,7,4,3,1,6
1862,AVALON PARK FOOD & DOLLAR,4,2,2,3,1
1863,AVANTGARDE BG,12,6,6,6,6
1864,AVANTI CAFFE,19,11,8,6,13
1865,AVASPI ANATOLIAN TAPAS,4,0,4,2,2
1866,AVE PASTA,3,0,3,3,0
1867,AVEC,19,8,11,8,11
1868,AVEC II,6,1,5,3,3
1869,AVEC III,3,0,3,3,0
1870,AVEC RIVER NORTH / BAR AVEC,3,1,2,0,3
1871,AVENIDA DEL SABOR,21,4,17,13,8
1872,AVENUE CARE CENTER INC,5,1,4,1,4
1873,AVENUE FOOD MAR INC,31,15,16,17,14
1874,AVENUE GROCERY MART,7,2,5,6,1
1875,AVENUE TAVERN,16,7,9,7,9
1876,"AVENUE WAREHOUSE MARAKET, INC",11,1,10,8,3
1877,"AVERS FOOD MARKET, INC.",3,1,2,1,2
1878,AVIATO,9,6,3,4,5
1879,AVIR CORPORATION,6,0,6,4,2
1880,AVIVA RESTAURANT,4,1,3,3,1
1881,AVLI ON THE PARK,9,3,6,5,4
1882,AVLI RIVER NORTH,16,4,12,10,6
1883,AVLI TAVERNA,17,5,12,14,3
1884,AVOCADO CAFE & EATERY,3,0,3,2,1
1885,AVONDALE BOWL,2,1,1,1,1
1886,AVONDALE MUSIC HALL,4,2,2,3,1
1887,AVONDALE TAP,18,9,9,13,5
1888,AVONDALE-LOGANDALE SCHOOL,39,18,21,10,29
1889,AVVIO INC,8,1,7,5,3
1890,AVY'S PIZZA,22,7,15,12,10
1891,AWAKE CAFE,8,5,3,3,5
1892,AWAKE WITH PEARL INC,4,2,2,2,2
1893,AWAMI BAZAAR & ZABIHA MEAT,15,6,9,7,8
1894,AWASH ETHIOPIAN RESTAURANT,25,12,13,9,16
1895,AWIL MOHAMED ERIC,5,0,5,3,2
1896,AWONE,2,0,2,2,0
1897,AXIS CHICAGO,2,2,0,1,1
1898,AXIS DEVELOPMENT GROUP LLC,4,1,3,2,2
1899,AXUM ETHIOPIAN RESTAURANT,6,2,4,4,2
1900,AY  AY PICANTE,18,10,8,7,11
1901,AY CARBON POLLO GRILL,10,3,7,7,3
1902,AY CHIWOWA,12,5,7,8,4
1903,"AY JALISCO NO TE RAJES RESTAURANT & TAQUERIA, CORP",3,0,3,2,1
1904,AY' MAMI,2,1,1,1,1
1905,AYA FOOD MART,3,1,2,2,1
1906,AYA PASTRY,4,2,2,1,3
1907,AYA SEASHELL,3,2,1,2,1
1908,AYMAN FOOD MARKET,6,2,4,3,3
1909,AZ FOODMART,2,0,2,2,0
1910,AZ RESTAURANT,2,0,2,2,0
1911,AZIZ CAFE,3,0,3,3,0
1912,AZTEC DAVE'S FOOD TRUCK,12,1,11,9,3
1913,"AZTEC DAVE'S TEQUILA BAR & GRILL, INC.",11,5,6,5,6
1914,AZTEC DAVES FOOD TRUCK,12,3,9,8,4
1915,AZTEC GRILL,2,0,2,2,0
1916,AZTECA CHICAGO GRILL,5,3,2,2,3
1917,AZTECA GRILL #2,6,2,4,3,3
1918,AZTECA INC,18,8,10,2,16
1919,AZTECA JALISCO RESTAURANTE,4,1,3,2,2
1920,AZTECA MINI MARKET,4,3,1,1,3
1921,AZTECA TACOS,11,4,7,6,5
1922,AZTECA TACOS RESTAURANT INC,4,1,3,4,0
1923,AZTECA de ORO MEXICAN GRILL,17,9,8,5,12
1924,AZTECAS MEX TAQUERIA,5,2,3,3,2
1925,AZTLAN MEXICAN GRILLL 1 INC.,11,1,10,8,3
1926,AZUCAR,12,5,7,3,9
1927,AZUCAR BAR & GRILL,25,8,17,16,9
1928,AZUCAR MORENA CA INC.,2,1,1,1,1
1929,"AZUCAR, NIEVES AND CAFE CORPORATION",10,3,7,6,4
1930,AZUL,8,2,6,6,2
1931,AZUR MEAT MARKET,13,4,9,7,6
1932,Acad. Of Scholastic Ach,18,10,8,4,14
1933,Academy of Global Citizenship,18,10,8,8,10
1934,Acappella Bistro,6,3,3,2,4
1935,Acero Charter Schools- Carlos Fuentes,2,2,0,0,2
1936,Adys Restaurant,3,1,2,2,1
1937,Al Primo Canto,4,1,3,2,2
1938,Al's Beef,11,6,5,3,8
1939,Aldi,7,2,5,3,4
1940,Aldi's Foods Belmont,5,3,2,0,5
1941,All Style Buffet,23,11,12,12,11
1942,"All Things Smoq'd Bbq Emporium,LLC.",4,1,3,4,0
1943,All for Dad LLC,5,1,4,2,3
1944,Almalki Food,3,0,3,3,0
1945,America's Dog O'hare,5,1,4,1,4
1946,American Grocery Store,2,1,1,1,1
1947,Ames Middle School,17,7,10,3,14
1948,Amigo Grocery Store,3,1,2,2,1
1949,Amigos De La Nutricion,3,0,3,2,1
1950,Amped Kitchens Chicago,2,1,1,1,1
1951,Andersen,5,1,4,2,3
1952,Andy's Super Discount,2,0,2,1,1
1953,Anmol Pan Shop,2,2,0,1,1
1954,"Apolonia Cafe, Inc",2,0,2,2,0
1955,Aquarius Club & Restaurant,14,1,13,7,7
1956,Aramark,3,1,2,1,2
1957,"Aramark Educational Services, Inc.",12,4,8,5,7
1958,Aramark at Ford Chicago Assembly Plant,4,1,3,3,1
1959,Arby's,7,2,5,4,3
1960,"Arby's /SBA,LTD",16,7,9,6,10
1961,Argo Tea,3,1,2,2,1
1962,Armand's Pizzeria,10,4,6,5,5
1963,Asado Coffee Company,10,4,6,4,6
1964,Asado Coffee Roasters,6,2,4,4,2
1965,Ascension Living Resurrection Village Life Center,3,1,2,0,3
1966,Ashe,26,9,17,15,11
1967,Asiel Foods,5,1,4,4,1
1968,Aspira Business & Finance High School,12,6,6,3,9
1969,Assoc. House Charter School,17,9,8,4,13
1970,Assumption Greek Orthodox Church,5,3,2,0,5
1971,Atino's Pizza,6,4,2,2,4
1972,Au Bon Pain,67,36,31,20,47
1973,Auntie Anne's Pretzels,18,10,8,9,9
1974,Austin Mart,3,0,3,2,1
1975,Avalon Park,16,9,7,6,10
1976,Avenida Peru Co.,6,2,4,3,3
1977,Azha Restaurant Inc.,3,1,2,2,1
1978,Azusa Liquors Inc.,5,2,3,2,3
1979,Azzurra Enotavola,8,2,6,4,4
1980,B & A FOOD,3,2,1,2,1
1981,"B & A MINIMART OF ILLINOIS, I",2,0,2,1,1
1982,B & A SUPERSUB INC,15,5,10,7,8
1983,B & B ICE CREAM AND CANDY,4,2,2,3,1
1984,B & B SUPERMARKET,5,3,2,3,2
1985,B & B SUPERMARKET LLC,2,1,1,1,1
1986,"B & G HEINZ PHARMACY, INC",6,2,4,2,4
1987,B & J SUPERMARKET,3,1,2,2,1
1988,"B & K FOOD MARKET, INC.",3,1,2,1,2
1989,B & L FAST FOOD & GROCERY,2,1,1,1,1
1990,B & P 'S SWEETS AND TREATS,6,2,4,2,4
1991,B & P'S SWEETS AND TREATS,3,2,1,1,2
1992,B -SIDE BURGER,3,1,2,3,0
1993,B AND J RESTAURANT INC,6,2,4,3,3
1994,B B Q PATIO,12,7,5,2,10
1995,B J'S  MARKET,24,8,16,8,16
1996,B M G INC,13,5,8,3,10
1997,B MART,4,2,2,2,2
1998,B&B ICE CREAM AND CANDY,14,1,13,8,6
1999,B&H CLUB,7,0,7,5,2
2000,"B' GABS GOODIES, LLC",15,8,7,7,8
2001,B'S TREATS,6,1,5,3,3
2002,B'Z SPORTS BAR & GRILL,4,2,2,3,1
2003,B--P GAS STATION,3,1,2,2,1
2004,B-SIDES COFFEE AND TEA COMPANY,5,3,2,4,1
2005,B. BIM ASIAN EATERY,3,0,3,2,1
2006,B. P. GAS,7,3,4,5,2
2007,B.I. TEA,5,2,3,3,2
2008,B.I. TEA & DIM SUM,7,3,4,4,3
2009,B.P.,4,3,1,1,3
2010,B.P. GAS & FOOD MART,3,0,3,3,0
2011,B.P.- PULASKI,7,5,2,2,5
2012,B.R.A. INC,5,2,3,2,3
2013,BA LE SANDWICHES #3,9,4,5,2,7
2014,BA LE SANDWICHES 2,5,2,3,3,2
2015,BABA $ PLUS MARKET INC.,3,2,1,1,2
2016,BABA BAZAR CASH & CARRY,3,1,2,1,2
2017,BABA BROS. CASH & CARRY,4,1,3,2,2
2018,BABA CASH & CARRY,3,1,2,2,1
2019,BABA DOLLAR PLUS MARKET,5,0,5,4,1
2020,BABA GHANOUSH,6,1,5,6,0
2021,BABA GHANOUSH RESTAURANT,3,1,2,3,0
2022,BABA JOE'S,2,0,2,1,1
2023,BABA PALACE,2,1,1,1,1
2024,BABA PITA,30,9,21,19,11
2025,BABA PITA PALACE,12,3,9,8,4
2026,BABA'S,7,4,3,3,4
2027,BABA'S BUFFALO FAMOUS CRISPY CHICKEN & LEMONADE,3,1,2,2,1
2028,BABA'S COFFEE,27,8,19,17,10
2029,BABA'S FAMOUS STEAK,2,0,2,2,0
2030,BABA'S FAMOUS STEAK & LEMONADE,27,10,17,15,12
2031,BABA'S FAMOUS STEAK & LEMONAIDE,9,3,6,7,2
2032,BABA'S FAMOUS STEAK AND LEMONADE,50,14,36,29,21
2033,BABA'S FAMOUS STEAKS & LEMONDADE,2,0,2,1,1
2034,"BABA'S FOOD MART, INC.",13,4,9,9,4
2035,BABA'S HALAL FAMOUS STEAKS & LEMONADE INC,3,1,2,2,1
2036,BABA'S HALAL FAMOUS STEAKS AND LEMONADE INC,2,1,1,2,0
2037,"BABA'S KITCHEN, FISH AND CHICKEN, INC.",7,1,6,5,2
2038,BABA'S MIXED GRILL,2,0,2,1,1
2039,BABA'S RESTAURANT,6,2,4,3,3
2040,BABA'S STEAK & LEMONADE,15,5,10,5,10
2041,BABA'S VILLAGE,16,8,8,7,9
2042,BABAS 63 & DAMEN,4,2,2,2,2
2043,BABAS FAMOUS STEAK & LEMONADE,24,12,12,10,14
2044,BABAS FAMOUS STEAK AND LEMMONADE,3,2,1,2,1
2045,"BABAS FAMOUS STEAK AND LEMONADE ON LARAMIE,INC.",2,1,1,1,1
2046,"BABAS FISH & CHICKEN, INC",4,1,3,2,2
2047,BABAS HALAL,6,2,4,6,0
2048,"BABAS STEAK & LEMONADE, INC..",7,1,6,4,3
2049,BABAS STEAK AND LEMONADE,5,1,4,4,1
2050,BABAS UNCLE NICK,3,1,2,2,1
2051,BABB'S BBQ,9,2,7,7,2
2052,BABES ON MILWAUKEE,3,1,2,2,1
2053,BABIL KABOB HOUSE,3,1,2,2,1
2054,BABY BABA,2,1,1,1,1
2055,BABY BURRITOS,18,7,11,5,13
2056,BABY SHARKS STEAK & LEMONADE INC,2,1,1,1,1
2057,BABYLON,12,5,7,6,6
2058,BABYLON BISTRO,8,1,7,6,2
2059,BABYLON EATERY,4,2,2,2,2
2060,BABYLON FOOD AND CAFE,7,3,4,3,4
2061,BABYLON GROCERY AND MEAT MART,4,0,4,2,2
2062,BACARDI AT THE PARK,5,3,2,0,5
2063,BACCHANALIA REST & LNG,25,8,17,12,13
2064,BACCI CAFE & PIZZERIA LTD,25,15,10,12,13
2065,BACCI CAFE & PIZZERIA WRIGLEYVILLE INC.,8,4,4,4,4
2066,BACCI CAFE AND PIZZERIA ON MILWAUKEE AVE. INC.,32,11,21,21,11
2067,BACCI PIZZA,7,1,6,6,1
2068,BACCI PIZZA EXPRESS,2,0,2,1,1
2069,BACCI PIZZA FRANKLIN,15,3,12,10,5
2070,BACCI PIZZA LITTLE ITALY INC.,11,4,7,6,5
2071,BACCI PIZZA ON CLARK,6,4,2,4,2
2072,BACCI PIZZERIA,19,8,11,10,9
2073,BACCI PIZZERIA ON CHICAGO AVE,24,13,11,10,14
2074,BACCI-OLDTOWN,5,2,3,3,2
2075,BACI AMORE,7,2,5,5,2
2076,BACI FROM TAYLOR STREET,4,0,4,1,3
2077,BACINO'S OF LINCOLN PARK LTD,27,7,20,16,11
2078,BACINO'S ON CLINTON,5,4,1,1,4
2079,BACINOS ITALIAN GRILL,17,4,13,11,6
2080,BACK OF THE YARDS,13,8,5,1,12
2081,BACK OF THE YARDS COFFEE,2,1,1,1,1
2082,BACK ROOM,4,0,4,3,1
2083,BACKLOT COFFEE,3,0,3,2,1
2084,BACKLOT COFFEE / BC IRVING PARK LLC,2,0,2,0,2
2085,"BACOLOD CHICKEN HAUS, INC",11,7,4,3,8
2086,BACOLOD CHICKEN HOUSE LLC,8,2,6,5,3
2087,BACON & JAM,15,5,10,8,7
2088,BAD ASS COFFEE OF HAWAII,4,1,3,3,1
2089,BAD DOG TAVERN AND GRILL,14,3,11,8,6
2090,BAD HUNTER,8,3,5,3,5
2091,BAD JOHNNY'S,2,1,1,0,2
2092,BAD OWL COFFEE ROASTERS,4,1,3,2,2
2093,BAD WOLF COFFEE,3,0,3,1,2
2094,BADABING WINGS,5,2,3,2,3
2095,BADERBRAU BREWING COMPANY,7,2,5,4,3
2096,BADHAPPY POUTINE SHOP,4,2,2,1,3
2097,BADOU SENEGALESE CUISINE,22,8,14,12,10
2098,BADRI DEVAN,4,0,4,3,1
2099,BAE COFFEE COMPANY,3,1,2,2,1
2100,BAGDAD BAKERY & KABOB INC,13,3,10,10,3
2101,BAGEL ON DAMEN,5,2,3,3,2
2102,BAGELERS COFFEEHOUSE,15,5,10,11,4
2103,"BAGELS ON LINCOLN, LLC",4,1,3,3,1
2104,"BAGHDAD BAKERY & KABOB, INC.",10,3,7,4,6
2105,BAGHDAD RESTAURANT,6,3,3,4,2
2106,BAGONG TAON ORIENTAL MART,2,2,0,1,1
2107,"BAHA RESTAURANT, INC.",9,2,7,6,3
2108,BAHAY  KUBO,11,3,8,7,4
2109,BAHAY KUBO,4,2,2,3,1
2110,"BAI CAFE, INC.",24,10,14,13,11
2111,BAI ORDO,2,1,1,1,1
2112,BAISI THAI,16,8,8,7,9
2113,"BAIT FAST FOOD, INC.",7,4,3,5,2
2114,BAJA EXPRESS INN TAQUERIA,8,2,6,6,2
2115,"BAJA EXPRESS INN TAQUERIA 1, INC.",3,3,0,1,2
2116,BAJO CERO,5,1,4,4,1
2117,BAKE,9,5,4,2,7
2118,BAKE FOR ME,22,8,14,6,16
2119,BAKE FOR ME!,17,4,13,9,8
2120,"BAKE ME OFF A PIECE OF THAT, LLC",2,2,0,1,1
2121,BAKER & NOSH,4,1,3,2,2
2122,BAKER & NOSH BAKERY,7,4,3,3,4
2123,BAKER MILLER,12,6,6,7,5
2124,"BAKER MILLER, LLC",7,3,4,3,4
2125,BAKER SISTERS INC,7,1,6,3,4
2126,BAKERS SQUARE,2,0,2,2,0
2127,BAKERS SQUARE  220185,17,4,13,6,11
2128,BAKERS SQUARE # 220658,22,10,12,9,13
2129,BAKERS SQUARE #220658,9,4,5,5,4
2130,BAKERS SQUARE RESTAURANT,2,1,1,1,1
2131,BAKERY & GROCERY,2,0,2,1,1
2132,BAKERY GARDEN CAFE INC.,5,1,4,2,3
2133,BAKING FOR THE TAKING,2,0,2,1,1
2134,BALADOCHE,3,1,2,2,1
2135,BALANCED SUPPLY INC.,3,1,2,2,1
2136,BALE FRANCH BAKERY & REST,2,1,1,2,0
2137,BALE SANDWICH AND BAKERY,26,9,17,19,7
2138,BALENA,11,3,8,8,3
2139,BALKAN RESTAURANT CORP,2,0,2,2,0
2140,BALLAST POINT BREWING COMPANY,12,5,7,7,5
2141,BALLY TOTAL FITNESS CORPORATION,18,11,7,10,8
2142,BALLY'S,3,2,1,1,2
2143,"BALMORAL HOME, INC.",17,7,10,7,10
2144,"BALTIC DELI, INC.",2,1,1,2,0
2145,"BALU SMOOTHIES AND MOOR, LLC",4,2,2,2,2
2146,BALZEKAS MUSEUM OF LITHUANIAN,3,2,1,0,3
2147,BAMBI,33,21,12,7,26
2148,BAMBINOS BAKERY,5,2,3,3,2
2149,BAMBOLA & COQUETTE,7,4,3,1,6
2150,BAMBOO CHINA,2,0,2,1,1
2151,BAMBOO GARDEN RESTAURANT,18,8,10,8,10
2152,BAMBU DESSERTS AND DRINKS,10,2,8,6,4
2153,BAMENDA FRESH ON JEFFERY,10,0,10,7,3
2154,BAMYAN KABAB,7,3,4,5,2
2155,BANADIR RESTAURANT,3,0,3,2,1
2156,BANANA CREAM ICE CREAM LLC,2,0,2,2,0
2157,BANANA JOE'S,9,6,3,5,4
2158,BANANAS FOSTER CAFE,5,2,3,2,3
2159,BAND OF BOHEMIA,9,3,6,5,4
2160,BANDERA,22,10,12,9,13
2161,BANDERO PRODUCE,2,0,2,1,1
2162,BANG BANG,20,6,14,6,14
2163,BANG BANG BISCUITS,9,1,8,6,3
2164,BANG CHOP,7,3,4,4,3
2165,BANGE'S,14,5,9,7,7
2166,BANGERS & LACE,17,8,9,8,9
2167,BANGES SUPERMARKET,4,1,3,2,2
2168,BANGKOK BELLY,21,6,15,12,9
2169,BANGKOK THAI CUISINE,12,4,8,7,5
2170,BANGKOK VIDEO & GROCERY INC,4,2,2,2,2
2171,BANGKOK WOK,9,2,7,6,3
2172,BANH MI,4,1,3,3,1
2173,BANH MI & CO,13,5,8,7,6
2174,BANH MI & CO.,8,3,5,4,4
2175,BANH MI AND CO,5,2,3,3,2
2176,BANH MI BA GET,31,12,19,19,12
2177,BANH MI CITY,3,0,3,2,1
2178,BANH MI EXPRESS SANDWISH,5,2,3,3,2
2179,BANHMI EXPRESS SANDWICH,3,1,2,2,1
2180,BANI'S BEETS,6,2,4,3,3
2181,BANNER ACADEMY (NORTH),7,1,6,4,3
2182,BANNER PIZZERIA,6,1,5,4,2
2183,BANNER WEST ACADEMY,7,3,4,4,3
2184,BANQUET H,6,1,5,3,3
2185,BANQUET ON ROCKWELL,6,1,5,4,2
2186,BANQUETES LA GLORIA,10,3,7,6,4
2187,BANQUETES LA GLORIA 47TH ST,2,0,2,1,1
2188,BAOBAB BBQ,4,2,2,3,1
2189,BAOCOS,3,1,2,2,1
2190,BAR & MARISCOS,14,6,8,7,7
2191,BAR 22,4,1,3,2,2
2192,BAR BAR BLACK SHEEP,11,5,6,5,6
2193,BAR BARI,3,1,2,2,1
2194,BAR BISCAY,3,1,2,2,1
2195,BAR CAFE SAN FRANCESCO,15,6,9,7,8
2196,BAR CARGO,12,1,11,7,5
2197,BAR CASA BLANCA,13,2,11,8,5
2198,BAR CELONA,10,5,5,6,4
2199,BAR COCINA,23,9,14,17,6
2200,BAR DAVID/RUBENSTEIN FORUM,6,2,4,2,4
2201,BAR DEVILLE,3,1,2,2,1
2202,BAR ESQUINA,6,3,3,3,3
2203,BAR GOA,7,1,6,3,4
2204,BAR LORRAINE'S,2,0,2,2,0
2205,BAR LOUIE,94,42,52,44,50
2206,BAR LOUIE WRIGLEYVILLE,3,0,3,2,1
2207,BAR LUPO,3,0,3,2,1
2208,BAR MARTA,9,3,6,6,3
2209,BAR RAMONE,6,2,4,4,2
2210,BAR RISTA CAFE,2,0,2,2,0
2211,BAR ROMA,13,4,9,5,8
2212,BAR SIENA,19,6,13,9,10
2213,BAR SIENA- BOMBO BAR,5,2,3,5,0
2214,BAR TAKITO,20,6,14,12,8
2215,BAR TOMA,16,5,11,5,11
2216,BAR UMBRIAGO,2,1,1,1,1
2217,BAR-B-Q TONITE LLC,4,0,4,3,1
2218,BAR-B-QUE BOB'S,3,1,2,2,1
2219,BAR-B-QUE KINGDOM,2,0,2,2,0
2220,"BAR-B-QUE KINGDOM, LLC",6,0,6,5,1
2221,BARAJAS SAZON,2,2,0,1,1
2222,"BARAKAH FOODS INC.,",4,0,4,2,2
2223,BARANGAROOS AUSSIE PIES,16,4,12,8,8
2224,BARBA YIANNI GRECIAN TAVERNA,4,1,3,2,2
2225,BARBA YIANNI TAVERNA INC.,26,9,17,14,12
2226,BARBACOA EL PERICO,8,4,4,5,3
2227,BARBAKAN RESTAURANT,13,6,7,5,8
2228,BARBARA ANN'S BARBE-QUE INC.,10,4,6,4,6
2229,BARBARA JONES,2,0,2,0,2
2230,BARBARA'S SOUL FOOD,7,2,5,5,2
2231,BARBARO,9,2,7,7,2
2232,BARBECUE KING RESTAURANT,25,15,10,7,18
2233,BARBERRY,3,2,1,3,0
2234,BARBIE CAFE,2,1,1,2,0
2235,BARCA,5,2,3,3,2
2236,BARCELLO'S PIZZA,13,6,7,6,7
2237,BARCOCINA,6,1,5,3,3
2238,BARE BERRY COMPANY,2,0,2,1,1
2239,BAREBURGER,7,2,5,3,4
2240,BARGAIN FOOD,10,4,6,5,5
2241,BARGAIN FOOD MART,5,1,4,4,1
2242,BARI,21,11,10,8,13
2243,BARISTA COFFEE HOUSE INC.,2,1,1,1,1
2244,BARISTA ESPRESSO,3,1,2,1,2
2245,BARISTA EXPRESS,7,3,4,2,5
2246,BARKAT AMOCO,8,3,5,5,3
2247,BARN & COMPANY,9,3,6,5,4
2248,BARN AND COMPANY,4,1,3,2,2
2249,BARNARD,16,9,7,0,16
2250,BARNES & NOBLE BOOKSELLERS#2922,12,4,8,9,3
2251,BARNES & NOBLES BOOKSELLERS #2780,6,2,4,3,3
2252,BARNEY CALLAGHAN'S PUB,2,1,1,1,1
2253,"BARNEY'S MART, INC.",4,1,3,3,1
2254,BARNEY'S PIZZA,40,19,21,18,22
2255,BARNEY'S PIZZERIA,13,5,8,9,4
2256,BARPIZZAQUE,3,1,2,2,1
2257,BARRA CENTRAL,6,2,4,5,1
2258,BARRACO'S PIZZA,37,15,22,20,17
2259,BARRACO'S PIZZA AND THE VINEYARD BANQUETS,4,1,3,2,2
2260,"BARRACO'S PIZZA,",5,2,3,3,2
2261,BARRELHOUSE FLAT,19,6,13,14,5
2262,BARRELMAN TAVERN,2,0,2,1,1
2263,BARRIO,11,1,10,10,1
2264,BARRIO URBAN TAQUERIA,6,2,4,4,2
2265,BARRY CALLEBAUT USA LLC,7,5,2,1,6
2266,BARRY'S,4,2,2,2,2
2267,BARRY'S BOOTCAMP,8,3,5,5,3
2268,BARRYS SPOT PIZZA,6,1,5,5,1
2269,BARSTOOL RIVER NORTH,11,3,8,8,3
2270,BARTACO,5,3,2,1,4
2271,BARTOLI'S PIZZERIA,21,10,11,9,12
2272,BARTOLOME DE LAS CASAS CHARTER SCHOOL,20,6,14,9,11
2273,BARTON ELEMENTARY SCHOOL,21,7,14,7,14
2274,BARTON G - THE RESTAURANT,7,2,5,5,2
2275,BARTON SENIOR RESIDENCES OF CHICAGO,17,7,10,5,12
2276,BARTUCCI,21,7,14,15,6
2277,BARWALL CORPORATION/CULVER'S OF CHICAGO-BRONZEVILL,6,2,4,3,3
2278,BARWAQO KABOB,4,3,1,2,2
2279,BARWAQO KABOB ONE,4,0,4,3,1
2280,BARWAQO KABOB RESTAURANT ONE,11,4,7,6,5
2281,BASANT,10,0,10,9,1
2282,BASCULE WINE BAR & AMERICAN BISTRO,6,2,4,3,3
2283,BASEBALL BUFFET INC,14,7,7,5,9
2284,BASECAMP,2,0,2,0,2
2285,BASEHIT BBQ,9,2,7,5,4
2286,BASIL LEAF CAFE/SAGE,13,5,8,4,9
2287,BASKET FOOD MART,2,1,1,1,1
2288,BASKIN ROBBINS,31,15,16,9,22
2289,BASKIN ROBBINS/ DUNKIN DONUTS,18,7,11,5,13
2290,BASRAH COFFEESHOP INC.,4,1,3,3,1
2291,BASS ELEMENTARY SCHOOL,23,9,14,7,16
2292,BATTER & BERRIES LLC,24,6,18,16,8
2293,BAUME & BRIX,5,1,4,2,3
2294,BAVETTE'S,22,11,11,9,13
2295,BAWARCHI ON DEVON,13,2,11,10,3
2296,BAWARCHI ON OKALEY,7,2,5,3,4
2297,BAY LEAF RESTAURANT,5,1,4,2,3
2298,BAY VALLEY FOODS LLC,2,0,2,0,2
2299,BAY-BAY'S WINGS AND THINGS,2,0,2,1,1
2300,BAYAN KO,11,2,9,9,2
2301,BAYAN KO DINER,2,1,1,1,1
2302,BAZA SPORTS CLUB,4,3,1,3,1
2303,BAZAAR MEAT,5,2,3,1,4
2304,BAZAAR MEAT/CAFE BY THE RIVER/ BAR MAR,5,3,2,2,3
2305,BAZAAR MEAT/CAFE BY THE RIVER/BAR MAR,4,2,2,1,3
2306,BB BUN MI EXPRESS,12,5,7,7,5
2307,BB'S A PLACE TO EAT,3,1,2,3,0
2308,BB.Q CHICKEN EDGEWATER,3,0,3,2,1
2309,BBQ CHICKEN EDGEWATER BEACH,3,0,3,2,1
2310,BBQ FOR YOU,4,1,3,2,2
2311,BBQ HALAL GRILL INC.,3,1,2,2,1
2312,BBQ SUPPLY,2,0,2,2,0
2313,BBQ SUPPLY CO.,12,3,9,7,5
2314,BBQ TIPS AND THINGS CORP,5,2,3,2,3
2315,BC IRVING PARK LLC,7,2,5,5,2
2316,BCQ RESTAURANT INC.,14,6,8,3,11
2317,BE JUICED,6,2,4,3,3
2318,BE KIDS CAFE,5,0,5,3,2
2319,BE LEAF,11,6,5,5,6
2320,BE MY GUEST EVENTS,5,2,3,1,4
2321,"BEACON HEALTH CARE, LLC",8,2,6,4,4
2322,BEACON TAP,5,3,2,1,4
2323,BEACON TAVERN,9,3,6,4,5
2324,BEACON THERAPEUTIC DIAGNOSTIC AND TREATMENT CENTER,10,4,6,4,6
2325,BEACON TLC HEALTH CENTER,2,1,1,1,1
2326,BEAN & LEAF,5,1,4,3,2
2327,BEANS & BAGEL,9,5,4,4,5
2328,BEANS & BAGELS,19,7,12,7,12
2329,BEARD & BELLY,7,3,4,5,2
2330,BEARD PAPA SWEETS CAFE,2,0,2,1,1
2331,BEARD PAPAS,5,0,5,2,3
2332,BEAT KITCHEN,25,13,12,12,13
2333,BEAT KITCHEN ON THE RIVERWALK,2,1,1,2,0
2334,BEAT KITCHEN'S BAR SOL,6,2,4,3,3
2335,BEATNIK,18,4,14,9,9
2336,BEATRIX,44,17,27,13,31
2337,BEATRIX COFFEE ROASTERS,2,0,2,2,0
2338,BEATRIX MARKET,22,9,13,10,12
2339,BEAUDEVIN WINE BAR,9,5,4,1,8
2340,BEAUMONT,15,6,9,9,6
2341,BEAUTIFUL CAKES,12,4,8,5,7
2342,BEAUTY BAR,6,2,4,4,2
2343,BEAVERS COFFEE & DONUTS,33,13,20,18,15
2344,BEBE'S EATERY,10,3,7,8,2
2345,BECK'S,8,1,7,6,2
2346,BECKETT'S PUB,2,1,1,0,2
2347,BEDOLLA FOODS,2,2,0,2,0
2348,BEE AND TEA,4,1,3,2,2
2349,BEEF & BURGER,17,8,9,6,11
2350,BEEF AND BRANDY RESTAURANT,20,8,12,11,9
2351,BEEF CHIEF,15,7,8,10,5
2352,BEEF SHACK,4,1,3,2,2
2353,BEEFBELLY,10,6,4,4,6
2354,BEEFEE SUBMARINE INC,7,5,2,3,4
2355,"BEEFEE, INC.",8,3,5,5,3
2356,BEEFSTEAK,2,0,2,1,1
2357,BEEFY'S,20,10,10,7,13
2358,BEER,10,2,8,4,6
2359,BEER RUN LLC,2,0,2,1,1
2360,BEERHEAD BAR & EATERY,3,1,2,1,2
2361,BEERMISCUOUS,5,1,4,2,3
2362,BEEZEE,22,5,17,9,13
2363,BEEZZEE,13,3,10,7,6
2364,BEFORE YOU GO LIQUORS,2,1,1,0,2
2365,BEGGAR'S PIZZA,21,7,14,13,8
2366,BEGGARS PIZZA,56,25,31,23,33
2367,BEGIN,4,2,2,2,2
2368,BEGINNERS DEPOT CHILD AND FAMILY,6,1,5,4,2
2369,BEGYLE BREWING,4,1,3,0,4
2370,"BEIJING 88, INC",20,11,9,4,16
2371,BEIJING BUFFET,6,2,4,6,0
2372,BEIJING CHINESE RESTAURANT,2,0,2,1,1
2373,BEIJING GARDEN,7,1,6,7,0
2374,"BEIJO DE CHOCOLAT, LLC",6,1,5,1,5
2375,BEL 50,2,1,1,1,1
2376,BEL PARK FOOD & LIQUOR,2,1,1,0,2
2377,BEL-AMI RESTAURANT,20,6,14,9,11
2378,BEL-LONG PANTRY,7,3,4,4,3
2379,"BELCHI GAS & FOOD,INC.",3,1,2,2,1
2380,BELDEN'S 3RD FLOOR DELI,3,2,1,2,1
2381,BELEN,5,1,4,5,0
2382,"BELHAVEN NURSING AND REHABILITATION CENTER, LLC",17,8,9,5,12
2383,BELIZEAN AMERICAN JERK,4,1,3,2,2
2384,BELL HEIRS BBQ INC,2,0,2,0,2
2385,BELLA 'MBRIANA CAFFE,7,3,4,3,4
2386,"BELLA FLORA FOODS, LTD",2,0,2,1,1
2387,BELLA LUNA BAR,2,1,1,1,1
2388,BELLA LUNA CAFE,21,10,11,11,10
2389,BELLA NOTTE,29,8,21,18,11
2390,"BELLA VITA ENTERPRISES, INC.",9,3,6,4,5
2391,BELLA VITA PIZZARIA,9,4,5,3,6
2392,BELLA! BACINO'S,21,7,14,12,9
2393,BELLA'S  PIZZA,10,3,7,4,6
2394,BELLA'S CAKES AND PASTRIES,4,2,2,2,2
2395,BELLA'S PIZZA,17,8,9,6,11
2396,BELLA'S TACOS,2,1,1,2,0
2397,"BELLAFLORA FOODS, LTD.",3,0,3,2,1
2398,BELLAGIO 223,3,0,3,2,1
2399,BELLAS FUENTEZ,22,10,12,12,10
2400,BELLEZZA,3,1,2,1,2
2401,BELLI'S,19,7,12,12,7
2402,BELLI'S CHICAGO,5,0,5,4,1
2403,BELLI'S CHICAGO LLC,2,0,2,2,0
2404,BELLO TEA,5,2,3,3,2
2405,BELLONA'S PIZZA,10,1,9,5,5
2406,BELLWETHER MEETING HOUSE & EATERY,14,3,11,10,4
2407,BELLY BUSTERS GRILL INC,3,0,3,2,1
2408,BELLY Q,2,1,1,0,2
2409,BELLY Q/URBAN BELLY II,9,6,3,4,5
2410,BELLY SHACK,7,2,5,3,4
2411,BELLY UP SMOKEHOUSE AND SALOON,6,2,4,3,3
2412,BELLY'S GRILL AND BAR,2,0,2,2,0
2413,BELLYFULL,3,1,2,2,1
2414,BELMONT & MAJOR MART,2,1,1,1,1
2415,BELMONT & MAJOR ONE STOP,2,0,2,2,0
2416,BELMONT & MILWAUKEE SHELL,5,2,3,3,2
2417,BELMONT BP,2,1,1,0,2
2418,BELMONT CAFE,10,3,7,6,4
2419,BELMONT CHILD CARE CENTER LLP,9,4,5,3,6
2420,BELMONT CRAGIN EARLY CHILDHOOD CENTER,4,2,2,1,3
2421,BELMONT CRAGIN ECC,2,0,2,1,1
2422,BELMONT DONUTS INC.,16,9,7,5,11
2423,BELMONT HARBOR MARKET,3,1,2,0,3
2424,"BELMONT HAUS, LLC",2,1,1,0,2
2425,BELMONT KOSTNER UNION 76,3,2,1,2,1
2426,BELMONT MART,3,1,2,2,1
2427,BELMONT NURSING HOME INC,12,7,5,6,6
2428,BELMONT PLACE SENIOR HOUSING,3,1,2,2,1
2429,BELMONT SHELL,6,3,3,3,3
2430,BELMONT SNACK SHOP,22,8,14,7,15
2431,"BELMONT VILLAGE LINCOLN PARK, LLC",4,0,4,3,1
2432,"BELMONTE FOOD, WINE, & SPIRITS, INC.",5,0,5,3,2
2433,BELMONTE LIQUORS,9,2,7,7,2
2434,BEMO'S,7,3,4,3,4
2435,BEMO'S ORIGINAL DRIVE-IN,5,2,3,1,4
2436,BEN & JERRY'S,6,2,4,4,2
2437,BEN & JERRY'S ( NAVY PIER ),5,1,4,3,2
2438,BEN & JERRY'S AT NAVY PIER,6,4,2,2,4
2439,BEN & JERRY'S MIDWAY,10,5,5,4,6
2440,BEN GAMOOM INC,5,2,3,3,2
2441,BEN PAO,3,0,3,3,0
2442,BEN SALEM FOOD MARKET,12,7,5,7,5
2443,BEN'S  SOFT PRETZELS-FRENCH MARKET,5,2,3,4,1
2444,BEN'S NOODLES & RICE,25,10,15,13,12
2445,BENCHMARK BAR & GRILL,26,11,15,13,13
2446,"BENCHMARK HOSPITALITY OF CHICAGO, INC.",20,9,11,8,12
2447,BENCHWARMERS,3,2,1,2,1
2448,BENIHANA,13,5,8,6,7
2449,"BENIN MARCHE,INC.",2,2,0,1,1
2450,BENITO JUAREZ COMMUNITY ACADEMY,19,5,14,8,11
2451,BENJA'S TAMALES,2,0,2,1,1
2452,BENJAMIN E MAYS ACADEMY,23,8,15,11,12
2453,BENJYEHUDA,41,12,29,17,24
2454,BENJYEJUDA,2,0,2,1,1
2455,BENNETT,20,7,13,9,11
2456,BENNETT DAY SCHOOL,7,2,5,2,5
2457,BENNIGAN'S #1426,9,6,3,6,3
2458,BENNY THAI,5,1,4,2,3
2459,BENNY'S BURGERS & HOTDOGS,2,1,1,2,0
2460,BENNY'S CHOPHOUSE,14,5,9,5,9
2461,BENNY'S GRILL,3,2,1,2,1
2462,BENNY'S GRILL CORP.,6,3,3,2,4
2463,BENNY'S PIZZA,32,16,16,14,18
2464,BENTO BOX AND ARTISAN CATERING,4,2,2,4,0
2465,BENTONARA,2,1,1,1,1
2466,BEOGRAD CAFE AND RESTAURANT,19,6,13,11,8
2467,BEOGRAD MEAT MARKET,14,7,7,7,7
2468,BERBATI FOOD AND LIQUORS,9,7,2,1,8
2469,BERCO'S POPCORN LLC,4,3,1,1,3
2470,BERCO'S POPCORN LLC.,2,1,1,1,1
2471,"BEREKE, INC..",12,4,8,6,6
2472,BEREKET,2,0,2,1,1
2473,BERGHOFF CAFE,27,9,18,11,16
2474,BERGHOFF'S,14,4,10,7,7
2475,"BERGSTEIN'S NY DELICATESSEN, LLC",9,3,6,5,4
2476,BERNARD & VANESSA'S LOUNGE,3,2,1,2,1
2477,BERNARD HORWICH JCC,15,5,10,5,10
2478,BERNARD MITCHELL HOSPITAL,15,5,10,7,8
2479,BERNARD MOOS ELEMENTARY SCHOOL,26,10,16,12,14
2480,BERNICE E. LAVIN CHILD CARE CT,4,3,1,2,2
2481,BERNICE E. LAVIN ECEC FOR NORT,12,7,5,5,7
2482,BERNIE'S,24,9,15,14,10
2483,BERNIE'S LUNCH  & SUPPER,16,4,12,7,9
2484,BERNIE'S RESTAURANT,6,3,3,3,3
2485,BERRISTA COFFEE,4,3,1,3,1
2486,BERRY CHILL,5,2,3,4,1
2487,BERRYMOON,6,1,5,4,2
2488,BERTUCCI'S,5,1,4,3,2
2489,BESPOKE CUISINE,14,8,6,6,8
2490,BESPOKE MEN'S GROOMING,2,0,2,1,1
2491,BEST BAR,7,1,6,6,1
2492,BEST BBQ,35,11,24,19,16
2493,"BEST BBQ HOUSE, INC",4,0,4,3,1
2494,BEST BBQ II,3,0,3,2,1
2495,BEST BUY FOOD & LIQUOR,7,3,4,2,5
2496,BEST CATERING INC,2,0,2,2,0
2497,"BEST CHOICE ORIENTAL GROCERY, INC.",11,5,6,5,6
2498,"BEST CROUTONS, LLC",3,3,0,2,1
2499,BEST DOLLAR & FOOD,2,2,0,1,1
2500,"BEST DOLLAR MARKET, INC.",2,1,1,1,1
2501,BEST EVER FRIED,2,0,2,1,1
2502,BEST FALAFEL INC.,5,1,4,3,2
2503,BEST FOOD,6,5,1,3,3
2504,BEST FOOD MART,5,0,5,3,2
2505,BEST FOOD SERVICES,2,1,1,1,1
2506,BEST INTENTIONS,13,2,11,9,4
2507,BEST JERK,2,0,2,1,1
2508,BEST NAAN,11,4,7,5,6
2509,BEST QUICK SUBS,4,3,1,2,2
2510,BEST QUICK SUBS INC,2,1,1,1,1
2511,BEST SHOP MARKET CORP.,3,2,1,2,1
2512,BEST SOUTHSIDE GYRO,3,0,3,1,2
2513,BEST SOUTHTOWN GYROS,3,1,2,2,1
2514,"BEST START/ERA THOMPSON, INC.",19,6,13,6,13
2515,BEST STEAKHOUSE,3,2,1,1,2
2516,BEST STEAKS,4,2,2,2,2
2517,"BEST STOP SHOP, INC.",3,1,2,2,1
2518,BEST SUB,16,7,9,8,8
2519,BEST SUB #2,19,8,11,11,8
2520,BEST SUB CORNER INC,2,1,1,1,1
2521,BEST SUB INCORPORATED,15,4,11,7,8
2522,BEST SUB NO2,6,2,4,2,4
2523,BEST SUBMARINE,8,3,5,4,4
2524,BEST SUBMARINES,5,0,5,2,3
2525,BEST SUBS,3,1,2,3,0
2526,BEST SUBS #3 INC.,26,6,20,13,13
2527,BEST SUBS & PIZZA,4,2,2,3,1
2528,BEST TACO & BURRITO JOINT CORP,15,6,9,8,7
2529,BEST TASTE OF CHICAGO,2,1,1,2,0
2530,BEST TASTY SUB,5,3,2,3,2
2531,BEST THING SMOKIN,4,0,4,3,1
2532,BEST WESTERN RIVER NORTH HOTEL,2,1,1,0,2
2533,BETEUR 1 CHILDCARE,18,7,11,10,8
2534,BETH -ANNE PLACE,20,10,10,5,15
2535,BETHANY HOSPITAL,2,1,1,1,1
2536,BETHANY RETIREMENT COMMUNITY,12,7,5,5,7
2537,"BETHEL NEW LIFE, INC.",7,2,5,4,3
2538,BETHESDA HOME/RETIRENMENT CENT,14,8,6,5,9
2539,"BETHLEHEM FOOD MARKET, INC.",2,0,2,1,1
2540,BETHLEHEM FOOD MART INC.,6,1,5,4,2
2541,"BETHLEHEM PITA & GRILL, INC.",4,0,4,2,2
2542,BETHUNE EDUCATIONAL CENTER,3,1,2,2,1
2543,BETO'S PIZZERIA INC,6,2,4,4,2
2544,BETTER BOY,3,1,2,3,0
2545,BETTER GOURMET RESTAURANT,5,2,3,4,1
2546,BETTIE LOU'S,8,2,6,5,3
2547,BETTIE'S,2,0,2,2,0
2548,BETTY BOO SNACK SHOP,5,2,3,3,2
2549,BETTY SHABAZZ INTERNATIONAL CHARTER SCHOOL,21,7,14,9,12
2550,"BETTY'S DAY CARE ACADEMY, INC.",6,2,4,1,5
2551,"BETTY'S DAYCARE ACADEMY, INC.",12,5,7,3,9
2552,BETTY'S ICECREAM,9,4,5,3,6
2553,BETTYBOT SHOP,5,2,3,3,2
2554,"BETWEEN CAFE, BOUTIQUE & LOUNGE",8,3,5,5,3
2555,BEURRAGE,2,0,2,1,1
2556,BEV ART,2,2,0,1,1
2557,BEVERLY BAKERY INC,25,11,14,12,13
2558,BEVERLY BAKERY INC.,4,1,3,2,2
2559,BEVERLY COFFEE SHOP,4,1,3,2,2
2560,BEVERLY FOOD MART,3,1,2,3,0
2561,BEVERLY HILLS FOOD MART,9,5,4,5,4
2562,BEVERLY MONTESSORI SCHOOL,15,8,7,4,11
2563,BEVERLY TASTY TREATS,3,0,3,2,1
2564,BEVERLY WOODS RESTAURANT,22,10,12,13,9
2565,BEVERLY'S PANTRY / CAFE 103,4,1,3,1,3
2566,"BEYOND DAYCARE CENTER, INC",9,3,6,4,5
2567,BEYOND THE IVY INC,7,4,3,4,3
2568,"BEYOND THE IVY, INC",5,2,3,3,2
2569,"BEYOND THE IVY, INC.",5,2,3,1,4
2570,BG'S LOUNGE INC,3,2,1,1,2
2571,BHABI'S KITCHEN,3,1,2,3,0
2572,BHARAT BAZAAR,3,0,3,2,1
2573,BHGL CAFE,6,2,4,2,4
2574,BHOOMI FOODS LLC,2,0,2,1,1
2575,BI BI BOP,14,6,8,11,3
2576,BIA'S CAFE,11,4,7,9,2
2577,BIA'S CAFETERIA MARIANAO II,8,1,7,6,2
2578,BIALYSTOK MONK CHICAGO INC,2,1,1,2,0
2579,BIAN,10,2,8,4,6
2580,BIANCA'S BURGERS,2,1,1,0,2
2581,BIBIM BOWL,4,1,3,3,1
2582,BIBIM TOWN,8,1,7,5,3
2583,"BIBLEWAY APOSTOLIC FAITH CHURCH, INC.",5,0,5,3,2
2584,BIBLIOPHILE,8,0,8,6,2
2585,BICE  GRILL,2,1,1,1,1
2586,BICE RISTORANTE,2,1,1,1,1
2587,BIEN ME SABE VENEZUELAN AREPA BAR,9,2,7,3,6
2588,BIEN ME SABE VENEZUELAN CAFE & RESTAURANT,13,4,9,8,5
2589,BIEN VENIDO A LA VIDA,7,3,4,4,3
2590,BIENVENIDO A LA VIDA,7,2,5,4,3
2591,BIG,16,10,6,2,14
2592,BIG & LITTLE'S,28,10,18,15,13
2593,BIG & LITTLE'S RESTAURANT,36,10,26,25,11
2594,BIG & LITTLES RESTAURANT,21,10,11,8,13
2595,BIG 4'S CHOP SUEY,10,6,4,3,7
2596,BIG 4'S CHOP SUEY CORPORATION,8,7,1,1,7
2597,BIG AL'S RESTAURANT,14,2,12,5,9
2598,BIG AL'S TASTEE FREEZ,2,1,1,1,1
2599,BIG APPLE FINER FOODS INC,9,2,7,5,4
2600,BIG BABA'S STEAK & LEMONADE,2,1,1,1,1
2601,"BIG BABA'S STEAK & LEMONADE, INC.",7,2,5,3,4
2602,BIG BABY'S SOUTHERN SOUL KITCHEN & GRILL,3,0,3,3,0
2603,BIG BITE SUSHI,10,3,7,5,5
2604,BIG BOB & FRITZY'S,5,2,3,2,3
2605,BIG BOSS,8,3,5,6,2
2606,BIG BOSS SPICY FRIED CHICKEN,6,3,3,3,3
2607,BIG BOWL,55,21,34,23,32
2608,BIG BOWL/ BIG CITY CHICKEN,11,7,4,3,8
2609,BIG BOY DELI,2,0,2,2,0
2610,BIG BOY DELI & GRILL INC.,5,1,4,3,2
2611,BIG BOY FOOD MARKET,3,0,3,3,0
2612,BIG BOY GYROS,17,10,7,2,15
2613,BIG BRICKS,21,6,15,12,9
2614,BIG BUBA'S,3,0,3,2,1
2615,BIG BUBA'S FINE STEAK & LEMONADE GROUP,4,1,3,3,1
2616,BIG BUBA'S STAKE & LEMONADE,3,1,2,2,1
2617,BIG BUNS AND PITA CORPORATION,6,2,4,3,3
2618,BIG CATS CAFE,5,3,2,1,4
2619,"BIG CHICKS, INC.",16,8,8,4,12
2620,BIG CITY BBQ,3,2,1,2,1
2621,BIG CITY CHICKEN,12,3,9,4,8
2622,BIG DADDY,2,0,2,2,0
2623,BIG DADDY EXPRESS MART,5,1,4,2,3
2624,BIG DADDY FOOD & DELI,8,4,4,5,3
2625,BIG DADDY FOOD MART,21,9,12,8,13
2626,BIG DELICIOUS PLANET,17,4,13,6,11
2627,BIG DOLLAR PLUS,4,0,4,3,1
2628,BIG DOLPHIN,6,1,5,2,4
2629,BIG FISH,3,0,3,3,0
2630,BIG G'S PIZZA,32,7,25,16,16
2631,BIG GAY SAL'S PIZZA,3,0,3,2,1
2632,"BIG HUGS FOR LITTLE HANDS,INC",11,6,5,7,4
2633,BIG J,8,4,4,5,3
2634,BIG JJ FISH CHICKEN & MORE,5,3,2,1,4
2635,BIG JOES PIZZERIA,3,1,2,1,2
2636,BIG JONES,22,3,19,13,9
2637,BIG LEAGUE BURGERS,10,3,7,4,6
2638,BIG LOTS #4497,5,1,4,3,2
2639,BIG MIKES GYROS,13,5,8,7,6
2640,BIG MIKES GYROS 2,4,1,3,2,2
2641,BIG MOE'S CELLULAR & FOOD,2,1,1,1,1
2642,BIG MOE'S CELLULAR & FOOD INC,6,1,5,5,1
2643,BIG MOUTHS STEAKS & SUBS,2,0,2,1,1
2644,BIG O'LIQUOR & FOOD STORE INC,2,0,2,2,0
2645,BIG PAPPAS MR. GYROS PIZZERIA,4,1,3,3,1
2646,BIG PHILLY INC.,2,1,1,1,1
2647,BIG PHO,4,1,3,2,2
2648,BIG PLATE BBQ,2,2,0,1,1
2649,"BIG RAYS GRILL, INC.",24,9,15,10,14
2650,BIG RED STAR,11,5,6,4,7
2651,BIG SALEM INC,12,5,7,4,8
2652,"BIG SAM'S FOOD & LIQUOR, INC.",5,2,3,2,3
2653,BIG SAMS FOOD & CELLULAR,13,4,9,8,5
2654,BIG SAMS FOOD MART,4,3,1,2,2
2655,BIG SAMS FOOD MART & CELLULAR,13,2,11,10,3
2656,BIG SAMS MINI MART,8,2,6,4,4
2657,BIG SHARKS,20,5,15,13,7
2658,BIG SHOULDERS CAFE,4,3,1,2,2
2659,BIG SHOULDERS COFEE,3,0,3,2,1
2660,BIG SHOULDERS COFFEE,18,9,9,4,14
2661,BIG SHOULDERS COFFEE WORKS,10,4,6,4,6
2662,BIG STAR,2,0,2,2,0
2663,BIG STAR #2,5,4,1,1,4
2664,BIG STAR II,11,4,7,8,3
2665,BIG STAR MARISCOS,4,0,4,2,2
2666,"BIG STAR SHARKS, INC.",2,1,1,1,1
2667,BIG STAR TO-GO,9,3,6,3,6
2668,BIG TIME FOOD & DELI,2,2,0,0,2
2669,BIG TONY'S,20,5,15,8,12
2670,BIG TONY'S MEAT MARKET,5,1,4,3,2
2671,BIG TONYS  PIZZA 4 INC.,4,0,4,2,2
2672,BIG TONYS #3,2,0,2,1,1
2673,BIG TONYS PIZZA,10,5,5,3,7
2674,BIG TONYS PIZZA 2,14,9,5,1,13
2675,"BIG TONYS, INC",5,3,2,4,1
2676,BIG TOP RESTAURANT,22,13,9,8,14
2677,BIG WANG'S,3,1,2,1,2
2678,BIG WIG,11,6,5,5,6
2679,"BIG WIG 0003, LLC",6,4,2,0,6
2680,BIG-RED'S-YO-JOE'S,6,3,3,3,3
2681,BIGGS AT THE BRIDGE,5,3,2,2,3
2682,BIGSUDA YS LLC,3,2,1,1,2
2683,BIGYING,2,1,1,2,0
2684,BIJAN BISTRO,20,10,10,11,9
2685,BIJE'S,20,4,16,12,8
2686,BILL'S BAR & BURGER,5,4,1,2,3
2687,BILL'S PLACE RESTUARANT,17,7,10,7,10
2688,BILLABUB INCORPORATED,2,1,1,1,1
2689,BILLIE JEAN BISTRO & CAFE,3,1,2,2,1
2690,BILLINGS CAFE,15,7,8,7,8
2691,BILLY BOY'S FISH & CHIPS,3,0,3,3,0
2692,BILLY CALDWELL POST 806,2,0,2,2,0
2693,BILLY FOOD MARKET INC,4,0,4,3,1
2694,BILLY GOAT #2,3,2,1,1,2
2695,BILLY GOAT IV INC,24,12,12,3,21
2696,"BILLY GOAT IV, INC.",16,4,12,2,14
2697,BILLY GOAT NORTH II INC.,16,8,8,4,12
2698,BILLY GOAT TAVERN,13,7,6,3,10
2699,BILLY GOAT TAVERN & GRILL,19,10,9,4,15
2700,BILLY'S CART INC,3,1,2,2,1
2701,BILLY'S GRILL,12,5,7,2,10
2702,BILLY'S GYROS,32,11,21,15,17
2703,"BILLY'S MEXICAN FOOD MART, INC.",5,1,4,3,2
2704,BILLY'S PIZZA KING,8,3,5,6,2
2705,BILLY'S PRIME FISH & HOAGY,5,0,5,2,3
2706,BILLYS GOAT'S,24,15,9,8,16
2707,BIN 36,17,5,12,10,7
2708,BIN 36 RESTAURANT,9,1,8,7,2
2709,BIN 5700,12,5,7,3,9
2710,BINA'S CAFE,9,3,6,5,4
2711,BINGO TEA,3,1,2,1,2
2712,BINITA'S,3,1,2,2,1
2713,BINNY'S,7,3,4,2,5
2714,BINNY'S BEVERAGE DEPOT,18,2,16,7,11
2715,BIO CAFE,7,5,2,2,5
2716,"BIOGRAPH DINER,INC",7,3,4,5,2
2717,BIONDA TO GO,2,1,1,1,1
2718,BIONDILLO'S BAKERY,5,1,4,3,2
2719,BIRCHWOOD KITCHEN,10,3,7,5,5
2720,BIRCHWOOD PLAZA INC,15,7,8,5,10
2721,BIRD'S NEST,18,9,9,9,9
2722,BIRRERIA & TAQUERIA EL CARMEN,7,3,4,3,4
2723,BIRRERIA LA BARCA JAL,7,3,4,4,3
2724,BIRRIERIA  LA TAPATIA,5,0,5,2,3
2725,BIRRIERIA AGUASCALIENTES,3,1,2,3,0
2726,BIRRIERIA AGUSCALIENTES,5,3,2,3,2
2727,BIRRIERIA APATZINGAN,3,1,2,1,2
2728,BIRRIERIA DE LA TORRE,12,3,9,3,9
2729,BIRRIERIA DE LA TORRE MEXICAN RESTAURANT,10,5,5,4,6
2730,BIRRIERIA DON LUIS,5,2,3,2,3
2731,"BIRRIERIA EL VIEJO,INC.",4,1,3,2,2
2732,BIRRIERIA ESTILO JALISCO,10,5,5,4,6
2733,BIRRIERIA ESTILO JALISCO INC.,11,5,6,4,7
2734,BIRRIERIA JALISCO,21,9,12,10,11
2735,BIRRIERIA LA BARCA,3,1,2,1,2
2736,BIRRIERIA LA TAPATIA DE OCOTLAN,11,7,4,1,10
2737,BIRRIERIA LOPEZ #1,6,3,3,1,5
2738,BIRRIERIA OCOTLAN,26,12,14,14,12
2739,BIRRIERIA OCOTLAN INC,20,9,11,8,12
2740,BIRRIERIA PATINO OCOTLAN,21,7,14,6,15
2741,BIRRIERIA PATINOS OCOTLAN,3,1,2,1,2
2742,BIRRIERIA REYES DE OCOTLAN,18,6,12,9,9
2743,BIRRIERIA TEPATITLAN,2,1,1,1,1
2744,BIRRIERIA Y CARNITAS EL GALLITO,9,2,7,4,5
2745,BIRRIERIA Y TAQUERIA ARANDAS,14,6,8,6,8
2746,BIRRIERIA Y TAQUERIA EL ARANDAS,13,7,6,6,7
2747,BIRRIERIA Y TAQUERIA EL ARANDAS LLC,2,1,1,0,2
2748,BIRRIERIA Y TAQUERIA EL CHIVITO,2,1,1,1,1
2749,BIRRIERIA Y TAQUERIA EL CHIVO FELIZ INC.,11,7,4,4,7
2750,BIRRIERIA Y TAQUERIA HERNANDEZ LLC,6,3,3,3,3
2751,BIRRIERIA Y TAQUERIA LOPEZ,9,3,6,3,6
2752,BIRRIERIA Y TAQUERIA NAPOLES INC.,4,2,2,2,2
2753,BIRRIERIA Y TAQUERIZ LOPEZ #2,8,1,7,4,4
2754,BIRYANI BISTRO CUISINE & CATERING SERVICES,4,1,3,4,0
2755,BIRYANI CORNER LLC,4,2,2,2,2
2756,BIRYANI'S,5,0,5,2,3
2757,"BISCOTTI'S GALORE AND MORE,INC.",8,0,8,4,4
2758,BISHOP CONWAY RESIDENCE,14,8,6,5,9
2759,"BISHOP GOLDEN STORE, INC.",2,2,0,1,1
2760,BISI RESTAURANT,5,3,2,2,3
2761,BISMARCK ENTERPRISES/UNITED,4,2,2,4,0
2762,BISMARK REST INC,4,0,4,3,1
2763,"BISMILAHI RESTAURANT, INC",15,7,8,10,5
2764,BISMILLAH RESTAURANT,23,8,15,11,12
2765,BISTEC BAR & GRILL,4,0,4,2,2
2766,BISTRO,7,5,2,1,6
2767,BISTRO 151/BAR AT 151,15,6,9,8,7
2768,BISTRO 180,10,3,7,6,4
2769,BISTRO 6050,11,6,5,3,8
2770,BISTRO 6050 ASIAN-LATINO EXPRESS,2,0,2,1,1
2771,BISTRO ASCIONE,9,1,8,9,0
2772,BISTRO CAMPAGNE,28,7,21,18,10
2773,BISTRO DRE LLC,6,3,3,3,3
2774,BISTRO GRAND,19,9,10,12,7
2775,BISTRO MANADNOCK,2,2,0,0,2
2776,BISTRO MARGOT,10,4,6,3,7
2777,BISTRO PACIFIC RESTAURANT,7,2,5,5,2
2778,BISTRO VOLTAIRE,20,8,12,14,6
2779,BISTRONOMIC,21,6,15,10,11
2780,BISTROT MARGOT,10,8,2,1,9
2781,BISTROT ZINC,12,3,9,7,5
2782,BITE,24,8,16,11,13
2783,BITES,5,0,5,3,2
2784,BITES ASIAN TAPAS & SUSHI,14,6,8,8,6
2785,BITOY'S SWEET TREATS INC,5,1,4,3,2
2786,"BITS N BYTEZ,LTD.",4,1,3,2,2
2787,BITTER POPS,6,2,4,1,5
2788,"BITTER POPS, INC",4,2,2,2,2
2789,BITTERSWEET,27,9,18,17,10
2790,BITTERSWEET INC,8,7,1,2,6
2791,BIXI BREWERY,7,3,4,3,4
2792,BJ'S MARKET & BAKERY,73,25,48,32,41
2793,BJC GAS STATIONS INC.,3,2,1,2,1
2794,BK MINIMART,3,1,2,2,1
2795,"BK'S FOOD, INC",2,0,2,1,1
2796,BLACK AND CASPIEN WINE BISTRO,5,2,3,2,3
2797,BLACK BARREL WINE AND CHEESE,5,1,4,3,2
2798,BLACK BEETLE BAR & GRILL,17,7,10,6,11
2799,BLACK BULL/BORDEL,20,7,13,12,8
2800,BLACK CAT KITCHEN,2,2,0,0,2
2801,BLACK CAT LOUNGE,8,2,6,4,4
2802,BLACK DOG GELATO,20,7,13,8,12
2803,BLACK DOG GELATO LLC,3,1,2,1,2
2804,"BLACK DOG GELATO, LLC",15,5,10,8,7
2805,BLACK DOLLARS MARKET,2,1,1,1,1
2806,BLACK EAGLE CLUB,11,5,6,9,2
2807,BLACK ELEMENTARY,15,7,8,2,13
2808,BLACK ENSEMBLE THEATER CULTURA,3,1,2,2,1
2809,BLACK HEN PANTRY INC,7,3,4,6,1
2810,BLACK HOLE,4,1,3,3,1
2811,BLACK IRON TAVERN,6,2,4,4,2
2812,BLACK PEARLCAFE,3,2,1,1,2
2813,BLACK ROCK PUB,14,5,9,8,6
2814,BLACK SHEEP,15,6,9,2,13
2815,BLACKBIRD,12,4,8,7,5
2816,BLACKFINN AMERIPUB,8,2,6,5,3
2817,BLACKIE'S,13,5,8,5,8
2818,BLACKSEAMM,2,0,2,1,1
2819,BLACKSTONE HOTEL,39,10,29,21,18
2820,BLACKWOOD BBQ,71,27,44,33,38
2821,BLAK'S CORNER STORE,2,0,2,1,1
2822,BLANCA E GUTIERREZ,7,1,6,5,2
2823,BLANCO & NEGRO RESTAURANT,11,6,5,4,7
2824,BLANZ PANTRY,5,3,2,1,4
2825,BLAZE IL STORE 1 LLC.,15,3,12,6,9
2826,BLAZE N GRILL,10,4,6,2,8
2827,BLAZE N GRILL CORP.,7,6,1,4,3
2828,BLAZE PIZZA,48,22,26,19,29
2829,BLAZED BAKERY CHICAGO,4,1,3,3,1
2830,BLAZING BURGER N WINGS LLC,2,0,2,2,0
2831,BLD RESTAURANT,2,1,1,1,1
2832,BLENDED BEAN CAFE,7,4,3,4,3
2833,BLESS HANDS,3,0,3,2,1
2834,BLESSED HOMELAND SUPERMARKET,5,1,4,3,2
2835,BLESSING MINI MART,7,2,5,5,2
2836,BLIND BARBER,9,2,7,5,4
2837,BLINK FITNESS,5,1,4,4,1
2838,BLISS BOWLS INC,2,1,1,2,0
2839,BLISS RESTO,10,1,9,9,1
2840,BLITZ RESTAURANT AND BAR,4,1,3,2,2
2841,"BLOCK 37 CTA DONUTS INC.,",9,3,6,3,6
2842,BLOCKBUSTER VIDEO #17229,3,0,3,2,1
2843,BLOCKBUSTER VIDEO #17370,2,0,2,1,1
2844,BLOCKBUSTER VIDEO #17395,3,0,3,2,1
2845,BLOCKBUSTER VIDEO #17461,2,0,2,1,1
2846,BLOCKS INFANT TODDLER CHILDCARE CENTER,17,7,10,7,10
2847,BLOKES & BIRDS,6,3,3,4,2
2848,BLOMMER OUTLET STORE,3,2,1,1,2
2849,BLOOM,4,0,4,1,3
2850,BLOOMING BUD  DAYCARE,13,7,6,4,9
2851,BLOOMING BUD DAYCARE,6,4,2,1,5
2852,"BLOOMING CHILDREN'S ACADEMY, LLC",11,5,6,5,6
2853,BLOOMINGDALE'S DEPT. STORE,19,7,12,10,9
2854,BLOOMINGDALE'S HOMESTORE,3,0,3,2,1
2855,BLOSSOMING INTO FLOWERS DAYCARE,2,0,2,1,1
2856,BLOWFISH CONTEMPORARY SUSHI,25,9,16,16,9
2857,BLOWFISH CONTEMPORY SUSHI,4,2,2,1,3
2858,BLOWING SMOKE BBQ,6,2,4,5,1
2859,BLT AMERICAN BRASSERIE,3,1,2,1,2
2860,BLU 57 SEAFOOD & SMALL PLATES,9,3,6,8,1
2861,BLU CORAL,2,0,2,2,0
2862,BLUE  WILLOW,16,6,10,9,7
2863,BLUE 13,2,0,2,1,1
2864,BLUE AGAVE,18,9,9,10,8
2865,BLUE AGAVE TEQUILA BAR & RESTAURANT,21,8,13,8,13
2866,BLUE ANGEL INC,8,2,6,3,5
2867,BLUE BAYOU,11,4,7,6,5
2868,BLUE BIRD BOWL,8,6,2,3,5
2869,BLUE BOTTLE COFFEE,6,3,3,2,4
2870,BLUE CONDORS PLEASURE CLUB,5,3,2,4,1
2871,BLUE CORAL CONTEMPORARY SUSHI,2,1,1,1,1
2872,BLUE CORAL CONTEMPORARY SUSHI AND  LOUNGE,14,6,8,8,6
2873,BLUE CRAB & SEAFOOD MARKET,2,1,1,1,1
2874,BLUE CRAB SEAFOOD MARKET 2 INC,2,0,2,1,1
2875,BLUE DOOR FARM STAND,21,8,13,10,11
2876,BLUE DOOR FARM STAND TOO,11,7,4,4,7
2877,BLUE DOOR KITCHEN + GARDEN,3,0,3,2,1
2878,BLUE FIN JAPANESE RESTAURANT,24,9,15,14,10
2879,BLUE FOOD CO.,6,2,4,5,1
2880,BLUE FROG,8,2,6,6,2
2881,BLUE FROG BAR & GRILL,17,5,12,10,7
2882,BLUE FROG THAI,8,2,6,6,2
2883,BLUE LINE,20,6,14,14,6
2884,BLUE LINE PIZZERIA,2,0,2,2,0
2885,"BLUE MOUSE HOLDINGS, LLC",3,1,2,3,0
2886,BLUE NILE RESTAURANT,3,1,2,1,2
2887,BLUE PLATE CATERING LTD,3,1,2,1,2
2888,BLUE PLATE CATERING LTD.,23,10,13,9,14
2889,BLUE ROOSTER EVENT CATERING,13,7,6,4,9
2890,BLUE SHARK FISH & CHICKEN,3,1,2,2,1
2891,BLUE SHARK RESTURANT,3,1,2,2,1
2892,BLUE SHARKS,2,0,2,2,0
2893,BLUE SKY BAKERY & CAFE,22,10,12,8,14
2894,"BLUE SKY FOOD & MEAT MARKET,  INC.",2,1,1,2,0
2895,BLUE SKY INN,2,0,2,2,0
2896,BLUE SOUL RESTAURANT,14,4,10,11,3
2897,BLUE SPOT SUSHI CORP.,7,5,2,4,3
2898,BLUE SPROUT,7,2,5,3,4
2899,BLUE STAR BISTRO & WINE BAR,9,4,5,5,4
2900,BLUE STORE,3,0,3,2,1
2901,BLUE SUSHI SAKE GRILL,5,3,2,2,3
2902,BLUE WAVE FISH & CHICKEN,2,2,0,1,1
2903,BLUE WILLOW CHINESE RESTAURANT,2,0,2,2,0
2904,BLUEBIRD,21,6,15,11,10
2905,BLUELIGHT,4,2,2,2,2
2906,BLUEPRINT FOODS,2,1,1,1,1
2907,BLUESEA GRILL FISH AND CHICKEN,5,1,4,4,1
2908,BLUESTEM RESTAURANT,6,0,6,5,1
2909,BLVD CHICAGO,18,4,14,10,8
2910,BNL's PIZZA & POKE,4,1,3,2,2
2911,BO'S FOOD STORE,2,2,0,1,1
2912,BOAR'S HEAD CAFE,19,5,14,11,8
2913,BOARDING HOUSE,13,3,10,5,8
2914,BOAT DRINKS,10,3,7,7,3
2915,BOB & JACK'S PIZZA INC,2,0,2,2,0
2916,BOB CHA,7,2,5,4,3
2917,BOB CHA II,5,2,3,3,2
2918,BOB SAN SUSHI BAR,15,4,11,8,7
2919,BOB'S EL STOP,4,1,3,3,1
2920,BOB'S LIQUORS & GROCERIES,3,2,1,2,1
2921,BOB'S PIZZA,9,3,6,4,5
2922,BOB-O'S HOT DOGS,11,5,6,5,6
2923,BOB-O-RINO'S,20,8,12,3,17
2924,BOBA HEAVEN,2,0,2,1,1
2925,BOBA PLUG'S,4,0,4,3,1
2926,BOBABAR CAFE,6,4,2,2,4
2927,BOBAK SAUSAGE COMPANY,13,6,7,6,7
2928,BOBBY E WRIGHT,2,1,1,1,1
2929,BOBBY G'S,4,1,3,2,2
2930,BOBBY LOVE'S,3,2,1,2,1
2931,BOBBY'S BEEF,2,0,2,1,1
2932,BOBBY'S LINCOLN PARK,4,1,3,4,0
2933,BOBIJOA,8,1,7,4,4
2934,BOBNGRILL,9,1,8,6,3
2935,BOBO'S ITALIAN BEEF,6,1,5,5,1
2936,BOBOS MARKET INC.,3,0,3,2,1
2937,BOBTAIL SODA FOUNTAIN,13,0,13,7,6
2938,BOBY G,18,4,14,10,8
2939,BOCA LOCA TAQUERIA,5,1,4,4,1
2940,BOCADILLO MARKET,6,3,3,3,3
2941,BOCADILLOS CAFE INC,8,3,5,4,4
2942,BOCKWINKEL'S,27,10,17,8,19
2943,BOCKWINKELS,19,12,7,4,15
2944,BODEGA BAY MART,3,1,2,0,3
2945,BODEGA SUR,9,3,6,5,4
2946,BODEGA TAQUERIA Y TEQUILA,6,6,0,3,3
2947,BODEGA TAQUERIA Y TEQUILA - RN,4,1,3,2,2
2948,BODEGA TO GO,5,2,3,3,2
2949,BODEK INC,11,3,8,4,7
2950,BODHI,8,6,2,4,4
2951,BODI,9,5,4,4,5
2952,BODY ENERGY CLUB - LINCOLN COMMON,2,1,1,1,1
2953,BODY ENERGY CLUB - LINCOLN PARK,2,0,2,1,1
2954,BODY ENGERY CLUB - THE LOOP,2,1,1,0,2
2955,BODY FACTORY NUTRITION,5,1,4,4,1
2956,BOELTER,5,1,4,5,0
2957,BOEM,27,7,20,15,12
2958,BOEUFHAUS,5,1,4,3,2
2959,BOGAN HIGH SCHOOL,17,7,10,3,14
2960,BOHICA BAR AND GRILL,8,6,2,1,7
2961,BOHICA RESTAURANT,6,3,3,2,4
2962,BOHO BOHEMIAN HOUSE,7,2,5,4,3
2963,BOJONO'S PIZZERIA/HEALTHY KIDS KITCHEN,7,1,6,4,3
2964,BOJONOS,16,4,12,8,8
2965,BOKA,21,8,13,11,10
2966,BOKA CATERING GROUP,4,3,1,0,4
2967,BOKEH,9,3,6,7,2
2968,BOKI'S TEA HOUSE LLC,3,0,3,2,1
2969,BOLAT AFRICAN CUISINE,9,4,5,4,5
2970,BOLIVAR Y LINCOLN VENEZUELAN CAFE,6,2,4,4,2
2971,BOM BOLLA,5,0,5,3,2
2972,BOMBACIGNO'S,14,6,8,7,7
2973,BOMBASTIC CAFE,10,4,6,7,3
2974,BOMBAY BLISS,5,4,1,2,3
2975,BOMBAY HOUSE & GRILL,7,0,7,6,1
2976,BOMBAY SPICE GRILL,7,3,4,3,4
2977,BOMBAY WRAPS,44,18,26,10,34
2978,BOMBO BAR WELLS ST,3,1,2,2,1
2979,BOMBON CAFE,7,3,4,1,6
2980,BOMBON CAKE DESIGN,15,5,10,8,7
2981,BOMBON CAKE GALLERY,10,6,4,5,5
2982,BOMBON CAKE GALLERY AND DESIGN,33,10,23,20,13
2983,BON APPETIT,3,1,2,2,1
2984,BON APPETIT @ UBER,4,1,3,1,3
2985,BON APPETIT AT AT&T,3,2,1,1,2
2986,BON APPETIT CREPERIE,5,0,5,4,1
2987,BON APPETIT MANAGEMENT CO,16,7,9,7,9
2988,BON BON SANDWICHES,22,6,16,11,11
2989,BON MACARON,5,3,2,2,3
2990,BON MANGER / THE FRENCH MARKET CAFE,2,1,1,1,1
2991,BON MANGER CATERING AND EVENTS,18,10,8,8,10
2992,BON VIVANT CAKES LLC,5,2,3,4,1
2993,BON-TON FAMILY DINING,11,2,9,8,3
2994,"BONA CAFE, LTD",3,0,3,3,0
2995,BONANZA FOODS,3,2,1,1,2
2996,BONCHON,27,13,14,16,11
2997,BONCI,13,3,10,8,5
2998,BONCI ROMAN STYLE PIZZARIA,3,3,0,1,2
2999,BOND COFFEE COLLECTIVE L3C,6,2,4,3,3
3000,BOND DRUG COMPANY OF ILL #1068,2,0,2,1,1
3001,BOND DRUG COMPANY OF ILL #1768,2,0,2,1,1
3002,BOND ELEMENTARY,24,9,15,10,14
3003,BONFIRE GRILL,9,3,6,5,4
3004,BONGIORNO'S ITALIAN DELI & PIZZERIA,12,7,5,3,9
3005,BONGO ROOM,25,10,15,12,13
3006,BONITA'S RESTAURANT,2,0,2,2,0
3007,BONITA'S RESTAURANT INC,7,1,6,6,1
3008,BONIVINO'S INC,27,7,20,17,10
3009,BONJOUR BAKERY,19,10,9,8,11
3010,BONJOUR CAFE,4,1,3,2,2
3011,BONNE SANTE HEALTH FOODS INC.,12,5,7,6,6
3012,BONNE VIE ENTERTAINMENT,12,2,10,10,2
3013,BONNI'S PIZZA AND SUBS,4,0,4,4,0
3014,BONNIE'S,15,9,6,4,11
3015,BONNIE'S FOOD MART,2,1,1,2,0
3016,BONSAI CAFE & LOUNGE,11,3,8,10,1
3017,BONSOIREE,14,6,8,6,8
3018,BONUS ROUND CAFE,10,4,6,6,4
3019,"BONY'S FOOD MARKET, INC.",3,0,3,2,1
3020,BONY'S FOOD MART,7,1,6,4,3
3021,BOO BAE,3,0,3,3,0
3022,BOO BAE TEA 1,2,0,2,1,1
3023,BOO BAE TEA INC,4,1,3,3,1
3024,BOO COO ROUX,4,3,1,1,3
3025,BOO-KOOSE JERK TACOS & TOTS,3,1,2,2,1
3026,BOOBIE DOLLAR STORE,2,0,2,1,1
3027,BOOILL GALBI,11,2,9,7,4
3028,BOOKS A MILLION,6,2,4,3,3
3029,BOOM FRIED RICE,18,8,10,8,10
3030,BOOM TOWN SALOON,2,0,2,2,0
3031,BOONIE FOODS LLC,2,1,1,1,1
3032,"BOONLUCKSA, INC.",6,1,5,2,4
3033,BOOST MOBILE,4,2,2,3,1
3034,BOOTLEGGER'S,4,2,2,2,2
3035,BOP BAR KOREAN FOOD,7,2,5,3,4
3036,BOPNGRILL,18,10,8,10,8
3037,BOQUERIA,7,3,4,3,4
3038,BORDEAUX LOUNGE BY TURQUOISE,8,2,6,4,4
3039,BORDER TACO,10,1,9,6,4
3040,BORDERS BOOKS & MUSIC,4,0,4,4,0
3041,BORDERS BOOKS AND MUSIC,2,0,2,2,0
3042,"BORDERS BOOKS, MOVIES, MUSIC, CAFE",3,1,2,2,1
3043,BORICUA AMVETS POST NUMBER 37,4,1,3,3,1
3044,BORIKEN INC.,6,2,4,3,3
3045,BORINKEN CAKES,2,0,2,1,1
3046,BORINQUEN,3,1,2,1,2
3047,BORINQUEN  RESTAURANT,11,4,7,6,5
3048,BORINQUEN LOUNGE,7,2,5,5,2
3049,BORINQUEN RESTAURANT,6,3,3,3,3
3050,BORINQUEN RESTAURANT #2,6,2,4,2,4
3051,BORNIQUEN RESTAURANT,5,1,4,4,1
3052,BOSNIA MARKET,2,0,2,2,0
3053,BOSS BABY ACADEMY INCORPORATED,2,0,2,2,0
3054,BOSS BAR,25,10,15,16,9
3055,BOSS HOGS I-94,3,1,2,2,1
3056,BOSSMAN MARKET & FAST FOOD,2,1,1,1,1
3057,BOSTON BLACKIES,3,0,3,2,1
3058,BOSTON BLACKIES OF RIVERSIDE,19,8,11,10,9
3059,BOSTON JERK RESTAURANT,3,0,3,1,2
3060,BOSTON MARKET #2520,31,10,21,18,13
3061,BOSTON MARKET #300,9,1,8,3,6
3062,BOSTON MARKET #825,20,3,17,15,5
3063,BOSTON'S BAR B-Q,13,2,11,6,7
3064,BOTANICAL CAFE LLC,2,1,1,0,2
3065,BOTTLED BLONDE,4,2,2,1,3
3066,"BOTTLED BLONDE CHICAGO, LLC",12,4,8,8,4
3067,BOTTLEFORK,16,7,9,8,8
3068,BOTTLES TO BOOKS LEARNING CENTER,16,10,6,10,6
3069,BOTTOM LOUNGE,17,10,7,11,6
3070,BOTTOM UP ACCESSORIES,2,1,1,1,1
3071,BOTY'S ICE CREAM ROLL INC..,5,1,4,3,2
3072,BOUKAROU LUNCH,7,0,7,6,1
3073,BOULEVARD BISTRO,3,2,1,2,1
3074,BOULEVARD DELI & LIQUOR,15,5,10,11,4
3075,BOULEVARD FOOD & LIQUOR LLC,3,2,1,1,2
3076,BOULEVARD SPORTS LOUNGE,13,3,10,9,4
3077,BOUNCE SPORTING CLUB CHICAGO,15,2,13,12,3
3078,BOUNMY GRILL,16,4,12,11,5
3079,BOUNTIFUL EATERY INC.,7,3,4,2,5
3080,BOURBON CAFE',16,5,11,9,7
3081,BOURBON ON DIVISION,16,4,12,12,4
3082,BOURGEOIS PIG,8,1,7,6,2
3083,"BOURGEOIS PIG ! COFFEE, TEA & SPICES CO.",17,7,10,8,9
3084,BOURGEOIS PIG: THE CAFE,16,6,10,7,9
3085,BOUSTAN,9,0,9,6,3
3086,BOUTIQUE,2,0,2,1,1
3087,BOUTIQUE BITES,11,3,8,6,5
3088,BOUTIQUE BITS. LLC,2,0,2,1,1
3089,BOUZOUKI LOUNGE,5,2,3,2,3
3090,BOW  TRUSS,6,1,5,4,2
3091,BOW & STERN OYSTER BAR,2,1,1,1,1
3092,BOW TRUSS,6,2,4,3,3
3093,BOW TRUSS COFFEE,7,2,5,4,3
3094,BOW TRUSS COFFEE ROASTER,2,0,2,1,1
3095,BOW TRUSS COFFEE ROASTERS,9,5,4,3,6
3096,BOW TRUSS LOGAN,4,0,4,2,2
3097,BOW TRUSS MICHIGAN,4,0,4,3,1
3098,BOWEN'S PIZZA,6,2,4,3,3
3099,BOWL & SUSHI,2,2,0,1,1
3100,BOWL SQUARE,7,2,5,1,6
3101,BOWLS & BAO,3,2,1,2,1
3102,BOWMANS,9,1,8,6,3
3103,BOX LUNCH CAFE,8,0,8,6,2
3104,BOXCAR BETTY S,4,2,2,2,2
3105,BOXCAR BETTY'S,10,4,6,5,5
3106,BOYA FOOD TRADING,5,1,4,3,2
3107,BOZII RESTAURANTS CORP.,7,1,6,5,2
3108,BOpNGRILL,6,3,3,4,2
3109,BP,98,29,69,50,48
3110,BP 71 ASHLAND,2,2,0,1,1
3111,BP AM PM GAS STATION,8,3,5,4,4
3112,BP AMOCO,11,6,5,6,5
3113,BP DEVON,6,3,3,3,3
3114,BP FUEL & MINI MART,9,3,6,6,3
3115,BP GAS,6,1,5,4,2
3116,BP GAS & FOOD MART.,5,1,4,2,3
3117,BP GAS AND FOOD MART,6,4,2,4,2
3118,BP GAS STATION,22,5,17,17,5
3119,BP MOBILE,5,2,3,4,1
3120,BQ AFROROOT CUISINE,27,10,17,17,10
3121,"BRACIOLE STATION, LLC",3,1,2,1,2
3122,BRACKET ROOM,13,3,10,9,4
3123,BRAIN BOX LEARNING ACADEMY INC.,11,7,4,3,8
3124,BRAIN BOX LITERACY ACADEMY AND EDUCATIONAL SERVICE,10,2,8,2,8
3125,BRAIN FOOD COURT,22,10,12,9,13
3126,BRAINY BOULEVARD,4,0,4,3,1
3127,BRAINY BOULEVARD DAYCARE,19,8,11,8,11
3128,BRANCH 27,7,3,4,3,4
3129,BRAND BBQ,2,0,2,2,0
3130,BRAND BBQ MARKET,9,6,3,2,7
3131,BRAND JUICE CONSULTING INC,2,1,1,1,1
3132,BRANDO'S,15,7,8,5,10
3133,BRANDY'S,21,12,9,8,13
3134,BRANDY'S RESTAURANT,24,11,13,10,14
3135,BRANKO'S RESTAURANT,21,11,10,9,12
3136,BRASA ROJA EXPRESS,5,1,4,1,4
3137,BRASA ROJA RESTAURANT,33,18,15,9,24
3138,BRASAS CHICAGO RESTAURANT,3,0,3,3,0
3139,BRASERITOS,2,1,1,1,1
3140,BRASERITOS NORTE RESTAURANT,3,2,1,1,2
3141,BRASERITOS RESTAURANT INC.,8,1,7,7,1
3142,BRASERO,9,5,4,6,3
3143,BRASIL LEGAL,17,9,8,10,7
3144,BRASS HEART,13,4,9,12,1
3145,BRASS MONKEY BRASSERIE,9,3,6,4,5
3146,BRASSERIE BY LM,13,6,7,7,6
3147,BRAVO FOOD & LIQUOR LLC,2,1,1,1,1
3148,BRAZILIAN BOWL FRESH GRILL,17,5,12,10,7
3149,BRAZILIAN BOWLS,3,2,1,1,2
3150,BRAZZAZ LLC,12,4,8,7,5
3151,BREAD BASKET,20,9,11,7,13
3152,BREAKER'S PANTRY,5,1,4,3,2
3153,"BREAKER,S PANTRY",4,1,3,3,1
3154,BREAKFAST & BURGER,2,0,2,2,0
3155,BREAKFAST HOUSE,6,2,4,4,2
3156,BREAKFAST HOUSE & COFFEE BAR SHERIDAN INC,4,2,2,0,4
3157,BREAKFAST HOUSE RESTAURANT,13,4,9,8,5
3158,BREAKFAST HOUSE RESTAURANT INC.,22,9,13,8,14
3159,BREAKROOM BREWERY,8,2,6,5,3
3160,BREAKTHROUGH BEGINNERS,12,5,7,3,9
3161,"BREAKTHROUGH, THE BRIDGE CAFE",10,4,6,3,7
3162,BREE'S THAI RICE & NOODLE,21,8,13,9,12
3163,BREHON PUB,16,5,11,7,9
3164,BRENDA NUTRITIONS,6,1,5,5,1
3165,BRENDA'S KIDS CLUB DAYCARE CENTER,20,11,9,5,15
3166,BRENDAN'S PUB,8,0,8,6,2
3167,BRETT'S KITCHEN INC.,20,11,9,6,14
3168,BREW & GROW,5,5,0,2,3
3169,BREW AND BITES BY CHIYA CHAI,2,1,1,1,1
3170,BREW BREW COFFEE AND TEA,5,3,2,4,1
3171,BREW BREW COFFEE LOUNGE,10,2,8,6,4
3172,"BREW CAMP, INC.",3,2,1,1,2
3173,BREWER COFFEE AND CUSTARD,6,2,4,2,4
3174,BREWSTONE BEER COMPANY REST,3,0,3,2,1
3175,BREZA DELI CATESSEN,2,0,2,1,1
3176,BRGRBELLY,27,7,20,15,12
3177,BRIA OF FOREST EDGE,17,6,11,9,8
3178,BRIAN'S JUICE BAR & DELI.,5,3,2,2,3
3179,BRIANNA'S RESTAURANT,7,3,4,3,4
3180,BRIAR PANTRY,2,0,2,1,1
3181,BRICIOLA,12,2,10,6,6
3182,BRICK AND CAKE,2,0,2,2,0
3183,BRICK HOUSE BAR AND GRILL,28,9,19,17,11
3184,BRICKHOUSE,3,0,3,3,0
3185,BRICKHOUSE TAVERN,14,5,9,10,4
3186,BRICKS,20,9,11,10,10
3187,BRICKS ON THE RUN,3,0,3,2,1
3188,BRICKS SPORTS BAR & GRILL,18,4,14,10,8
3189,BRICKTON MONTESSORI SCHOOL,22,13,9,4,18
3190,BRIDGE HOUSE TAVERN ON THE RIVER,13,6,7,7,6
3191,BRIDGEPORT ART CENTER,4,2,2,2,2
3192,BRIDGEPORT BAKERY,10,6,4,3,7
3193,BRIDGEPORT BAKERY 2.0,4,0,4,3,1
3194,BRIDGEPORT CATHOLIC SCHOOL (CAMPUS),16,7,9,4,12
3195,BRIDGEPORT CHILD DEVELOPMENT CENTER 1,15,7,8,4,11
3196,BRIDGEPORT CHILD DEVELOPMENT CENTER 2,13,8,5,3,10
3197,BRIDGEPORT COFEE,10,3,7,7,3
3198,BRIDGEPORT COFFEE,3,0,3,1,2
3199,BRIDGEPORT COFFEE HOUSE INC,12,4,8,5,7
3200,BRIDGEPORT COFFEE HYDE PARK,13,4,9,6,7
3201,"BRIDGEPORT COFFEE JACKSON,LLC",4,0,4,4,0
3202,BRIDGEPORT FAMILY RESTAURANT,30,15,15,12,18
3203,BRIDGEPORT PASTY LLC,3,2,1,1,2
3204,"BRIDGEPORT PASTY, LLC",8,2,6,3,5
3205,BRIDGEPORT RESTAURANT,2,0,2,2,0
3206,BRIDGEPORT SHELL,4,2,2,3,1
3207,BRIDGEPORT YOGURT & CAFE,2,0,2,1,1
3208,BRIDGET MCNEILL'S,12,7,5,4,8
3209,BRIDGET MCNEILLS,6,1,5,4,2
3210,BRIGADOON,10,2,8,7,3
3211,BRIGHT BEAUTIFUL BEGINNINGS DAYCARE INC,10,1,9,7,3
3212,"BRIGHT BEGINNINGS ACADEMY C.D.C,INC.",5,1,4,4,1
3213,BRIGHT BEGINNINGS EARLY LEARNING CENTER LLC,11,6,5,4,7
3214,BRIGHT ELEMENTARY,15,9,6,4,11
3215,BRIGHT ELEMENTARY ANNEX,4,1,3,1,3
3216,BRIGHT HORIZONS AT CLYBOURN,8,4,4,1,7
3217,BRIGHT HORIZONS AT COOK COUNTY,17,8,9,6,11
3218,BRIGHT HORIZONS AT ILLINOIS MEDICAL DISTRICT,4,2,2,0,4
3219,BRIGHT HORIZONS AT LAKEVIEW,9,3,6,4,5
3220,BRIGHT HORIZONS AT RIVER EAST,17,6,11,7,10
3221,BRIGHT HORIZONS AT THE ATRIUM,8,5,3,2,6
3222,BRIGHT HORIZONS CHICAGO CENTRAL LOOP,13,8,5,1,12
3223,BRIGHT HORIZONS CHICAGO EAST LOOP,15,6,9,5,10
3224,BRIGHT HORIZONS CHICAGO WEST LOOP,24,7,17,10,14
3225,"BRIGHT HORIZONS CHILDERN'S CENTERS, INC.",3,2,1,2,1
3226,BRIGHT LITTLE LEADERS LEARNING CENTER INC.,2,2,0,1,1
3227,"BRIGHT NEW MIND DAY CARE CENTER NO. 2, INC.",11,2,9,4,7
3228,"BRIGHT SCHOLARS ACADEMY, LLC",10,5,5,4,6
3229,BRIGHT SCHOLARS CLUBHOUSE I,4,2,2,1,3
3230,BRIGHT SCHOLARS CLUBHOUSE PREP.,3,2,1,2,1
3231,BRIGHT SMILES DAYCARE,12,5,7,6,6
3232,BRIGHT SMILES DAYCARE'S INFANT SUITE,10,2,8,4,6
3233,"BRIGHT START LEARNING CENTER, INC.",12,6,6,5,7
3234,BRIGHTER MINDS ACADEMY CORP.,5,1,4,4,1
3235,BRIGHTON MINI MART INC,7,5,2,1,6
3236,BRIGHTON PARK SCHOOL,24,14,10,8,16
3237,BRIGHTVIEW HEALTHCARE AND REHABILITATION CENTRE,12,5,7,6,6
3238,BRIGHTWOK KITCHEN,18,6,12,6,12
3239,BRINDILLE,16,6,10,10,6
3240,BRINKS CAFE,3,1,2,2,1
3241,BRINY SWINE SMOKEHOUSE & OYSTER BAR,2,2,0,0,2
3242,BRIOCHE DOREE T-1,13,6,7,1,12
3243,BRIOCHE DOREE T-2,15,11,4,4,11
3244,BRIOCHE DOREE T-3,23,13,10,1,22
3245,BRISA FOODS INC.,8,3,5,6,2
3246,BRISKU BISTRO,4,1,3,4,0
3247,BRISTOL FOOD & LIQUOR,2,2,0,0,2
3248,BRISTOL LIQUORS INC,17,6,11,5,12
3249,BRISTOL LOUNGE/JOHN'S LIQUOR AND DELI,18,5,13,11,7
3250,"BRITE NEW MIND DAY CARE CENTER, INC.",16,6,10,3,13
3251,BRITISH AIRWAYS,23,7,16,12,11
3252,BRITISH INTERNATIONAL SCHOOL OF CHICAGO LINCOLN PA,4,3,1,1,3
3253,BRITISH SCHOOL OF CHICAGO,14,5,9,7,7
3254,BRIX CATERING & EVENTS,26,11,15,13,13
3255,BRO-N-LAWS,8,4,4,4,4
3256,BRO-N-LAWS BAR-B-Q LLC,18,10,8,10,8
3257,BROADWAY CELLARS,24,9,15,14,10
3258,BROADWAY ENTERTAINMENT INC,2,0,2,2,0
3259,"BROADWAY GRILL, INC.",23,9,14,11,12
3260,BROADWAY LIQUORS,4,3,1,2,2
3261,"BROADWAY MINI MART, INC.",3,3,0,2,1
3262,BROADWAY PIZZA,4,1,3,4,0
3263,BROADWAY PLAYHOUSE,2,2,0,0,2
3264,BROADWAY SUPERMARKET,13,6,7,7,6
3265,BROASTED CHICKEN LLC.,4,1,3,3,1
3266,BROASTED CHICKEN ROYAL CHICAGO LTD,3,0,3,3,0
3267,BROASTED CHICKEN ROYALE,15,9,6,6,9
3268,BROBAGEL,15,7,8,7,8
3269,BRODYS HOUSE OF COOKED FISH & CHICKEN,12,0,12,10,2
3270,BROKEN BARREL,9,3,6,7,2
3271,BROKEN ENGLISH TACO PUB,16,4,12,8,8
3272,BROKEN ENGLISH TACO PUB - LINCOLN PARK,5,3,2,2,3
3273,BROKEN ENGLISH TACO PUB OLD TOWN,4,2,2,2,2
3274,BROKEN PLATE BAR AND GRILL,2,1,1,1,1
3275,BROKLYN DELI MART,2,0,2,2,0
3276,BRONZEVILLE ACADEMY CHARTER SCHOOL,11,2,9,5,6
3277,BRONZEVILLE CLASSICAL,6,2,4,0,6
3278,"BRONZEVILLE COFFEE AND TEA, INC.",3,1,2,1,2
3279,BRONZEVILLE CONVENIENCE,4,1,3,3,1
3280,BRONZEVILLE CONVENIENCE MART INC.,6,3,3,5,1
3281,BRONZEVILLE GOURMET PIZZERIA,10,2,8,8,2
3282,BRONZEVILLE JERK SHACK,4,2,2,2,2
3283,BRONZEVILLE MARKET PLACE INC,2,0,2,1,1
3284,BRONZEVILLE PARK NURSING & LIVING CENTER,8,4,4,4,4
3285,BRONZEVILLE SCHOLASTIC INSTITUTE,20,10,10,5,15
3286,BRONZEVILLE SOUL,3,2,1,1,2
3287,BRONZEVILLE WINERY,4,3,1,1,3
3288,BRONZVILLE FINER FOODS,3,0,3,2,1
3289,BROOKDALE LAKE SHORE DRIVE,9,2,7,7,2
3290,BROOKDALE LAKE VIEW,9,4,5,4,5
3291,BROOKLYN CHICKEN & GRILL INC,3,0,3,3,0
3292,BROOKLYN FOOD & DELI,5,1,4,3,2
3293,BROOKLYN MARKET,3,0,3,2,1
3294,BROOKLYN SUPERMARKET INC.,2,0,2,1,1
3295,BROTHER & SISTERS ALL DAY,11,2,9,7,4
3296,BROTHER RICE HIGH SCHOOL,21,8,13,7,14
3297,BROTHER TIM'S VEGETARIAN FAST FOOD,8,3,5,3,5
3298,BROTHER'S 7 FOOD AND LIQUOR,6,4,2,3,3
3299,BROTHER'S GRILL,3,1,2,1,2
3300,BROTHER'S RESTAURANT,3,1,2,3,0
3301,"BROTHER'S SUBMARINE & CHICKEN, INC.",16,6,10,11,5
3302,BROTHER'S SUBMARINE INC,10,7,3,4,6
3303,BROTHERS   RESTAURANT,10,5,5,2,8
3304,BROTHERS 5 FOOD & LIQUOR,8,4,4,5,3
3305,BROTHERS AND FATHERS PIZZERIA,10,3,7,6,4
3306,BROTHERS BEEF,9,6,3,1,8
3307,BROTHERS COFFEE SHOP INC,6,3,3,2,4
3308,BROTHERS DOLLAR & GROCERY,3,0,3,2,1
3309,BROTHERS FOOD MART,3,1,2,1,2
3310,"BROTHERS FOOD MART, INC.",5,2,3,3,2
3311,BROTHERS GROCERY & GENERAL MERCHANDISE,3,0,3,2,1
3312,BROTHERS MINI MART,2,1,1,1,1
3313,BROTHERS SUPERMARKET,4,1,3,3,1
3314,BROTHERS TO GO,2,1,1,1,1
3315,BROTHERS TWO GO,4,1,3,2,2
3316,BROU'NE DESSERTS,2,0,2,1,1
3317,"BROWN BAG LUNCH TRUCK, LLC",2,1,1,1,1
3318,BROWN BAG SEAFOOD CO,8,1,7,5,3
3319,BROWN BAG SEAFOOD CO.,42,15,27,22,20
3320,BROWN BAG SEAFOOD COMPANY,13,6,7,3,10
3321,BROWN BASKET FOOD & LIQUOR INC,5,1,4,3,2
3322,BROWN BEAR ACADEMY 2 INC.,5,2,3,3,2
3323,BROWN CAFE CHICAGO,5,2,3,3,2
3324,BROWN SUGAR BAKERY,9,2,7,4,5
3325,BROWN SUGAR BAKERY & CAFE,6,4,2,3,3
3326,BROWN SUGAR LOUNGE,7,3,4,3,4
3327,BROWN'S CHICKEN,7,2,5,3,4
3328,BROWN'S CHICKEN & PASTA,31,10,21,16,15
3329,BROWN'S CHICKEN LLC,13,5,8,6,7
3330,BROWN'S RESTAURANT LLC,7,2,5,4,3
3331,BROWN'S SUGAR EXPRESS,5,1,4,4,1
3332,BROWNS CHICKEN,7,4,3,3,4
3333,BROWNSTONE TAVERN & GRILL,25,8,17,13,12
3334,BROWNTROUT,10,3,7,3,7
3335,BRU COFFEE HOUSE,13,2,11,8,5
3336,BRU COFFEEWORKS,8,2,6,5,3
3337,BRUGES BROTHERS LLC.,8,4,4,3,5
3338,BRUNA'S CAFE,15,6,9,3,12
3339,BRUNCH,21,6,15,12,9
3340,BRUNCH N' BURGERS CHICAGO,8,2,6,5,3
3341,BRUNCH SOCIALL LLC,4,2,2,2,2
3342,BRYANNA'S RESTAURANT,19,10,9,11,8
3343,BRYN MAWR & KEDZIE BP,4,3,1,3,1
3344,BRYN MAWR BREAKFAST CLUB,24,4,20,13,11
3345,BRYN MAWR CAFE INC,7,3,4,5,2
3346,"BRYN MAWR CARE, INC.",17,10,7,8,9
3347,BRYN MAWR DELI,3,0,3,3,0
3348,BRYN MAWR FRESH MARKET,2,2,0,1,1
3349,BT WHOLESALE COMPANY,3,1,2,1,2
3350,BUB CITY,26,12,14,9,17
3351,BUB'S GYROS,4,0,4,4,0
3352,BUB'S PLACE,4,3,1,1,3
3353,"BUBA -LA FROZEN YOGURT, LLC",4,2,2,2,2
3354,BUBBA GUMP SHRIMP CO RESTAURANT,17,10,7,4,13
3355,BUBBLE MAGIC,3,0,3,2,1
3356,BUBBLE NET,29,9,20,16,13
3357,BUBBLE&BREW CORP.,4,1,3,4,0
3358,BUBBLES  TREATS,3,0,3,3,0
3359,BUBBLES ACADEMY,10,1,9,6,4
3360,BUBBLES WINE BAR,6,1,5,0,6
3361,BUBS GYROS,7,1,6,5,2
3362,BUCA dI BEPPO,7,6,1,2,5
3363,BUCK'S FOUR STAR GRILL,10,3,7,6,4
3364,BUCKINGHAM PAVILLION INC,11,4,7,4,7
3365,BUCKTOWN ACADEMY,15,5,10,9,6
3366,BUCKTOWN BEANERY,3,1,2,2,1
3367,BUCKTOWN DYSFUNCTIONAL PUB,6,2,4,1,5
3368,BUCKTOWN LIQUOR CITY,3,2,1,2,1
3369,"BUCKWICK ORGANIX CONVENIENCE STORE INC.,",5,3,2,3,2
3370,BUDACKI'S DRIVE IN,7,2,5,5,2
3371,BUDACKIS DRIVE-IN HOT DOGS,13,4,9,5,8
3372,BUDDY GUY'S LEGENDS,23,12,11,7,16
3373,BUDDY'S FOOD WINE & SPIRITS,6,1,5,4,2
3374,BUDGET FOOD & LIQUOR,5,2,3,2,3
3375,BUDGET PANTRY,3,1,2,1,2
3376,BUDLONG HOT CHICKEN,6,1,5,2,4
3377,BUEN  PALADAR,2,0,2,2,0
3378,BUEN APETITO,18,7,11,6,12
3379,BUEN SABOR CO.,3,0,3,2,1
3380,BUENA NUTRICION,2,1,1,1,1
3381,BUENA VISTA RESTAURANT,16,4,12,6,10
3382,BUENOS AIRES LIQUOR & DELI,20,10,10,7,13
3383,BUENOS AMIGOS RESTAURANT,2,0,2,2,0
3384,BUFFALO FEED THE PEOPLE RIB HOUSE INC,10,5,5,5,5
3385,BUFFALO FOODS,2,1,1,1,1
3386,BUFFALO JOE'S ON HOWARD,20,10,10,9,11
3387,BUFFALO SAM,10,2,8,4,6
3388,BUFFALO WILD WINGS,39,11,28,20,19
3389,BUFFALO WILD WINGS #870,3,1,2,1,2
3390,BUFFALO WILD WINGS GO #836,4,0,4,3,1
3391,BUFFALO WILD WINGS GRILL & BAR,31,11,20,24,7
3392,BUFFALO WINGS AND RINGS,30,11,19,18,12
3393,BUFFET CASTLE,12,7,5,7,5
3394,BUFFET CITY,41,17,24,17,24
3395,BUFFET LOS AMIGOS RESTAURANT INC,5,1,4,4,1
3396,BUGSY'S,7,2,5,5,2
3397,BUILDING BLOCKS LEARNING,6,3,3,3,3
3398,BUILDING BLOCKS LEARNING ACADEMY,24,9,15,8,16
3399,BULERIAS INC.,16,5,11,7,9
3400,BULERIAS NORTH AVENUE,5,4,1,4,1
3401,BULGARIA RESTAURANT,3,1,2,2,1
3402,BULL  DOG BAKERY II,3,1,2,2,1
3403,BULL & BEAR,10,1,9,9,1
3404,BULL DOG ALE HOUSE,15,4,11,11,4
3405,BULL DOG BAKERY II,6,2,4,2,4
3406,BULL-EH-DIA'S TAPAS BAR,4,0,4,4,0
3407,BULLCHICKS,2,0,2,1,1
3408,BULLDOG ALE HOUSE,19,6,13,14,5
3409,BULLHEAD CANTINA,16,5,11,8,8
3410,BULSHO COFFEE SHOP,5,2,3,2,3
3411,BULSHO RESTAURANT,10,5,5,7,3
3412,BUMPAS BEEF INC.,4,3,1,2,2
3413,BUN MI EXPRESS,4,2,2,3,1
3414,"BUNA TIME CAFE, LLC",5,1,4,4,1
3415,"BUNCHES OF LOVE, LLC",4,0,4,3,1
3416,BUNDOO KHAN,26,11,15,17,9
3417,BUNNIES AMERICAN INC.,6,0,6,4,2
3418,BUNNY THE MICRO BAKERY,3,0,3,2,1
3419,BUNNYLAND DEVELOPMENTAL DAYCARE,21,8,13,9,12
3420,BUNZ BAKERY,2,1,1,0,2
3421,BUONA,34,11,23,24,10
3422,BUONA EVENT CATERING,2,0,2,2,0
3423,BUONA TERRA RISTORANTE,18,5,13,11,7
3424,BUREAU BAR AND RESTAURANT,7,1,6,6,1
3425,BUREAU BAR AND RESTAURANT LLC,19,4,15,13,6
3426,BUREAU PIZZA CO,4,0,4,2,2
3427,BURGER & PITA,12,5,7,7,5
3428,BURGER BAR CHICAGO,22,7,15,12,10
3429,BURGER BARON,18,10,8,3,15
3430,BURGER BOSS,3,0,3,1,2
3431,BURGER BOY EXPRESS INC.,2,1,1,1,1
3432,BURGER BROTHERS,2,2,0,1,1
3433,BURGER BULL,3,2,1,2,1
3434,BURGER DELIGHTS,2,1,1,2,0
3435,BURGER FEDERATION TERM 3 L21,8,0,8,1,7
3436,BURGER GUYS,3,1,2,2,1
3437,"BURGER HUB, INC.",4,2,2,2,2
3438,BURGER JOINT,3,1,2,1,2
3439,BURGER JOINT CHICAGO BAR & GRILL LLC,9,3,6,5,4
3440,BURGER KING,114,39,75,55,59
3441,BURGER KING  #11297,7,4,3,3,4
3442,BURGER KING  #1512,12,3,9,3,9
3443,BURGER KING #,48,21,27,19,29
3444,BURGER KING # 10797,5,3,2,2,3
3445,BURGER KING # 12663,15,6,9,6,9
3446,BURGER KING # 1338,4,1,3,1,3
3447,BURGER KING # 14476,4,3,1,1,3
3448,BURGER KING # 215,5,3,2,2,3
3449,BURGER KING # 3386,6,2,4,1,5
3450,BURGER KING # 6345,5,4,1,1,4
3451,BURGER KING #10345,22,6,16,5,17
3452,BURGER KING #10366,16,4,12,6,10
3453,BURGER KING #10797,24,10,14,10,14
3454,BURGER KING #11297,21,9,12,13,8
3455,BURGER KING #11967,12,4,8,6,6
3456,BURGER KING #1232,22,4,18,12,10
3457,BURGER KING #12371,32,13,19,21,11
3458,BURGER KING #1250,24,10,14,15,9
3459,BURGER KING #12663,4,3,1,1,3
3460,BURGER KING #1272,21,11,10,6,15
3461,BURGER KING #1303,6,4,2,1,5
3462,BURGER KING #1308,21,5,16,12,9
3463,BURGER KING #1310,11,3,8,5,6
3464,BURGER KING #142,13,4,9,6,7
3465,BURGER KING #14476,9,3,6,3,6
3466,BURGER KING #1455,22,5,17,13,9
3467,BURGER KING #1512,15,2,13,11,4
3468,BURGER KING #16598,13,5,8,6,7
3469,BURGER KING #16882,19,7,12,9,10
3470,BURGER KING #17392,10,2,8,5,5
3471,BURGER KING #181,33,13,20,18,15
3472,BURGER KING #207,17,7,10,7,10
3473,BURGER KING #212,5,1,4,3,2
3474,BURGER KING #215,19,7,12,10,9
3475,BURGER KING #22995,9,6,3,6,3
3476,BURGER KING #244,17,6,11,7,10
3477,BURGER KING #25272,7,1,6,5,2
3478,BURGER KING #2654,19,5,14,10,9
3479,BURGER KING #332,4,0,4,3,1
3480,BURGER KING #3386,16,7,9,11,5
3481,BURGER KING #5495,7,3,4,1,6
3482,BURGER KING #5818,14,7,7,7,7
3483,BURGER KING #5986,16,7,9,6,10
3484,BURGER KING #6345,12,1,11,6,6
3485,BURGER KING #6358,26,10,16,11,15
3486,BURGER KING #7112,17,2,15,9,8
3487,BURGER KING #7268,13,5,8,9,4
3488,BURGER KING #7288,16,6,10,8,8
3489,BURGER KING #7623,34,11,23,20,14
3490,BURGER KING #7674,20,7,13,6,14
3491,BURGER KING #8312,38,14,24,19,19
3492,BURGER KING 16598,6,4,2,1,5
3493,BURGER KING 19467,10,4,6,5,5
3494,BURGER KING RESTAURANT,20,7,13,6,14
3495,BURGER KING RESTAURANT # 5495,13,7,6,3,10
3496,"BURGER R US, INC",4,0,4,3,1
3497,BURGER TOWN,3,1,2,2,1
3498,BURGERS & MORE,3,0,3,3,0
3499,BURGUNDY RESTAURANT INC,18,8,10,3,15
3500,BURGUR BOY LOUNGE CORP,7,3,4,5,2
3501,BURKE'S BACON BAR,2,1,1,1,1
3502,BURKE'S PUBLIC HOUSE,22,11,11,9,13
3503,BURNHAM ELEMENTARY,5,3,2,1,4
3504,BURNHAM HARBOR DOCKSIDE CAFE,2,1,1,1,1
3505,BURNHAM MATH AND SCIENCE ACADEMY,17,5,12,8,9
3506,BURNHAM PARK YACHT CLUB,21,5,16,13,8
3507,BURNING BUSH,8,3,5,8,0
3508,BURNING BUSH BREWERY & RIVER ROOM AT BURNING BUSH,8,4,4,3,5
3509,BURNT CITY,5,2,3,3,2
3510,BURNT CITY/DISTRICT BREW YARDS,11,6,5,9,2
3511,BURP,4,1,3,1,3
3512,"BURRITO ARCELIANO, INC.",2,1,1,2,0
3513,BURRITO BEACH,122,59,63,44,78
3514,BURRITO BEACH # 8,20,10,10,4,16
3515,BURRITO BUGGY,8,2,6,3,5
3516,BURRITO GRANDE,2,0,2,1,1
3517,BURRITO GRANDE PEREZ,19,9,10,7,12
3518,"BURRITO GRANDE PEREZ, INC.",4,2,2,2,2
3519,BURRITO HOUSE,21,6,15,9,12
3520,BURRITO HOUSE 2 INC,8,3,5,4,4
3521,BURRITO KING,17,5,12,12,5
3522,BURRITO STATION,21,5,16,12,9
3523,BURRITOS AIDA,12,6,6,7,5
3524,BURRITOS JUAREZ,8,2,6,4,4
3525,"BURRITOS JUAREZ, INC.",9,1,8,6,3
3526,BURTON PLACE,13,6,7,8,5
3527,BURWOOD TAP,11,3,8,7,4
3528,BUSH FOOD MART,4,0,4,2,2
3529,"BUSH MARKET, LLC",3,0,3,2,1
3530,BUST OUTS,2,0,2,1,1
3531,"BUSY BEE FOOD MART, INC.",2,1,1,1,1
3532,BUSY BEE LEARNING CENTER,2,0,2,2,0
3533,BUSY BEE SUPERMARKET,12,3,9,7,5
3534,BUSY BEES CHILD DEVELOPEMENT CENTER,15,7,8,4,11
3535,BUSY BEES CHILD DEVELOPEMENT CENTER II,16,7,9,7,9
3536,"BUSY BEES LEARNING SCHOOL, INC.",9,7,2,2,7
3537,BUSY BUMBLE BEE ACADEMY,2,0,2,2,0
3538,BUSY BUMBLE BEE ACADEMY DAYCARE,26,7,19,13,13
3539,BUSY BUMBLE BEE DAYCARE,4,1,3,3,1
3540,"BUTCH MC GUIRE'S, INC.",17,9,8,7,10
3541,BUTCH TOBACCO & SNACKS,3,1,2,2,1
3542,BUTCHER & THE BURGER,21,7,14,12,9
3543,"BUTCHER BLOCK SPECIALTIES, INC",4,2,2,2,2
3544,BUTCHER'S TAP,15,1,14,9,6
3545,BUTCHERS DELI & PRODUCE INC.,4,2,2,2,2
3546,"BUTCHWAY TOBACCO & SNACKS, INC",2,0,2,1,1
3547,BUTLER CHILDREN'S PREPARATORY,10,5,5,2,8
3548,BUTLER HOSPITALITY,8,3,5,5,3
3549,BUTTER BELLA,3,2,1,1,2
3550,BUTTERCLAW,6,1,5,4,2
3551,BUTTERCLAW / CLUCKSON'S / GUACDOG / BUTTER AND VI,5,1,4,2,3
3552,BUTTERDOUGH,3,1,2,3,0
3553,BUTTERFIELD KITCHEN,8,3,5,5,3
3554,BUTTERFLY,24,11,13,13,11
3555,BUTTERFLY COOKIES LLC,3,1,2,2,1
3556,BUTTERFLY SUSHI & THAI CUISINE ON CHICAGO AVE,10,4,6,4,6
3557,BUTTERFLY SUSHI BAR AND THAI CUISINE ON MADISON ST,26,10,16,10,16
3558,BUY & FLY STORE,6,0,6,4,2
3559,BUY 'N SAVE,2,0,2,2,0
3560,BUY -N- SAVE,20,10,10,12,8
3561,BUY LOW FOOD & LIQUOR,7,1,6,6,1
3562,BUY LOW FOOD & LIQUORS,4,1,3,2,2
3563,BUY LOW LIQUORS,17,5,12,10,7
3564,BUY THE POUND BAKERY INC.,2,2,0,0,2
3565,BUYK,12,5,7,7,5
3566,BUZZ,6,3,3,3,3
3567,BUZZ BAIT,8,5,3,3,5
3568,BUZZ COFFEE ROASTER AND BAKER,3,2,1,2,1
3569,BUZZ KILLER ESPRESSO,6,4,2,4,2
3570,BUZZ MARKET,2,0,2,2,0
3571,BUZZED BULL CREAMERY,3,0,3,2,1
3572,BW 3,11,5,6,7,4
3573,BWS,2,2,0,2,0
3574,BY THE HAND CLUB,2,0,2,0,2
3575,BY THE PARK,4,2,2,1,3
3576,BYRD'S HOT CHICKEN,3,3,0,1,2
3577,BYRONS HOT DOG INC,23,11,12,8,15
3578,BYRONS KITCHENS,26,6,20,12,14
3579,BYTE CAFE,5,1,4,2,3
3580,BZ,5,3,2,3,2
3581,BZ MART,2,1,1,1,1
3582,BZ QUICK-MART,2,0,2,2,0
3583,BZY GRILL INC,3,0,3,3,0
3584,Babas Halal,8,4,4,7,1
3585,Bacci Pizza Dearborn,8,2,6,7,1
3586,Backyard Grill,26,15,11,13,13
3587,Baker Square # 220203,28,12,16,14,14
3588,Bakin' & Eggs,20,7,13,8,12
3589,Baltimore Food & Liquor,12,3,9,2,10
3590,BamBooQue,3,1,2,3,0
3591,Banneker,5,2,3,1,4
3592,Banner Academy,5,5,0,1,4
3593,Banner Academy West,3,0,3,2,1
3594,Bar Siena,2,2,0,0,2
3595,Baraka Convenience Market Inc,2,1,1,1,1
3596,Barbara A. Sizemore Academy,12,4,8,8,4
3597,Barry,18,6,12,9,9
3598,Baylor's Melonart,3,1,2,2,1
3599,Beard Elementary School,19,13,6,5,14
3600,Beasley,24,10,14,9,15
3601,Beasley CPC,18,9,9,6,12
3602,Beaubien Elementary School,20,6,14,4,16
3603,Beer Run LLC,3,1,2,2,1
3604,Beethoven,24,12,12,8,16
3605,Beggar's Pizza,23,10,13,8,15
3606,Belding Elementary School,17,9,8,1,16
3607,Belly Shack II,7,2,5,4,3
3608,"Belmont Tap, Inc",5,1,4,2,3
3609,Belmont-Cragin,5,2,3,1,4
3610,Ben and Jerry's (Navy Pier),2,1,1,0,2
3611,Ben's Bar Be Cue,20,4,16,12,8
3612,Benchwarmers Sports Bar and Grill,11,4,7,6,5
3613,Benjyehuda,13,6,7,5,8
3614,Best Sushi Joon Inc.,11,2,9,7,4
3615,"Beyond Borders Fusion Food, LLC",2,0,2,1,1
3616,Beyond Green Partners,3,1,2,1,2
3617,Beyond The Ivy,8,4,4,3,5
3618,Bibi's Grocery,3,0,3,2,1
3619,Big Hill Cantina,10,3,7,5,5
3620,Big Star,15,7,8,5,10
3621,Bill's Pub,2,1,1,1,1
3622,Billy Goat,12,7,5,5,7
3623,Billy Goat Tavern & Grill,19,9,10,4,15
3624,Billy Sunday,18,7,11,12,6
3625,Bina's Place,6,2,4,4,2
3626,Black Magnet Branch,17,10,7,3,14
3627,Blair Early Childhood Ctr,15,10,5,0,15
3628,Blu 47,3,0,3,3,0
3629,Blue Moon Cafe,4,0,4,4,0
3630,Blue Ocean Sushi Restaurant,4,1,3,3,1
3631,BlueLine Coffee,4,1,3,4,0
3632,Boca Loca  Cantina Aville,3,2,1,1,2
3633,Bodega Division,2,2,0,0,2
3634,Booil Restaurant,9,6,3,4,5
3635,Boriken,3,2,1,1,2
3636,Borinquen Restaurant #2,6,2,4,2,4
3637,Bouchet Elementary,16,7,9,4,12
3638,Bouchet Elementary School,17,9,8,4,13
3639,Boutique Bites,10,5,5,5,5
3640,Bowen H/S,24,13,11,11,13
3641,Bradwell School of Excellence,21,6,15,9,12
3642,Brandon's Food Mart,2,0,2,2,0
3643,Bread & Wine,13,6,7,5,8
3644,Breakthrough Urban Ministries,3,3,0,0,3
3645,Brentano,15,10,5,3,12
3646,Bridge Elementary School,17,10,7,2,15
3647,Bridge Junior High School,15,9,6,4,11
3648,Bright Horizons at Lakeshore East,12,4,8,4,8
3649,Britton Budd Apartments,12,6,6,4,8
3650,Bro-N-Laws,8,2,6,3,5
3651,Bronzeville Alt.,2,1,1,1,1
3652,Bronzeville Lighthouse,9,5,4,2,7
3653,Brown Acad.,19,6,13,6,13
3654,"Brown Bag Lunch Truck, LLC",2,2,0,1,1
3655,Brownell,18,11,7,4,14
3656,Buckingham,3,2,1,1,2
3657,Bucktown Soup Cafe,2,0,2,1,1
3658,Buffalo Wild Wings,3,0,3,3,0
3659,Bulls College Prep,3,1,2,1,2
3660,Burbank,24,8,16,11,13
3661,Burger & Pita,7,3,4,3,4
3662,Burger Fed Temp Kiosk,3,1,2,3,0
3663,"Burger Hub, Inc.",9,3,6,5,4
3664,Burger King #17392,11,5,6,3,8
3665,Burke,25,10,15,13,12
3666,Burkes Web Pub,2,0,2,2,0
3667,Burley Elementary,20,11,9,6,14
3668,Burnham Anthony Branch,5,5,0,1,4
3669,Burnham Plaza Mart,17,7,10,9,8
3670,Burnside,24,11,13,9,15
3671,Burr,17,7,10,7,10
3672,Burrito King,4,2,2,2,2
3673,C & A NEWS INC,6,3,3,2,4
3674,C & C CANDY STORE AND GENERAL MERCHANDISE,2,0,2,2,0
3675,C & C PACKING CORPORATION,3,1,2,2,1
3676,C & D BAR B Q LLC,6,3,3,5,1
3677,C & D BAR B QUE LLC,7,1,6,4,3
3678,C & G RESTAURANT,17,5,12,8,9
3679,C & P FRIED RICE 2,20,10,10,9,11
3680,C & P FRIED RICE INC,6,3,3,3,3
3681,C AND A GRILL,3,1,2,2,1
3682,C AND K LIQUOR INC,2,1,1,1,1
3683,C FISH HOUSE,6,4,2,1,5
3684,C L DISCOUNT,2,0,2,2,0
3685,"C MEATS, LLC",4,2,2,1,3
3686,C N D GYROS & LOUNGE INC,2,1,1,1,1
3687,C S W CAREER ACADEMY CULINARY ARTS HIGH SCHOOL,8,4,4,1,7
3688,C'BELLE'S SANDWICHES AND MORE,6,0,6,4,2
3689,C'EST BIEN THAI,14,1,13,8,6
3690,C'EST SI BON LTD.,10,5,5,3,7
3691,C-HOUSE,4,2,2,2,2
3692,C-K SUBWAY,21,10,11,7,14
3693,"C-MANNY'S MEXICAN CUISINE II, INC.",9,5,4,1,8
3694,C-STORE,9,5,4,2,7
3695,"C.J.'S BBQ CRUISER, L.L.C.",2,1,1,1,1
3696,"C.M.D. PRODUCE, INC.",2,0,2,1,1
3697,C.R. PHILLIPS CHLD. DEV. CENTR,3,2,1,1,2
3698,C.R.PHILLIPS CHILD.DEV.CENTR,2,0,2,1,1
3699,C/O ST ANTHONY HOSPITAL.,14,5,9,8,6
3700,CA BEEF,2,0,2,2,0
3701,CABALO INC.,2,1,1,1,1
3702,CABANA BAR,6,0,6,6,0
3703,CABANA PLACE INC,3,1,2,2,1
3704,CABANA RESTAURANT & SPORTS BAR,3,1,2,2,1
3705,CABARET ZAZOU,5,0,5,1,4
3706,CABOS BAJA CAFE AND GRILL,6,2,4,6,0
3707,CACAOABUNGA,5,1,4,4,1
3708,CACTUS BAR & GRILL,14,7,7,4,10
3709,CACTUS CANTINA,2,1,1,0,2
3710,CACTUS FOOD & LIQUORS,3,0,3,2,1
3711,CAESAR PIEROGI & CAFE,2,0,2,2,0
3712,CAESAR'S FOODS INC,4,2,2,1,3
3713,CAESAR'S PIZZA,3,1,2,1,2
3714,CAFE  CON  LECHE (CCLB),7,2,5,3,4
3715,CAFE  EL TAPATIO,12,4,8,6,6
3716,CAFE #10,18,5,13,13,5
3717,CAFE 1850,7,1,6,2,5
3718,CAFE 1935,3,2,1,2,1
3719,CAFE 222 LLC,8,4,4,4,4
3720,CAFE 231,2,0,2,1,1
3721,CAFE 28,8,3,5,6,2
3722,CAFE 353,14,7,7,6,8
3723,CAFE 455,5,2,3,2,3
3724,CAFE 47,3,0,3,3,0
3725,CAFE 525,2,1,1,2,0
3726,CAFE 53,11,1,10,8,3
3727,CAFE 57,5,3,2,3,2
3728,CAFE 63,15,7,8,7,8
3729,CAFE 7,11,3,8,3,8
3730,CAFE 75,6,1,5,6,0
3731,CAFE 787,5,2,3,2,3
3732,CAFE ALIF,3,1,2,2,1
3733,CAFE AT THE CULTURAL CENTER,3,1,2,1,2
3734,CAFE AUSTRIA AND CATERING,3,0,3,2,1
3735,CAFE AVANTI,6,2,4,4,2
3736,CAFE BA BA REEBA,30,6,24,15,15
3737,CAFE BALLOU,11,3,8,9,2
3738,"CAFE BALLOU, LLC",6,3,3,2,4
3739,CAFE BELLA INCORPORATED,12,3,9,5,7
3740,CAFE BERNARD,2,1,1,1,1
3741,CAFE BHIM,2,0,2,1,1
3742,CAFE BIONDA,30,10,20,20,10
3743,CAFE BLEU,3,0,3,3,0
3744,CAFE BLEU LLC,4,1,3,3,1
3745,CAFE BOLERO,7,3,4,4,3
3746,CAFE BONHOMME / BEATNIX BY THE RIVER,8,3,5,7,1
3747,CAFE BONHOMME AND BEATNIK ON THE RIVER,3,1,2,3,0
3748,CAFE BONNE SANTE,3,1,2,2,1
3749,CAFE BRAUER,18,7,11,1,17
3750,CAFE CANCALE,3,0,3,2,1
3751,"CAFE CAPPUCINO, INC",5,2,3,4,1
3752,CAFE CART,7,4,3,1,6
3753,CAFE CENTRAL ASIA,6,0,6,3,3
3754,CAFE CHIEN,4,1,3,3,1
3755,CAFE CIAT,4,2,2,2,2
3756,CAFE COCO LATTE LLC,4,1,3,3,1
3757,CAFE COLAO,25,11,14,10,15
3758,"CAFE CON LECHE BUCKTOWN, INC.",4,1,3,1,3
3759,CAFE CON LECHE D' NOCHE,28,11,17,13,15
3760,CAFE CORNER,4,0,4,3,1
3761,CAFE CREME,2,0,2,1,1
3762,CAFE CREMERIE,6,1,5,4,2
3763,CAFE DALIGHT,4,2,2,3,1
3764,CAFE DEKO,4,1,3,4,0
3765,CAFE DESCARTES,24,9,15,13,11
3766,CAFE DESCARTES COMPANY,4,1,3,2,2
3767,"CAFE DESCARTES MIDWAY JV, LLC",8,4,4,3,5
3768,CAFE DU MARCHE,15,5,10,8,7
3769,CAFE EL MESON,8,2,6,3,5
3770,CAFE EL MESON 2,4,1,3,4,0
3771,CAFE EL MESON INCORPORATED,5,2,3,3,2
3772,CAFE EL TAPATIO,14,4,10,9,5
3773,CAFE ESPRESSO,2,1,1,1,1
3774,CAFE ESPRESSO A,2,0,2,2,0
3775,CAFE ESPRESSO C,8,2,6,2,6
3776,CAFE ESPRESSO TC,4,1,3,1,3
3777,CAFE FENIX,4,3,1,3,1
3778,CAFE FRESCO,2,1,1,1,1
3779,CAFE FRESH INC.,2,1,1,1,1
3780,CAFE FURAIBO JAPANESE RESTAURANT & SUSHI,12,6,6,6,6
3781,CAFE HABIBI,3,0,3,2,1
3782,CAFE HAROLD'S LLC,2,1,1,1,1
3783,CAFE HOANG,42,18,24,21,21
3784,CAFE HUONG,4,2,2,2,2
3785,CAFE HUOUNG,3,1,2,2,1
3786,CAFE IBERICO,26,10,16,14,12
3787,CAFE IL CORTILE,20,11,9,12,8
3788,CAFE IL CORTILE RESTAURANTE,12,5,7,6,6
3789,CAFE INTERNET LATINO INC.,9,4,5,4,5
3790,CAFE ISTANBUL,22,8,14,13,9
3791,CAFE IZALCO,5,1,4,3,2
3792,CAFE JUMPING BEAN,8,4,4,2,6
3793,CAFE KORZO,6,3,3,3,3
3794,CAFE L'APPETITIO,8,3,5,3,5
3795,CAFE L'APPETITO,32,11,21,13,19
3796,CAFE LACUNA,4,1,3,3,1
3797,CAFE LAGUARDIA,8,3,5,5,3
3798,CAFE LAGUARDIA WEST,2,1,1,1,1
3799,CAFE LAS DELICIAS RESTAURANT,5,3,2,4,1
3800,CAFE LOGAN,7,2,5,1,6
3801,CAFE LUIGI,20,4,16,12,8
3802,CAFE MARBELLA,29,9,20,19,10
3803,CAFE MARGO,5,0,5,5,0
3804,CAFE MARIE-JEANNE,7,5,2,5,2
3805,CAFE MATOU,2,1,1,1,1
3806,CAFE MED,7,3,4,3,4
3807,CAFE MEDIA NOCHE,3,0,3,2,1
3808,CAFE MESTIZO,5,2,3,4,1
3809,CAFE MICHELLE,13,3,10,8,5
3810,CAFE MIMOZA,17,5,12,13,4
3811,CAFE MONSIVAIS,6,2,4,3,3
3812,CAFE MONTENEGRO,5,2,3,4,1
3813,CAFE MUSTACHE,23,8,15,10,13
3814,CAFE NEW DAY LLC,6,1,5,4,2
3815,CAFE NILLY,4,0,4,3,1
3816,CAFE NORDSTROM,25,12,13,8,17
3817,CAFE ON OAK,2,1,1,1,1
3818,CAFE ON THE GROVE,4,2,2,2,2
3819,CAFE ONE 11,9,5,4,5,4
3820,CAFE ORCHID,24,5,19,15,9
3821,CAFE ORIENT 33,7,3,4,2,5
3822,"CAFE ORIENT 33, INC",8,5,3,2,6
3823,CAFE PACHUCA,4,1,3,2,2
3824,CAFE PANCHO,3,0,3,2,1
3825,CAFE PARISI,3,0,3,3,0
3826,CAFE PRAGUE,21,7,14,10,11
3827,CAFE RAFAELO INC.,7,4,3,3,4
3828,CAFE RENEE,5,3,2,1,4
3829,CAFE RENEE INC,4,2,2,2,2
3830,CAFE RESTAURANT ART,18,2,16,11,7
3831,CAFE RESTAURANT GRAND,3,0,3,2,1
3832,CAFE ROM,8,6,2,2,6
3833,CAFE ROSA,18,8,10,9,9
3834,CAFE SALIMON,3,0,3,3,0
3835,CAFE SAN JUAN,6,1,5,2,4
3836,CAFE SELMARIE,21,10,11,11,10
3837,CAFE SOCIETY INC,10,2,8,4,6
3838,CAFE SOPHIE,6,3,3,1,5
3839,"CAFE SPORTIVO,INC",6,3,3,4,2
3840,CAFE SUSHI-WELLS,25,4,21,17,8
3841,CAFE TACUBA CHICAGO,4,0,4,3,1
3842,CAFE TEAMO,5,1,4,2,3
3843,CAFE TOLA,16,4,12,8,8
3844,CAFE TOLA #4,11,5,6,8,3
3845,CAFE TOLA #5,7,4,3,6,1
3846,CAFE TOLA I,13,5,8,11,2
3847,CAFE TOLA II,15,3,12,10,5
3848,CAFE TOLA III,10,5,5,6,4
3849,CAFE TOUCHE,21,11,10,11,10
3850,CAFE TRINIDAD,12,5,7,6,6
3851,CAFE TWO07,5,1,4,3,2
3852,CAFE TYPHOON,10,7,3,6,4
3853,"CAFE UMBRIA, INC.",2,1,1,1,1
3854,CAFE UNIVERSITY-1104 S WABASH,3,2,1,2,1
3855,CAFE UNIVERSITY-623 S WABASH,2,1,1,1,1
3856,CAFE URBANO,13,3,10,8,5
3857,"CAFE UTJEHA, INC.",11,5,6,5,6
3858,CAFE VERSACE,3,0,3,3,0
3859,CAFE VERSAILLES,7,4,3,3,4
3860,CAFE VIENNA,15,7,8,9,6
3861,CAFE VIENNA  & CATERING INC,17,7,10,8,9
3862,CAFE Y NEVERIA JUAREZ,5,1,4,4,1
3863,CAFE ZIPO,7,4,3,3,4
3864,"CAFE' DESCARTES COMPANY,",10,3,7,5,5
3865,CAFECITO,66,28,38,33,33
3866,CAFECITO EXPRESS,2,0,2,0,2
3867,CAFENEO,6,2,4,4,2
3868,CAFETERIA  FRIDA,2,1,1,0,2
3869,CAFETERIA EMMANUEL,5,2,3,5,0
3870,CAFETERIA HONDURENA,2,1,1,2,0
3871,CAFETERIA MARIANAO,12,6,6,7,5
3872,CAFETERIA MARIANAO 2,6,3,3,3,3
3873,CAFETERIA Y NEVERIA FRUITLANDI,4,1,3,3,1
3874,CAFETERIA Y NEVERIA JIMENEZ,6,3,3,4,2
3875,CAFETERIA YESENIA,19,4,15,8,11
3876,CAFETIN TAINO,5,0,5,3,2
3877,CAFEZAZZO,9,3,6,3,6
3878,CAFFE  MERCATO,13,2,11,4,9
3879,"CAFFE  UMBRIA, INC.",9,2,7,5,4
3880,CAFFE & RESTAURANT YUGOSLAVIA,6,4,2,2,4
3881,CAFFE ARRIVADOLCE,11,3,8,9,2
3882,CAFFE BACI,57,22,35,22,35
3883,CAFFE BACI INC,15,6,9,6,9
3884,CAFFE BACI INC.,9,5,4,3,6
3885,CAFFE DE LUCA,6,1,5,3,3
3886,CAFFE FLORIAN INC,2,1,1,1,1
3887,CAFFE GELATO,17,9,8,9,8
3888,CAFFE ITALIA,10,4,6,5,5
3889,CAFFE ROM,28,10,18,9,19
3890,CAFFE ROMA,4,0,4,3,1
3891,CAFFE STREETS,3,2,1,0,3
3892,CAFFE STREETS INC.,10,7,3,4,6
3893,CAFFE' OLIVA,16,7,9,7,9
3894,CAFFECAFE,15,7,8,4,11
3895,CAFFEE BOCACHO,5,4,1,2,3
3896,CAI,28,13,15,16,12
3897,CAIRE'S PIZZA,5,3,2,3,2
3898,CAIRO KEBAB,10,3,7,6,4
3899,CAJUN BOIL AND BAR CHICAGO,14,5,9,7,7
3900,CAJUN CAFE & GRILL,2,2,0,0,2
3901,CAKE BROS BAKERY,7,4,3,2,5
3902,CAKE BROS. BAKERY,3,0,3,2,1
3903,CAKE CHICAGO,2,1,1,1,1
3904,CAKE GALLERY,6,1,5,4,2
3905,CAKE LADY'S HOMEMADE CAKES,2,2,0,0,2
3906,CAKE SWEEK FOOD CHICAGO - THE HOUSE CAFE,4,1,3,3,1
3907,CAKE SWEET FOOD CHICAGO,2,0,2,2,0
3908,"CAKES & BEYOND, INC.",9,3,6,5,4
3909,"CAL'S 400 LIQUORS, INC.",2,1,1,1,1
3910,CAL'S CORNER,2,1,1,0,2
3911,CAL-HARBOR RESTAURANT,15,8,7,6,9
3912,"CALABRIA IMPORTS, INC.",18,10,8,4,14
3913,CALAUGUSTA LLC,10,6,4,6,4
3914,CALDERO INCORPORATED,4,3,1,2,2
3915,CALDWELL ELEMENTARY,23,7,16,11,12
3916,CALI'S MEXICAN-AMERICAN GRILL,3,0,3,1,2
3917,CALIENTE,3,1,2,2,1
3918,CALIFORNIA FOOD & LIQUORS,3,1,2,0,3
3919,CALIFORNIA FOOD MART,8,4,4,4,4
3920,CALIFORNIA FOODS,5,1,4,5,0
3921,CALIFORNIA GARDENS NURSING & REHABILITATION CENTER,14,4,10,7,7
3922,CALIFORNIA ON 63RD,4,2,2,2,2
3923,CALIFORNIA PIZZA KITCHEN,22,6,16,12,10
3924,CALIFORNIA PIZZA KITCHEN ASAP,2,0,2,2,0
3925,CALIFORNIA SUB & FAST FOOD INC,5,2,3,3,2
3926,CALIFORNIA TERRACE SNF LLC,3,0,3,2,1
3927,CALIFORNIA TOBACCO & FOOD,2,1,1,1,1
3928,CALIFORNIA VALLEY FOOD,2,0,2,2,0
3929,CALIHAN CATERING,26,11,15,13,13
3930,CALMECA ACADEMY OF FINE ARTS AND DUAL LANGUAGE,20,9,11,7,13
3931,CALPHALON CULINARY CENTER,5,3,2,2,3
3932,CALUMET BAKERY,7,3,4,2,5
3933,CALUMET FISHERIES INC,20,9,11,8,12
3934,CALUMET FOOD & LIQUOR INC,3,1,2,2,1
3935,CALUMET HEIGHTS CENTER,5,2,3,4,1
3936,CALVIN MINI MART,2,0,2,1,1
3937,CALYPSO CAFE,2,0,2,1,1
3938,CAMALGINO'S PIZZA CO,3,1,2,1,2
3939,CAMARON VAQUERO INC.,14,5,9,4,10
3940,CAMBDEN FOODS CO.,12,7,5,0,12
3941,CAMBRIA HOTEL & SUITES,11,3,8,7,4
3942,CAMBRIDGE SCHOOL CHICAGO,4,1,3,1,3
3943,CAMELLIA ROOM,2,2,0,1,1
3944,CAMELOT EXCEL SOUTHWEST,5,1,4,1,4
3945,CAMELOT SAFE ACADEMY GARFIELD PARK,4,3,1,2,2
3946,CAMERON'S ICE CREAM & GRILL,14,4,10,8,6
3947,CAMILLE'S SIDEWALK CAFE,2,1,1,2,0
3948,CAMINITO,9,3,6,5,4
3949,CAMINO A LA SALUD,9,3,6,6,3
3950,CAMINO REAL,11,5,6,3,8
3951,CAMP AL GELANY GROCERY,6,1,5,5,1
3952,CAMPBELL'S CARIBBEAN CUISINE,16,5,11,11,5
3953,CAMPBELL'S JERK,15,4,11,9,6
3954,CAMPECH CORPORATION,5,4,1,1,4
3955,CAMPESINO RESTAURANT,8,1,7,4,4
3956,CAMPUS CENTER CAFE,15,6,9,4,11
3957,CAMPUS MARKET,13,4,9,8,5
3958,CAMRAS ELEMENTARY SCHOOL,15,8,7,4,11
3959,CAN'T BELIEVE IT'S NOT MEAT,6,1,5,1,5
3960,CANAAN LAND LEARNING CENTER,2,2,0,0,2
3961,CANAAN PIZA INC/SARPINO'S PIZZA,7,1,6,3,4
3962,CANADY ENTERPRISES CORP X,11,4,7,4,7
3963,CANADY LE CHOCOLATIER,6,2,4,3,3
3964,CANAL MARKET,3,0,3,3,0
3965,CANAL STREET EATERY & MARKET,5,4,1,0,5
3966,CANANAS,7,2,5,6,1
3967,CANDLELIGHT,18,8,10,11,7
3968,CANDY CITY & GENERAL MERCHANDISE,4,1,3,2,2
3969,CANDY CITY & MARKET,2,1,1,1,1
3970,CANDY SHOP,2,1,1,1,1
3971,CANDY'S GROCERY,5,3,2,2,3
3972,CANDYALITY,20,10,10,7,13
3973,CANDYALITY LTD.,3,1,2,1,2
3974,CANDYLAND FOR THE SWEETS DAYCARE,5,1,4,2,3
3975,CANDYLAND WAREHOUSE,4,2,2,2,2
3976,CANDYWORLD(DULCELANDIA),2,1,1,1,1
3977,CANNONS JERK,17,5,12,12,5
3978,CANS BAR AND CANTEEN,7,0,7,4,3
3979,CANT BELIEVE ITS NOT MEAT III,3,1,2,2,1
3980,CANTEEN,22,9,13,6,16
3981,CANTEEN @ COSTCO #1107 BREAKROOM,2,0,2,2,0
3982,CANTEEN FOOD,14,4,10,5,9
3983,CANTINA  LAREDO#132,21,5,16,13,8
3984,CANTINA 1910,3,1,2,1,2
3985,CANTINA ON MADISON,6,2,4,3,3
3986,CANTON EXPRESS,4,2,2,2,2
3987,CANTON NOODLE CO,2,0,2,2,0
3988,CANTON REGIO,20,7,13,12,8
3989,CANTON REGIO RESTAURANT,5,2,3,3,2
3990,CANTON STAR CHINESE RESTAURANT,17,6,11,10,7
3991,CANTONESIA RESTAURANT,6,2,4,4,2
3992,CAOBA,8,2,6,4,4
3993,CAPE COD ROOM,9,4,5,1,8
3994,CAPI'S ITALIAN KITCHEN,6,2,4,2,4
3995,CAPITAL ONE - CAFE,9,3,6,7,2
3996,CAPITAL ONE 360,2,1,1,1,1
3997,CAPITAL ONE CAFE,17,1,16,12,5
3998,CAPITOL CLUB,3,1,2,2,1
3999,CAPITOL one-cafe,4,2,2,2,2
4000,CAPO STEAKS,2,2,0,1,1
4001,CAPONIES CAFE & PIZZA,10,4,6,7,3
4002,CAPONIES EXPRESS,2,0,2,2,0
4003,CAPONIES TRATTORIA,23,10,13,10,13
4004,CAPRI CHICAGO,2,0,2,1,1
4005,CAPRI PIZZA,20,7,13,10,10
4006,CAPRIOTTI'S SANDWICH KINGS LLC,5,0,5,3,2
4007,CAPRIOTTI'S SANDWICH SHOP- LINCOLN PARK,3,1,2,2,1
4008,CAPT CURT'S BBQ SHAZZAM,21,5,16,12,9
4009,CAPT'N NEMO,18,5,13,10,8
4010,CAPT'N NEMOS,20,9,11,8,12
4011,CAPTAIN CAFE & BAKERY,12,3,9,4,8
4012,"CAPTAIN CAFE & BAKERY, INC.",2,1,1,1,1
4013,CAPTAIN FISH & CHICKEN,2,0,2,1,1
4014,CAPTAIN FISH-FISH & CHICKEN,3,1,2,2,1
4015,CAPTAIN HOOK,5,1,4,2,3
4016,CAPTAIN HOOKS,31,14,17,16,15
4017,CAPTAIN HOOKS & FIRE HOUSE,2,1,1,1,1
4018,CAPTAIN HOOKS FISH & CHICKEN,60,26,34,28,32
4019,"CAPTAIN HOOKS FISH & CHICKEN OF 87TH, INC.",5,2,3,3,2
4020,CAPTAIN HOOKS OF DAN RYAN,9,4,5,5,4
4021,CAPTAIN MORGAN CLUB,2,0,2,1,1
4022,CAPTAIN MORGAN'S,17,6,11,8,9
4023,CAPTAIN'S FISH & CHICKEN,3,1,2,2,1
4024,CAPTIN SHARKS,2,1,1,1,1
4025,"CAR ON THE  ROAD, INC.",4,2,2,2,2
4026,CARABA JJ,5,0,5,2,3
4027,CARAMEL CAFE,3,2,1,2,1
4028,CARAVAN,23,8,15,13,10
4029,CARAVANSERAI COFFEE BAR,3,1,2,2,1
4030,CARB FREE CAFE,11,6,5,5,6
4031,CARBON,35,13,22,9,26
4032,CARBON KITCHEN,3,2,1,2,1
4033,CARBON ON CHICAGO,28,11,17,14,14
4034,CARDENAS PRODUCE,3,1,2,2,1
4035,CARDINAL BERNADINE LEARNING CENTER,10,7,3,2,8
4036,CARDINAL WAREHOUSE WINES & SPIRITS,2,0,2,0,2
4037,CARDONA'S,19,9,10,9,10
4038,CARDONA'S 2,2,1,1,1,1
4039,CARDOZO'S PUB,22,8,14,11,11
4040,CARDUCCI'S,7,5,2,4,3
4041,CARE BEAR ACADEMY,9,4,5,5,4
4042,CARE-A-LOT E.L.C. II,19,13,6,2,17
4043,CARE-A-LOT INC,19,11,8,2,17
4044,CARIBBEAN AMERICAN BAKING CO,19,7,12,8,11
4045,CARIBBEAN JERK & SOUL FOOD,12,7,5,8,4
4046,CARIBBEAN JERK AND BAR-B-QUE PIT,12,8,4,6,6
4047,CARIBBEAN JERK JOINT,10,6,4,5,5
4048,CARIBBEAN JERK PALACE,7,1,6,6,1
4049,"CARIBBEAN JERK PALACE II, CORPORATION",5,0,5,4,1
4050,CARIBBEAN JERK PALACE III LLC,14,5,9,9,5
4051,CARIBBEAN SMOKE HOUSE,4,1,3,3,1
4052,CARIBBEAN SPICE,9,4,5,5,4
4053,CARIBBEAN TENT,2,0,2,1,1
4054,CARIBELLA,8,3,5,6,2
4055,CARIBOU COFFE CO. INC.,7,3,4,3,4
4056,CARIBOU COFFEE,21,9,12,8,13
4057,CARIBOU COFFEE  #1251,6,0,6,3,3
4058,CARIBOU COFFEE  #708,8,2,6,4,4
4059,CARIBOU COFFEE CO. INC.,7,3,4,3,4
4060,CARIBOU COFFEE CO.INC.,4,2,2,2,2
4061,CARIBOU COFFEE COMPANY,21,8,13,12,9
4062,CARIBOU COFFEE COMPANY #778,6,2,4,3,3
4063,CARIBOU COFFEE COMPANY INC,7,5,2,2,5
4064,CARIBOU COFFEE COMPANY INC.,8,4,4,5,3
4065,CARINO,2,0,2,0,2
4066,CARIOCAS BRAZILIAN FOOD,2,1,1,1,1
4067,"CARL & CHING ORIENTAL STORE, INC.",2,0,2,1,1
4068,CARL & CHING ORIENTAL STORE1,2,1,1,1,1
4069,CARL ' RED HOTS LLC,4,1,3,2,2
4070,CARL VON LINNE ELEMENTARY SCHOOL,18,7,11,4,14
4071,CARLITOS WAY PIZZA,5,1,4,3,2
4072,CARLOS FOOD,4,3,1,1,3
4073,CARLOS FUENTES CHARTER SCHOOL,16,9,7,3,13
4074,CARLOS H. CANTU CHILDREN AND FAMILY CENTER,14,7,7,3,11
4075,CARLS RED HOTS,15,5,10,6,9
4076,"CARLTON AT THE LAKE, INC",7,4,3,2,5
4077,CARLTON INN MIDWAY,7,1,6,5,2
4078,CARLUCCI,6,1,5,3,3
4079,"CARLYN BERGHOFF CATERING, INC.",9,1,8,4,5
4080,CARM'S,6,3,3,1,5
4081,CARMELITA'S TAQUERIA,17,10,7,5,12
4082,CARMELO'S TACO PLACE,7,2,5,6,1
4083,CARMEN NAVA,5,2,3,3,2
4084,CARMEN'S CAFE INC,3,1,2,1,2
4085,CARMENS PLACE,4,1,3,3,1
4086,CARMICHAEL'S CHICAGO STEAK HSE,8,3,5,2,6
4087,CARMINAS RESTAURANT,4,1,3,2,2
4088,CARMINE'S CLAM HOUSE INC,10,6,4,4,6
4089,CARMINES,12,5,7,6,6
4090,CARMS SNACK SHOP,13,10,3,4,9
4091,CARNECERIA IGUALA GUERRERO,7,1,6,5,2
4092,CARNICERIA & FRUTERIA LAURA,3,1,2,1,2
4093,CARNICERIA AGUACALIENTES,10,3,7,6,4
4094,CARNICERIA AGUASCALIENTES,28,9,19,14,14
4095,CARNICERIA DE GALLO,5,3,2,3,2
4096,CARNICERIA DEL RIO,2,1,1,1,1
4097,CARNICERIA DOS GALLOS,3,2,1,1,2
4098,CARNICERIA EL CASTILLO,4,0,4,2,2
4099,CARNICERIA EL PORVENIR,6,4,2,2,4
4100,CARNICERIA GERARDO'S,12,4,8,9,3
4101,CARNICERIA GUANAJUATO,59,24,35,32,27
4102,CARNICERIA GUANAJUATO #3,24,8,16,11,13
4103,CARNICERIA GUANJUATO #3,20,6,14,9,11
4104,CARNICERIA JIMENEZ #2,22,8,14,8,14
4105,CARNICERIA JIMENEZ INC,33,13,20,21,12
4106,CARNICERIA LA AZTECA,4,1,3,3,1
4107,"CARNICERIA LA BAMBA, INC",3,1,2,1,2
4108,"CARNICERIA LA CANADA, INC",5,1,4,2,3
4109,CARNICERIA LA GLORIA,30,11,19,17,13
4110,"CARNICERIA LA GLORIA NO. 2, INC.",10,5,5,5,5
4111,CARNICERIA LA HACIENDA #5,7,0,7,4,3
4112,CARNICERIA LA HACIENDA NO 2 INC,14,10,4,3,11
4113,"CARNICERIA LA HACIENDA NO. 3, INC.",10,5,5,4,6
4114,"CARNICERIA LA HACIENDA, INC.",15,11,4,2,13
4115,"CARNICERIA LA HACIENDA,NO.4 INC.",7,1,6,2,5
4116,"CARNICERIA LA MEJOR PRODUCE, INC.",16,4,12,7,9
4117,"CARNICERIA LA MEJOR, INC.",16,8,8,5,11
4118,CARNICERIA LA VILLA #2,13,6,7,6,7
4119,CARNICERIA LA VILLA NO. 2,15,8,7,11,4
4120,"CARNICERIA LEON GUANAJUATO, INC.",21,6,15,10,11
4121,CARNICERIA LOS CUATES,13,7,6,5,8
4122,CARNICERIA LOS DOS DE GUERRERO,5,0,5,3,2
4123,CARNICERIA MARIBEL INC,4,0,4,4,0
4124,CARNICERIA MAZAMITLA,4,1,3,3,1
4125,CARNICERIA RICARDO,17,4,13,10,7
4126,CARNICERIA ROMAN,3,2,1,1,2
4127,CARNICERIA RUIZ INC,16,9,7,5,11
4128,CARNICERIA SANTIAGO PAPASQUIAR,4,0,4,3,1
4129,"CARNICERIA SOL DE GUERRERO, INC.",7,3,4,3,4
4130,CARNICERIA TARANDA,2,0,2,2,0
4131,CARNICERIA Y FRUTERIA,17,8,9,11,6
4132,CARNICERIA Y FRUTERIA FAVELA,7,1,6,4,3
4133,CARNICERIA Y TAQUERIA FLORES,5,0,5,3,2
4134,CARNICERIA Y TAQUERIA GUERRERO,10,2,8,7,3
4135,CARNICERIA Y TAQUERIA TIERRA,14,7,7,8,6
4136,CARNICERIA&FRUTERIA EL MITOTE,22,7,15,12,10
4137,CARNICERIAS GUANAJUATO # 3,2,1,1,1,1
4138,CARNITAS  FRAYROS,4,3,1,2,2
4139,CARNITAS  TZARARACUA,5,2,3,2,3
4140,CARNITAS & TACOS MARAVATIO INC.,9,1,8,5,4
4141,CARNITAS DON MIGUEL,6,1,5,2,4
4142,CARNITAS DON PICHI,5,1,4,2,3
4143,CARNITAS DON RAFA INC,32,17,15,11,21
4144,"CARNITAS DON RAFA, INC.",13,7,6,5,8
4145,CARNITAS EL FILLY,2,1,1,2,0
4146,CARNITAS EL OJON ESTILO MICHOACAN,5,2,3,1,4
4147,CARNITAS EL PAISA,3,1,2,1,2
4148,CARNITAS LA ESQUINITA,16,6,10,8,8
4149,"CARNITAS MICHOACAN, INC",7,2,5,2,5
4150,CARNITAS URUAPAN,15,6,9,6,9
4151,CARNITAS VERGEL TAQUERIA,4,2,2,3,1
4152,"CARNITAS Y DELICIAS PATY'S, INC.",2,0,2,1,1
4153,CARNITAS Y SUPERMERCADO EL GIGANTE INC,17,6,11,6,11
4154,CARNITAS Y TACOS LA INT'L,13,6,7,5,8
4155,CARNIVAL GROCERY STORE,20,12,8,10,10
4156,CARNIVALE FOOD TRUCK,9,2,7,7,2
4157,CARO MIO ITALIAN RISTORANTE,34,12,22,18,16
4158,CAROL'S PUB,3,1,2,2,1
4159,CAROL'S PUB INC,8,4,4,4,4
4160,CAROLE ROBERTSON CENTER FOR LEARNING,2,1,1,2,0
4161,"CAROLINE BBQ, INC",5,0,5,4,1
4162,CARPE DIEM CATERING,3,1,2,2,1
4163,CARPINTEYRO'S CANDY,4,2,2,3,1
4164,CARRASCOS GRILL,6,1,5,5,1
4165,CARRENO'S,3,1,2,2,1
4166,CARRENO'S PIZZA INC.,3,1,2,1,2
4167,CARRIBEAN COVE RESTAURANT,14,4,10,8,6
4168,CARRIBEAN JERK JOINT,2,0,2,2,0
4169,CARRIBEAN JERK PALACE,25,8,17,16,9
4170,CARRILLO'S STORE CO.,3,1,2,1,2
4171,CARSON'S RIBS,21,6,15,11,10
4172,CARVER 47,7,2,5,4,3
4173,CARVERY,11,6,5,2,9
4174,CASA ANTIGUA,7,1,6,5,2
4175,CASA CAFE,18,4,14,6,12
4176,CASA CENTRAL COMMUNITY SERVICE,18,9,9,5,13
4177,CASA CENTRAL COMMUNITY SERVICES,12,4,8,0,12
4178,CASA CENTRAL DAYCARE CENTER,6,4,2,1,5
4179,CASA DE MOY Y ROY,11,6,5,5,6
4180,CASA DE SOL,3,1,2,2,1
4181,CASA DEI BAMBINI MONTESSORI,13,7,6,8,5
4182,CASA DEL SOL,6,3,3,6,0
4183,CASA HERNANDEZ,23,9,14,12,11
4184,CASA INDIGO,8,2,6,4,4
4185,CASA LATINA,2,1,1,2,0
4186,CASA MADAI,2,2,0,1,1
4187,CASA MARGARITA,12,1,11,8,4
4188,CASA NOSTRA BAKING CO INC,2,1,1,2,0
4189,CASA NUEVA INC.,7,5,2,2,5
4190,CASA ROMAN,9,2,7,6,3
4191,CASA TEQUILA,5,1,4,3,2
4192,CASA YARI,11,5,6,4,7
4193,CASATI'S,8,3,5,5,3
4194,CASBAH CAFE,8,2,6,4,4
4195,CASCABEL TACO JOINT,6,5,1,2,4
4196,CASERAS SABOR REAL,7,4,3,2,5
4197,CASERAS SABOR REAL LLC,3,0,3,2,1
4198,CASEY MORAN,19,5,14,10,9
4199,CASEY'S CHEERS,2,0,2,2,0
4200,CASEY'S CORNER,6,3,3,3,3
4201,CASITA DE NIEVE,6,4,2,2,4
4202,CASPIAN INCORPORATED,4,2,2,2,2
4203,CASPIAN KABAB CUISINE,9,2,7,5,4
4204,CASSAVA,6,2,4,3,3
4205,CASSAVA BREAD LLC,11,7,4,3,8
4206,CASSAVA CAFE,6,5,1,2,4
4207,CASSIANAS,2,1,1,1,1
4208,CASTELGANDOLFO,5,2,3,4,1
4209,CASTLE,4,0,4,3,1
4210,CASTLE FOOD & LIQUOR,6,2,4,2,4
4211,CATALINA CLUB,6,4,2,1,5
4212,CATALINA PIZZERIA,10,1,9,6,4
4213,CATALOGUE HOUSE,10,3,7,5,5
4214,CATALPA CAFE,8,1,7,5,3
4215,CATALYST ELEMENTARY CIRCLE ROCK,16,4,12,3,13
4216,CATALYST ELEMENTARY SCHOOL,9,6,3,2,7
4217,CATALYST MARIA,18,8,10,7,11
4218,CATALYST RANCH,12,5,7,3,9
4219,"CATCH 43 SHRIMP HOUSE, INC.",4,0,4,3,1
4220,CATCH THIRTY FIVE,16,8,8,4,12
4221,CATCHERS INN,4,1,3,4,0
4222,CATEDRAL CYBER CAFE,5,2,3,2,3
4223,CATER TO YOU EVENTS & DROP OFFS,4,0,4,3,1
4224,CATER-BIZ CHICAGO,7,0,7,3,4
4225,CATERBIZ CHICAGO,3,3,0,1,2
4226,CATERED BY KISH,2,1,1,0,2
4227,CATERING BY MAX'S,10,4,6,5,5
4228,CATERING OUT THE BOX,16,5,11,6,10
4229,"CATERING, CHOCOLATE",8,3,5,3,5
4230,CATERPILLAR CARE,31,9,22,15,16
4231,CATERPILLARS TO BUTTERFLIES LEARNING TREE LLC,5,2,3,3,2
4232,CATFISH CITY,4,0,4,1,3
4233,CATHERINE COOK SCHOOL,6,2,4,3,3
4234,CATHOLIC CHARITIES OF THE ARCHDIOCESE OF CHICAGO,3,0,3,1,2
4235,CATHY'S ULTIMATE SOUL FOOD,2,0,2,1,1
4236,CAVA,3,2,1,2,1
4237,CAVANAUGH'S BAR & RESTAURANT,11,8,3,2,9
4238,"CB MINI MART,CORP",5,2,3,4,1
4239,CBA,10,4,6,6,4
4240,CC STOP SHOP DISCOUNT,6,3,3,3,3
4241,CCAFE,2,1,1,2,0
4242,CCD KITCHEN,5,2,3,3,2
4243,CD CATERING,15,4,11,11,4
4244,CEBU BAR AND GRILL,12,3,9,8,4
4245,"CEC FOOD AND BEVERAGE, LLC",2,1,1,0,2
4246,CECILIA'S BAKERY,7,2,5,4,3
4247,CECINA Y MARISCOS,3,0,3,2,1
4248,CECY'S MOLINO DE MASA,17,3,14,8,9
4249,CEDAR FOOD,3,0,3,2,1
4250,CEDAR HOTEL CAFE,7,1,6,5,2
4251,CEDAR HOUSE,2,0,2,1,1
4252,CEDAR PALACE,6,2,4,4,2
4253,CEDARS MEDITHERRANEAN KITCHEN,29,14,15,16,13
4254,CEDENO FOODS,3,0,3,2,1
4255,CELEBRATION,2,1,1,1,1
4256,CELESTE,18,7,11,11,7
4257,CELESTE & DISCO,7,3,4,2,5
4258,CELESTIAL KITCHENS INC.,2,2,0,1,1
4259,CELINA DELI,15,3,12,8,7
4260,CELIS NUTRICION,7,3,4,3,4
4261,CELIS PIZZERIA  INC,2,1,1,1,1
4262,"CELIS PIZZERIA EXPRESS, CORPORATION",11,5,6,4,7
4263,CELL NUTRITION,7,2,5,3,4
4264,CELLAR DOOR PROVISIONS,15,6,9,6,9
4265,CELLARS MARKET,24,14,10,9,15
4266,CELTIC CROWN,19,7,12,10,9
4267,CELTICA GIFTS,4,2,2,1,3
4268,CEMETAS-57TH ST LLC,4,2,2,2,2
4269,CEMITAS PUEBLA,29,7,22,17,12
4270,"CEMITAS Y TAQUERIA PUEBLA, INC.",4,0,4,2,2
4271,CENACLE RETIREMENT,12,5,7,5,7
4272,CENADURIA LOS DORADOS,5,1,4,2,3
4273,CENT & DIV PETROLEUM. INC.,3,1,2,2,1
4274,CENT N 4 CONVENIENT STORE,2,0,2,2,0
4275,CENTENNIAL CRAFTED BEER & EATERY,13,4,9,8,5
4276,CENTER FACTORY ALTERNATIVE SCHOOL,2,0,2,1,1
4277,CENTER FOR DISCOVERY,5,0,5,3,2
4278,CENTER FOR SENIORS,13,6,7,4,9
4279,CENTER HOME FOR HISPANIC ELDERLY,7,4,3,3,4
4280,CENTER ON HALSTED,17,8,9,5,12
4281,CENTER RESTAURANT BAR,4,2,2,2,2
4282,CENTERED CHEF FOOD STUDIOS,2,1,1,1,1
4283,CENTERS FOR NEW HORIZONS,25,10,15,7,18
4284,CENTERS FOR NEW HORIZONS AT DAWSON TECHNICAL INSTITUTE,15,6,9,5,10
4285,"CENTERS FOR NEW HORIZONS,INC",9,2,7,6,3
4286,CENTRAL  LIQUORS,3,1,2,2,1
4287,CENTRAL BAKERY,32,13,19,14,18
4288,CENTRAL CAFE,6,2,4,4,2
4289,CENTRAL DISCOUNT FOOD & DOLLAR,3,0,3,2,1
4290,CENTRAL EAST ASIAN CUISINE,2,2,0,1,1
4291,CENTRAL FOOD & LIQUOR,2,0,2,2,0
4292,CENTRAL FOOD MART,4,1,3,2,2
4293,CENTRAL GAS & MINIMART,3,0,3,2,1
4294,CENTRAL GENERAL MERCHADISE,4,3,1,2,2
4295,CENTRAL GYROS CORP,24,15,9,10,14
4296,CENTRAL MARKET EXPRESS,4,1,3,2,2
4297,"CENTRAL NURSING AND REHABILITATION CENTRAL, LLC",4,1,3,1,3
4298,CENTRAL NURSING HOME,17,8,9,9,8
4299,CENTRAL PARK BAR,2,0,2,2,0
4300,CENTRAL PARK FOODS INC,11,4,7,4,7
4301,CENTRAL PLAZA RESIDENTIAL HOME,18,5,13,4,14
4302,CENTRAL STARLITE,19,6,13,6,13
4303,"CENTRAL STARLITE, LLC",4,2,2,2,2
4304,CENTRAL STEEL & WIRE COMPANY,8,1,7,0,8
4305,CENTRAL SUPERMARKET,2,0,2,2,0
4306,"CENTRAL TOBACCO & FOOD, INC.",2,1,1,1,1
4307,CENTRALS FINER FOODS,9,2,7,8,1
4308,CENTRO,5,2,3,2,3
4309,CENTRO FRESH MARKET,6,1,5,4,2
4310,CENTRO INFANTIL,19,12,7,6,13
4311,CENTRO INFANTIL CONSUELO LEE CORRETJER,7,5,2,1,6
4312,CENTRO MARKET,18,10,8,12,6
4313,CENTRO NUESTRO CHILD DEVELOPMENT CENTER,15,7,8,3,12
4314,CENTRO NUESTRO GEORGE E TAYLOR,4,3,1,1,3
4315,CENTURY CENTRE LOUNGE,12,0,12,7,5
4316,CERES  FOOD GROUP,7,3,4,2,5
4317,CERES CAFE,18,6,12,4,14
4318,"CERES FOOD GROUP, INC.",4,0,4,3,1
4319,"CERES FOOD GROUP,INC.",13,6,7,8,5
4320,CERES'  TABLE,6,2,4,3,3
4321,CERES' TABLE,9,2,7,8,1
4322,CERISE,9,4,5,4,5
4323,CERMAK  CITGO,2,1,1,1,1
4324,CERMAK & PULASKI FOODS,5,3,2,3,2
4325,CERMAK BP,3,3,0,1,2
4326,CERMAK FOOD MART,14,5,9,7,7
4327,CERMAK FRESH MARKET,83,38,45,39,44
4328,CERMAK LIVE POULTRY,4,1,3,3,1
4329,"CERMAK LIVE POULTRY, INC.",2,0,2,2,0
4330,"CERMAK LIVE POULTRY,INC.",3,3,0,1,2
4331,CERMAK MART,5,1,4,4,1
4332,CERMAK PRODUCE,127,56,71,57,70
4333,CERMAK PRODUCE #3,13,8,5,6,7
4334,CERMAK PRODUCE #5 LTD,29,14,15,8,21
4335,CERMAK PRODUCE NO 3,5,1,4,2,3
4336,CERMAK PRODUCE NO.4,37,11,26,16,21
4337,CESAR'S MARGARITA BAR & GRILL,7,3,4,5,2
4338,CESAR'S ON BROADWAY,27,11,16,16,11
4339,CESAR'S TACO INC,2,0,2,2,0
4340,CESAR'S TACOS,18,5,13,10,8
4341,CESCAS MARGARITA BAR & GRILL,20,6,14,15,5
4342,CEVICHE,12,5,7,8,4
4343,CEVICHE CANTINA,3,1,2,2,1
4344,CEVICHERIA RIO BALSAS,9,3,6,7,2
4345,CEVICHERIA Y RESTAURANT RIO BALSAS,2,1,1,1,1
4346,CF CLARK,3,1,2,2,1
4347,CH ' AVA CAFE,10,3,7,6,4
4348,CH DISTILLERY,22,11,11,11,11
4349,CHA CHA'S RESTAURANT,9,3,6,5,4
4350,CHA CHUCK,2,1,1,1,1
4351,CHA TIME & TT NOODLE,9,3,6,6,3
4352,CHA YAN GUAN SE,4,1,3,3,1
4353,CHABAD DAY CARE,4,3,1,2,2
4354,"CHABLAY'S EXPRESS & CATERING, INC",11,2,9,8,3
4355,CHACHA GYRO,5,1,4,3,2
4356,CHACHA MACHLIWALA,7,2,5,4,3
4357,CHAI ASIAN BISTRO,23,12,11,9,14
4358,CHALET LIVING & REHAB,13,1,12,8,5
4359,CHALET LIVING & REHABILITATION,10,5,5,7,3
4360,CHALK OF CLYBOURN MANAGED BY BRIGHT HORIZONS,5,1,4,2,3
4361,CHALK OF CLYBOURN PRESCHOOL INC.,4,2,2,1,3
4362,CHALK OF LAKESHORE EAST,4,2,2,2,2
4363,CHALK OF LAKEVIEW MANAGED BY BRIGHT HORIZONS,10,3,7,3,7
4364,CHALKBOARD,4,0,4,2,2
4365,CHALLENGE WHOLESALE,4,1,3,4,0
4366,CHALMERS ELEMENTARY,19,9,10,7,12
4367,CHALO'S LLC,5,2,3,2,3
4368,"CHAMPS FOOD GROUP, INC",4,1,3,2,2
4369,CHAN'S CHINESE KITCHEN,14,5,9,4,10
4370,CHAN'S GARDEN,8,6,2,5,3
4371,CHAN'S GARDEN CHINESE RESTAURANT,16,4,12,8,8
4372,"CHAN'S KING WOK, INC.",36,10,26,20,16
4373,CHAN'S KITCHEN II,13,5,8,8,5
4374,CHAN'S RESTAURANT,18,8,10,8,10
4375,CHANCE AFTER CHANCE MINISTRY,9,4,5,3,6
4376,CHANG'S ORIENTAL EXPRESS INC,7,2,5,3,4
4377,CHANGITO LOCO,2,0,2,2,0
4378,CHANNINGS CHILDCARE & DEVELOPMENT,17,6,11,4,13
4379,CHANT,25,12,13,9,16
4380,CHANTICO MEXICAN GRILL,2,0,2,1,1
4381,CHAPALA RESTAURANT,6,3,3,2,4
4382,CHAPATI,11,1,10,9,2
4383,CHAPATI INDIAN GRILL,6,2,4,4,2
4384,CHAPO'S PIZZA,3,1,2,2,1
4385,CHAPPELL SCHOOL,23,9,14,9,14
4386,CHARCOAL DELIGHT INC,22,10,12,13,9
4387,CHARCOAL FLAME,5,1,4,5,0
4388,CHARCOAL GUACAMOLE INC.,5,2,3,4,1
4389,CHARLES  DARWIN ELEMENTARY SCHOOL,19,10,9,7,12
4390,CHARLES CARROLL ELEMENTARY,22,11,11,10,12
4391,CHARLES DARWIN MODULAR SCHOOL,19,10,9,6,13
4392,CHARLES EVANS HUGHES PUBLIC SCHOOL,21,10,11,7,14
4393,CHARLES FAST FOOD,4,0,4,3,1
4394,CHARLES HAMMOND ELEMENTARY,19,10,9,3,16
4395,CHARLES HOUSTON HIGH SCHOOL,6,1,5,5,1
4396,CHARLES KIMBALL,2,1,1,1,1
4397,CHARLES SUMNER ELEMENTARY,18,8,10,6,12
4398,CHARLEY THAI PLACE INC,6,1,5,3,3
4399,CHARLIE BAGGS CULINARY INNOVATIONS,12,7,5,3,9
4400,CHARLIE GROCERY AND MEAT MARKET,4,1,3,4,0
4401,CHARLIE TROTTERS,2,0,2,2,0
4402,CHARLIE'S ALE HOUSE,6,3,3,4,2
4403,CHARLIE'S FRESH MART,13,2,11,9,4
4404,CHARLIE'S RAW & COOKED FISH,3,1,2,2,1
4405,CHARLIES  SUPERMARKET INC.,10,8,2,1,9
4406,CHARLIES CHICAGO,4,1,3,1,3
4407,CHARLOTTE'S BAR AND GRILL,13,6,7,7,6
4408,CHARLY'S BURGERS,4,0,4,4,0
4409,CHARM CAFE & PUB,4,1,3,3,1
4410,CHARMER'S CAFE,13,6,7,5,8
4411,CHARMERS CAFE/THE DAGEL AND BELI SHOP,6,2,4,3,3
4412,CHARMING CHILDREN LEARNING ACADEMY,6,2,4,2,4
4413,CHARTWELL'S DINING,19,6,13,11,8
4414,CHARTWELLS,166,50,116,87,79
4415,CHARTWELLS HIGHER EDUCATION,6,3,3,4,2
4416,CHARTWELLS THOMPSON,29,12,17,12,17
4417,CHARTWELLS THOMPSON HOSPITALITY,63,26,37,23,40
4418,CHARTWELLS THOMPSON INC / GARY COMER COLLEGE PREP,10,2,8,2,8
4419,CHARTWELLS USA INC.,14,6,8,6,8
4420,CHASE ELEMENTARY/CHASE  BR,18,8,10,8,10
4421,CHATAIGNE RESTAURANT,4,2,2,2,2
4422,CHATHAM AVALON NURSERY SCHOOL,5,4,1,1,4
4423,CHATHAM FOOD MARKET,19,9,10,8,11
4424,CHATHAM FRESH MART,2,1,1,2,0
4425,CHATHAM MEAT & GROCERY,5,2,3,4,1
4426,CHATHAM MEAT MARKET,10,1,9,9,1
4427,"CHATHAM MEAT MART, INC.",12,4,8,7,5
4428,CHATO'S PASTA HOUSE,4,1,3,2,2
4429,CHATTER BOX,3,1,2,2,1
4430,CHAVA GROCERY,8,3,5,4,4
4431,CHAVA PRODUCE INC,2,1,1,1,1
4432,CHAVAS RESTAURANT INC.,3,0,3,2,1
4433,"CHAVELO'S TACOS, INC",6,1,5,3,3
4434,"CHAVELO'S TACOS, INC.",4,2,2,3,1
4435,CHAVEZ KINDERGARTEN,11,5,6,4,7
4436,CHAVEZ MULTICULTURAL,23,10,13,8,15
4437,CHAVEZ RESTAURANT LLC,9,2,7,6,3
4438,CHAY FRATELLOS,2,0,2,2,0
4439,CHAYHANA,12,3,9,7,5
4440,CHAYITO GROCERY DOLLAR STORE,3,1,2,2,1
4441,"CHAZ FOOD & LIQUOR, INC.",4,1,3,2,2
4442,CHCAGO FRENCH PRESS @ UCHICAGO,2,0,2,1,1
4443,CHE CHE PITA,7,3,4,4,3
4444,CHE CHE RESTAURANT INC.,6,4,2,3,3
4445,CHE THAI LLC,3,1,2,0,3
4446,CHEAP CHARLIES,2,0,2,2,0
4447,CHEBA HUT,14,7,7,5,9
4448,CHECKERS,32,10,22,19,13
4449,CHECKERS #6358,10,0,10,8,2
4450,CHECKERS #6361,13,5,8,5,8
4451,CHECKERS #6369,7,2,5,2,5
4452,CHECKERS / RALLY'S,21,4,17,8,13
4453,CHECKERS DRIVE-IN RESTAURANT,4,2,2,3,1
4454,CHECKERS DRIVE-IN RESTAURANTS,19,10,9,9,10
4455,"CHECKERS DRIVE-IN RESTAURANTS, INC",10,3,7,4,6
4456,CHECKERS/ RALLY'S,9,1,8,8,1
4457,CHECKERS/RALLY'S,26,6,20,12,14
4458,CHEESE STEAK & HOAGIES,3,0,3,2,1
4459,CHEESIE'S PUB & GRUB,29,6,23,19,10
4460,CHEESIE'S PUB & GRUB / SLICE OF CHEESIE'S,14,5,9,8,6
4461,CHEESIES PUB & GRUB,25,4,21,19,6
4462,CHEESUS,2,1,1,1,1
4463,CHEETAH GYM,8,3,5,3,5
4464,CHEEZE AND THANK YOU,2,1,1,1,1
4465,CHEEZEY B GOURMET POPCORN,4,1,3,2,2
4466,CHEF AJ'S CARRY OUT,7,3,4,4,3
4467,CHEF ALFREDO FAST FOOD,13,8,5,4,9
4468,CHEF ART SMITH'S REUNION RESTAURANT,4,2,2,0,4
4469,CHEF FREDY,5,1,4,2,3
4470,CHEF FREDY CUISINE,6,3,3,2,4
4471,"CHEF GRADY, LLC",7,3,4,3,4
4472,CHEF LUCIANO,13,8,5,3,10
4473,CHEF MAURICE,2,2,0,0,2
4474,CHEF PETROS RESTAURANT & BAKER,13,8,5,5,8
4475,CHEF RAFAEL & SON'S,10,3,7,8,2
4476,CHEF TARYN,2,1,1,2,0
4477,CHEF XIONG,5,2,3,4,1
4478,CHEF'S CORNER,4,1,3,3,1
4479,CHEF'S SPECIAL COCKTAIL BAR,6,2,4,2,4
4480,CHEFMAKEITHAPPEN!,5,0,5,4,1
4481,CHEFRAIN CULINARY SERVICES LLC.,2,1,1,1,1
4482,CHEFS SARA'S CAFE,14,7,7,3,11
4483,CHEFSHAUN'S HUNGER GRILL,3,0,3,2,1
4484,CHEFSHAUN'S HUNGER HIDEOUT,4,0,4,3,1
4485,"CHELIS COCINA ECONOMICA, INC.",16,6,10,5,11
4486,CHELITA'S HOMEMADE ICE CREAM,6,2,4,3,3
4487,CHEMA'S RESTAURANT INC,12,4,8,6,6
4488,CHEMICALLY IMBALANCED THEATER,3,1,2,2,1
4489,CHEMISTRY,14,2,12,9,5
4490,CHEN'S,7,3,4,4,3
4491,CHEN'S CHINESE EXPRESS,3,2,1,1,2
4492,CHEN'S CHINESE RESTAURANT,8,4,4,3,5
4493,CHEN'S GARDEN,21,4,17,10,11
4494,CHEN'S GARDEN II INC.,6,1,5,4,2
4495,CHEN'S GARDEN INC,16,4,12,10,6
4496,CHENG CHOPSTICKS,19,7,12,9,10
4497,CHENG'S FRIED CHICKEN,4,2,2,1,3
4498,CHENGDU AROMA,3,1,2,3,0
4499,CHENGDU IMPRESSION RESTAURANT,21,4,17,15,6
4500,CHENGDU IMPRESSION SICHUAN CUISINE,6,3,3,3,3
4501,CHENGDU IMPRESSION SICHUAN RESTAURANT,3,2,1,1,2
4502,CHENTE FOODS,3,0,3,3,0
4503,CHEPE'S KITCHEN AND CATERING,2,1,1,1,1
4504,CHEPE'S TACOS,8,4,4,5,3
4505,CHEQUES PLACE,4,0,4,3,1
4506,CHERISHABLE MOMENTS CHILDCARE CENTER,4,1,3,3,1
4507,CHERUBS 1,15,6,9,6,9
4508,CHESA'S GLUTEN FREE,5,0,5,4,1
4509,CHESAREE LAUREN ROLLINS,2,1,1,1,1
4510,CHESTER'S POLISH DELI,4,1,3,1,3
4511,CHESTERFIELD TOM THUMB DCC-KDG,19,9,10,10,9
4512,CHESTERS,4,1,3,3,1
4513,CHESTNUT STREET CAFE,3,0,3,3,0
4514,CHETTI NADU PALACE,5,0,5,3,2
4515,CHEVALIER FINE WINES,2,2,0,1,1
4516,CHEW ON  THIS,9,2,7,7,2
4517,CHEWY'S WINGS & THINGS INC.,2,0,2,1,1
4518,CHEZ,3,0,3,2,1
4519,CHEZ DELISAY'S CAJUN CUISINE,6,2,4,3,3
4520,CHEZ JOEL,24,10,14,15,9
4521,CHEZ MOI,14,5,9,7,7
4522,CHEZ SIMO,15,3,12,10,5
4523,CHEZ VIOLETTE RESTAURANT,7,3,4,4,3
4524,CHGO LAWN EARLY CHILDHOOD PGR,12,5,7,3,9
4525,CHI BAKERY AND CAFE LLC,3,1,2,2,1
4526,CHI BURGERBABI,2,2,0,1,1
4527,"CHI CAFE, LLC",28,12,16,8,20
4528,CHI PIZZA PIE,4,1,3,4,0
4529,CHI PROTEIN BAR,2,0,2,1,1
4530,CHI TOWN FOOD & LIQUOR,3,0,3,1,2
4531,CHI TOWN MINI MART,2,1,1,1,1
4532,CHI YATAI CAFE,2,0,2,2,0
4533,CHI'S JAC ROBINS,4,1,3,1,3
4534,CHI'TIVA CAFE SOUTH LOOP,2,0,2,2,0
4535,CHI-LATIN,3,0,3,3,0
4536,CHI-TOWN,6,4,2,4,2
4537,"CHI-TOWN FOOD MARKET, INC.",3,1,2,2,1
4538,CHI-TOWN FRIED CHICKEN,17,8,9,7,10
4539,CHI-TOWN GRILL & SUBS,2,0,2,1,1
4540,CHI-TOWN PIZZA,7,3,4,3,4
4541,CHI-TOWN PIZZA EXPRESS,2,0,2,2,0
4542,CHI-TOWN TAP,2,1,1,1,1
4543,CHIBOYS CAFE,2,1,1,0,2
4544,CHIC,11,3,8,5,6
4545,CHICAGO  AVE  FOOD MARKET,5,1,4,4,1
4546,CHICAGO  MINI  MART,5,2,3,3,2
4547,CHICAGO 15 FOOD MART,4,2,2,3,1
4548,CHICAGO ARTISIAN MARKET-REVENSWOOD,2,1,1,1,1
4549,CHICAGO ARTS HIGH SCHOOL,12,7,5,2,10
4550,CHICAGO AT HARDING FOOD STORE,2,1,1,1,1
4551,CHICAGO ATHLETIC ASSOCIATION,44,13,31,27,17
4552,CHICAGO AVE FOOD AND DELI,3,1,2,1,2
4553,CHICAGO AVE FOOD MART,2,1,1,1,1
4554,CHICAGO AVE FOODMART INC.,3,1,2,2,1
4555,CHICAGO AVE QUICK MART,3,0,3,2,1
4556,"CHICAGO AVENUE  MART,INC.",3,1,2,2,1
4557,CHICAGO AVENUE CATERING CO.,2,0,2,2,0
4558,CHICAGO BAGEL AUTHORITY,18,9,9,5,13
4559,CHICAGO BAGEL AUTHORITY-BELM,18,10,8,6,12
4560,CHICAGO BASIL,2,0,2,2,0
4561,"CHICAGO BEEF, BURGER & DOGS",6,1,5,2,4
4562,CHICAGO BEST,2,0,2,1,1
4563,CHICAGO BEST BURRITO,12,6,6,5,7
4564,CHICAGO BEST FOOD & TOBACCO,2,0,2,2,0
4565,CHICAGO BEST NAAN,5,2,3,5,0
4566,CHICAGO BILLIARD CAFE,9,5,4,3,6
4567,CHICAGO BLACKHAWKS STANLEY'S T2 BAR,29,12,17,9,20
4568,CHICAGO BOOTH COFFEE SHOP,6,3,3,1,5
4569,CHICAGO BORN LOSERS MOTORCYCLE CLUB,17,5,12,12,5
4570,CHICAGO BP@IRVING (GEI-152),10,4,6,5,5
4571,CHICAGO BRAUHAUS INC,14,3,11,7,7
4572,CHICAGO BREWHOUSE ON THE RIVERWALK,3,1,2,3,0
4573,CHICAGO BULLS COLLEGE PREP,7,3,4,2,5
4574,CHICAGO BURGER BOYS,4,1,3,3,1
4575,CHICAGO BUSY BURGER,18,4,14,10,8
4576,CHICAGO BY NIGHT,26,9,17,16,10
4577,CHICAGO CAFE CATERERS,14,8,6,5,9
4578,CHICAGO CAFFE,8,3,5,6,2
4579,"CHICAGO CARRYOUTS, INC.",4,3,1,1,3
4580,CHICAGO CENTRAL PARK FOOD MART,6,3,3,3,3
4581,CHICAGO CHAR GRILL,5,1,4,2,3
4582,CHICAGO CHEESE STEAK CO,3,0,3,2,1
4583,CHICAGO CHEESE STEAK COMPANY,9,3,6,5,4
4584,CHICAGO CHICKEN SHACK,4,1,3,2,2
4585,CHICAGO CHILD CARE SOCIETY,32,10,22,9,23
4586,CHICAGO CHILD CARE SOCIETY / SOUTH SHORE,5,2,3,1,4
4587,CHICAGO CHILDREN'S HOUSE,16,2,14,5,11
4588,CHICAGO CHOP HOUSE,34,9,25,21,13
4589,CHICAGO CHOP SHOP LLC,23,8,15,13,10
4590,CHICAGO CHRISTIAN ACADEMY,3,2,1,1,2
4591,CHICAGO COLLEGIATE CHARTER,9,3,6,7,2
4592,CHICAGO COMMONS ASSOCIATION,3,0,3,2,1
4593,CHICAGO COMMONS GUADALUPANO FAMILY,14,8,6,5,9
4594,CHICAGO CONVIENCE STORE,4,0,4,3,1
4595,CHICAGO CREAMPUFFS AND CAKES,4,1,3,2,2
4596,CHICAGO CREAMPUFFS AND CAKES LLC.,5,1,4,3,2
4597,CHICAGO CTR COLLEGIATE,20,2,18,14,6
4598,CHICAGO CUBS - PINK POODLE DINING AREA,2,0,2,0,2
4599,CHICAGO CUPCAKE,3,3,0,0,3
4600,CHICAGO CUPCAKE LLC,6,1,5,3,3
4601,CHICAGO CUPCAKE LLC.,5,3,2,3,2
4602,CHICAGO CURRY HOUSE,22,6,16,12,10
4603,CHICAGO CUT STEAKHOUSE,26,12,14,10,16
4604,CHICAGO DESIGN MUSEUM,2,2,0,1,1
4605,CHICAGO DINER LOGAN SQUARE,16,3,13,8,8
4606,CHICAGO DIPLOMAT CAFE,14,4,10,9,5
4607,CHICAGO DISTRIBUTION CENTER,2,1,1,1,1
4608,CHICAGO DOLLAR MARKET,4,2,2,2,2
4609,CHICAGO DOLLAR STORE INC,2,1,1,2,0
4610,CHICAGO DOWNTOWN FRAMSTAND,2,1,1,1,1
4611,CHICAGO DOWNTOWN MARRIOTT,99,46,53,28,71
4612,CHICAGO DRAMATISTS WORKSHOP,3,1,2,2,1
4613,CHICAGO EATS AND TREATS,9,3,6,5,4
4614,CHICAGO EATS MARKET PLACE,2,1,1,1,1
4615,"CHICAGO EATS MARKET PLACE, INC.",4,0,4,3,1
4616,CHICAGO EATS SPORTS BAR,7,2,5,2,5
4617,CHICAGO EATS SWEET HONEY TEA & LEMONADE,3,2,1,1,2
4618,CHICAGO ELITE,10,3,7,0,10
4619,"CHICAGO EMPANADA MAMA, LLC",4,1,3,2,2
4620,CHICAGO EXCEL ACADEMY OF ENGLEWOOD,19,6,13,10,9
4621,CHICAGO EXCEL CAMELOT ACADEMY,16,5,11,7,9
4622,CHICAGO EXPRESS QUICK MART INC,4,1,3,2,2
4623,CHICAGO FIRE MARKET,6,5,1,2,4
4624,CHICAGO FONDUE STUBE,21,9,12,11,10
4625,CHICAGO FOOD CLUB,6,1,5,5,1
4626,CHICAGO FOOD CORP,5,1,4,2,3
4627,CHICAGO FOOD CORPORATION,10,4,6,5,5
4628,CHICAGO FOOD COURT,5,0,5,5,0
4629,CHICAGO FOOD HUB INC.,3,2,1,2,1
4630,CHICAGO FOOD KING/COME AND GET IT,4,1,3,3,1
4631,CHICAGO FOOD MARKET INC,9,3,6,3,6
4632,"CHICAGO FOOD MART, INC.",2,1,1,1,1
4633,CHICAGO FREEZE,2,0,2,1,1
4634,CHICAGO FRENCH PRESS,5,2,3,4,1
4635,CHICAGO FRESH MEAT & PRODUCE,2,1,1,2,0
4636,CHICAGO FRIENDS SCHOOL,3,2,1,1,2
4637,CHICAGO GAME COMPANY,2,1,1,1,1
4638,"CHICAGO GAMING CAFE,LLC.",3,1,2,3,0
4639,CHICAGO GETAWAY HOSTEL,4,1,3,3,1
4640,CHICAGO GRILL,4,0,4,2,2
4641,"CHICAGO GRILL & LEMONADE, INC.",2,0,2,2,0
4642,"CHICAGO GRILL, FISH, & CHICKEN FIVE STAR RESTAURA",3,0,3,2,1
4643,CHICAGO GRIND,16,3,13,9,7
4644,CHICAGO GROCERS,5,2,3,3,2
4645,CHICAGO GYROS,6,3,3,3,3
4646,CHICAGO HALAL,8,4,4,6,2
4647,CHICAGO HEALTH-MAPLE STREET,22,7,15,10,12
4648,CHICAGO HELICOPTER EXPERIENCE,4,1,3,3,1
4649,CHICAGO HILTON & TOWERS,60,32,28,15,45
4650,CHICAGO HOAGIE HOUSE,4,3,1,3,1
4651,CHICAGO HOPE ACADEMY,18,7,11,6,12
4652,"CHICAGO INDOOR SPORTS, LLC",2,1,1,1,1
4653,CHICAGO INDOOR SPORTS/RAZZMATAZZ FUN CENTER,15,7,8,8,7
4654,CHICAGO INTERNATIONAL CHARTER SCHOOL,8,3,5,1,7
4655,CHICAGO INTERNATIONAL CHARTER SCHOOL BUCKTOWN,11,6,5,2,9
4656,CHICAGO JESUIT ACADEMY,17,6,11,3,14
4657,CHICAGO JOE'S,24,9,15,14,10
4658,CHICAGO KABOB,3,0,3,3,0
4659,CHICAGO KALBI INC,23,8,15,15,8
4660,CHICAGO KERNEL,8,2,6,3,5
4661,CHICAGO KERNEL GOURMET POPCORN,6,2,4,3,3
4662,CHICAGO KERNEL GOURMET POPCORN & MORE,4,1,3,2,2
4663,CHICAGO KIDZ KLUB,2,0,2,0,2
4664,CHICAGO LATVIAN CHILDCARE AND PRESCHOOL,3,0,3,0,3
4665,CHICAGO LIGHT HOUSE CHARTER SCHOOL,3,1,2,2,1
4666,CHICAGO LIVE POULTRY,39,14,25,19,20
4667,CHICAGO LUCKY FOOD INC.,5,1,4,4,1
4668,CHICAGO LUNCHBOX,30,14,16,14,16
4669,CHICAGO LYING-IN HOSPITAL,2,0,2,1,1
4670,CHICAGO MAGIC LOUNGE,6,1,5,3,3
4671,CHICAGO MARKET,3,1,2,0,3
4672,CHICAGO MARRIOTT AT MEDICAL DISTRICT/UIC,8,4,4,2,6
4673,CHICAGO MARRIOTT DOWNTOWN,16,8,8,6,10
4674,CHICAGO MARRIOTT O'HARE HOTEL,23,9,14,6,17
4675,CHICAGO MEAT & GROCERS,4,1,3,3,1
4676,CHICAGO MEAT AUTHORITY,2,1,1,1,1
4677,CHICAGO MERCANTILE EXCHANGE INC.,3,0,3,3,0
4678,CHICAGO METRO MART INC,2,0,2,1,1
4679,CHICAGO MILITARY (BRONZEVILLE),15,5,10,4,11
4680,CHICAGO MINI MART,12,6,6,8,4
4681,"CHICAGO MONTESSORI, NFP",17,6,11,9,8
4682,CHICAGO MOTION PICTURE CATERING,2,1,1,1,1
4683,CHICAGO MUSHROOM DEPOT,3,3,0,1,2
4684,CHICAGO NEWS #1725,4,1,3,2,2
4685,CHICAGO NEWS #1726,3,1,2,2,1
4686,CHICAGO NEWS & GIFTS,5,3,2,2,3
4687,"CHICAGO NEWSROOM, INC",2,2,0,0,2
4688,CHICAGO NO SAUCE BOSS,3,0,3,3,0
4689,CHICAGO O'HARE GARDEN HOTEL,2,2,0,1,1
4690,CHICAGO O'HARE MARRIOTT HOTEL,25,10,15,16,9
4691,CHICAGO OYSTER HOUSE,22,6,16,12,10
4692,CHICAGO PALM INVESTMENTS INC.,2,1,1,1,1
4693,CHICAGO PHILLY STEAK,2,1,1,2,0
4694,"CHICAGO PHILLY STEAK, LLC",3,0,3,2,1
4695,CHICAGO PHILLY STOP,15,10,5,8,7
4696,CHICAGO PHO,3,1,2,3,0
4697,CHICAGO PICKLE,3,1,2,3,0
4698,CHICAGO PICKLE EATERY,2,0,2,2,0
4699,CHICAGO PIT STOP BBQ,40,8,32,29,11
4700,CHICAGO PITA,3,2,1,1,2
4701,CHICAGO PITA KITCHEN,31,15,16,14,17
4702,"CHICAGO PIZZA & CONES, INC.",5,0,5,3,2
4703,CHICAGO PIZZA & OVEN GRINDER,17,7,10,5,12
4704,CHICAGO PIZZA & PUMPING STATION CO.,3,0,3,3,0
4705,CHICAGO PIZZA BOSS,5,3,2,2,3
4706,CHICAGO PIZZA FIESTA,2,1,1,2,0
4707,CHICAGO PIZZA JOINT,3,0,3,3,0
4708,"CHICAGO PIZZERIA, INC.",21,9,12,10,11
4709,CHICAGO POPCORN WORKS,2,0,2,1,1
4710,CHICAGO PRESCHOOL ACADEMY,19,7,12,9,10
4711,CHICAGO PRESCHOOL ACADEMY COMMUNITY CENTER NFP,2,0,2,2,0
4712,CHICAGO PRIME BARTENDING LLC,3,1,2,2,1
4713,CHICAGO PRODUCE,17,5,12,9,8
4714,CHICAGO PULASKI FOOD MART INC.,2,0,2,2,0
4715,CHICAGO Q,24,8,16,14,10
4716,CHICAGO RIVERWALK CAFE,8,2,6,6,2
4717,CHICAGO RIVERWALK VENTURES,6,1,5,3,3
4718,"CHICAGO SAVE WAY,INC.",6,3,3,5,1
4719,CHICAGO SCHNITZEL KING,5,1,4,2,3
4720,CHICAGO SHAKESPEARE THEATER,2,1,1,1,1
4721,CHICAGO SHARK,5,0,5,4,1
4722,"CHICAGO SHARK FISH, INC",16,1,15,11,5
4723,CHICAGO SIGNATURE SERVICES,13,5,8,5,8
4724,CHICAGO SINAI CONGREGATION,17,6,11,7,10
4725,CHICAGO SMERQS,3,1,2,2,1
4726,CHICAGO SMOKE LTD,35,15,20,8,27
4727,CHICAGO SOCCER RESTAURANT,18,4,14,14,4
4728,CHICAGO SOUL SANDWICH,4,0,4,2,2
4729,"CHICAGO SOUTHERN COOKING, INC.",3,1,2,1,2
4730,CHICAGO SPORT CAFE,4,1,3,2,2
4731,"CHICAGO SPORTS BAR & GRILL, INC.",16,6,10,7,9
4732,CHICAGO SPORTS HUB,4,0,4,3,1
4733,CHICAGO STEAK & LEMONADE INC.,10,6,4,4,6
4734,CHICAGO STEAK & WINGS,8,5,3,5,3
4735,CHICAGO STEAK HOUSE,8,4,4,4,4
4736,CHICAGO STEAKHOUSE,3,1,2,1,2
4737,CHICAGO STEAKS,3,1,2,2,1
4738,CHICAGO STYLE CONCESSIONS,6,1,5,3,3
4739,CHICAGO STYLE FISH & CHICKEN INC.,2,1,1,1,1
4740,CHICAGO SUB,7,4,3,3,4
4741,"CHICAGO SUB & GRILL INC.,",3,1,2,2,1
4742,CHICAGO SUB AND GRILL AND GYROS,2,0,2,1,1
4743,CHICAGO SUBMARINE INC,16,8,8,7,9
4744,CHICAGO SUBS AT SIX CORNERS,2,0,2,2,0
4745,CHICAGO SUGAR DADDY PATISSERIE,5,0,5,2,3
4746,CHICAGO SUPER MARKET INC,2,0,2,2,0
4747,CHICAGO SWEET CONNECTION BAKERY,21,13,8,6,15
4748,CHICAGO TAICHI BUBBLE TEA,7,3,4,4,3
4749,CHICAGO TALENT DEVELOPMENT CHARTER,5,1,4,2,3
4750,"CHICAGO TEACHERS UNION FOUNDATION, INC",5,0,5,4,1
4751,CHICAGO TECH ACADEMY (CHARTER),16,8,8,3,13
4752,CHICAGO TRIBUNE,5,2,3,3,2
4753,"CHICAGO UNION SUB, INC.",5,0,5,4,1
4754,CHICAGO UPTOWN GALLERY & CAFE,3,0,3,3,0
4755,CHICAGO URBAN DAY SCHOOL INC,21,13,8,6,15
4756,CHICAGO WAFFLES,15,6,9,10,5
4757,CHICAGO WALDORF SCHOOL,34,11,23,17,17
4758,CHICAGO WAY BBQ INC,8,2,6,4,4
4759,CHICAGO WESTSIDE CHRISTIAN SCHOOL,14,8,6,2,12
4760,"CHICAGO WHIRLY, INC.",7,4,3,2,5
4761,CHICAGO WHITE SOX LTD,18,9,9,3,15
4762,CHICAGO WINERY,6,2,4,2,4
4763,CHICAGO WINGS,9,5,4,5,4
4764,CHICAGO WINGS & GYROS,23,8,15,12,11
4765,CHICAGO WINGS AROUND THE WORLD,4,0,4,3,1
4766,"CHICAGO WINGS AROUND THE WORLD 61ST & HALSTED,INC",8,0,8,6,2
4767,CHICAGO WINGS AROUND THE WORLD 75TH LLC,3,0,3,2,1
4768,CHICAGO WINGZ AROUND THE WORLD,12,2,10,7,5
4769,CHICAGO WINGZ AROUND THE WORLD #2,2,0,2,1,1
4770,CHICAGO WINGZ AROUND THE WORLD (47TH) LLC,5,0,5,5,0
4771,CHICAGO WINGZ AROUND THE WORLD 133 LLC,5,1,4,4,1
4772,CHICAGO WINGZ AROUND THE WORLD 47TH ST,4,3,1,2,2
4773,CHICAGO WINGZ AROUND THE WORLD 557 LLC,2,0,2,2,0
4774,CHICAGO WINGZ AROUND THE WORLD 71ST CORP,2,1,1,2,0
4775,CHICAGO WINGZ AROUND THE WORLD111 LLC,4,2,2,3,1
4776,CHICAGO YACHT CLUB,30,11,19,17,13
4777,CHICAGO YOUTH CENTERS SIDNEY EPSTIEN YOUTH CENTER,9,3,6,2,7
4778,CHICAGO ZABIHA HALAL MEAT MARK,12,5,7,7,5
4779,CHICAGO q,2,2,0,0,2
4780,CHICAGO' S DOG HOUSE INC.,23,9,14,7,16
4781,CHICAGO'S BEST CHICKEN WAFFLES,5,2,3,3,2
4782,CHICAGO'S BEST SUB,8,0,8,5,3
4783,CHICAGO'S CHICKEN COOP,7,3,4,4,3
4784,CHICAGO'S COMMUNITY KITCHENS,14,6,8,6,8
4785,CHICAGO'S FINEST,3,2,1,2,1
4786,CHICAGO'S FINEST BEEF AND BREW,6,1,5,3,3
4787,"CHICAGO'S FINEST DELI ON WHEELS, LLC",3,1,2,2,1
4788,CHICAGO'S GRILL FISH & CHICKEN,4,3,1,1,3
4789,"CHICAGO'S GRILL FISH, CHICKEN",10,5,5,4,6
4790,CHICAGO'S HOME OF CHICKEN & WAFFLES,47,15,32,23,24
4791,CHICAGO'S MARGIES MAXWELL STREET,5,1,4,4,1
4792,"CHICAGO'S MEATERY, DELI & FOOD, INC.",2,1,1,1,1
4793,CHICAGO'S ORIGINAL HAROLD'S,2,0,2,1,1
4794,CHICAGO'S ORIGINAL MAXWELL ST,8,4,4,2,6
4795,CHICAGO'S PIZZA,46,14,32,24,22
4796,CHICAGOALND COOKIE LLC LINCOLN PARK SERIES,3,0,3,3,0
4797,CHICAGOLAND PIZZA & PASTA,3,2,1,1,2
4798,CHICAGOS TACOS MARKET,2,0,2,1,1
4799,CHICANO HAMBURGER & WINGS LLC,2,1,1,2,0
4800,CHICK-FIL-A,29,10,19,10,19
4801,CHICK-FIL-A  LOYOLA WATER TOWER,2,2,0,0,2
4802,CHICK-FIL-A AT BUCKTOWN (IL) FSR,3,1,2,1,2
4803,CHICK-FIL-A AT MILLENNIUM PARK (IL) IN-LINE,4,2,2,2,2
4804,CHICK-FIL-A FORD CITY,9,2,7,4,5
4805,CHICK-FIL-A IL MEDICAL DISTRICT,4,1,3,1,3
4806,CHICK-FIL-A LOYOLA WATER TOWER,11,6,5,4,7
4807,CHICK-FIL-A MICHIGAN AVENUE,5,0,5,3,2
4808,CHICK-FIL-A MILLENNIUM PARK,3,1,2,1,2
4809,CHICK-FIL-A STATE & LAKE,17,7,10,6,11
4810,CHICK-FIL-A STATE AND LAKE INLINE,8,4,4,3,5
4811,CHICK-FIL-A WRIGLEYVILLE,2,0,2,2,0
4812,"CHICK-FIL-A,INC.",2,1,1,1,1
4813,CHICKCAGO GRILLE,11,3,8,2,9
4814,CHICKEN AND TACO PLACE,2,1,1,1,1
4815,CHICKEN AND TACOS PLACE,5,1,4,3,2
4816,CHICKEN COOP,2,1,1,1,1
4817,CHICKEN HANS,4,2,2,3,1
4818,CHICKEN HUT,18,13,5,7,11
4819,CHICKEN INN,21,5,16,9,12
4820,CHICKEN PLANET,18,10,8,5,13
4821,CHICKEN POLLO SHACK,2,1,1,1,1
4822,CHICKEN RUN INC,5,3,2,1,4
4823,CHICKEN SHACK,8,3,5,5,3
4824,CHICKEN WORKS AND SALAD CO.,17,9,8,3,14
4825,CHICKEN' RIB FACTORY,8,4,4,5,3
4826,CHICKIE'S RESTAURANT CO. INC.,4,3,1,3,1
4827,CHICKIES,5,1,4,4,1
4828,CHICKIES ON TAYLOR,5,3,2,2,3
4829,CHICKPEA,5,3,2,1,4
4830,CHICKPEA DELIGHTS,5,1,4,2,3
4831,CHICOS PONCITLAN,3,1,2,2,1
4832,CHIEF - WEST LOOP,2,1,1,0,2
4833,CHIEF O'NEILL'S PUB & RESTAURANT,6,3,3,4,2
4834,CHIEF O'NEILLS PUB AND RESTAURANT,17,6,11,10,7
4835,CHIEFS DINNERS & DELI,5,3,2,3,2
4836,CHIFA GRILL CHICKEN RESTAURANT,4,3,1,1,3
4837,CHIFRESH KITCHEN,5,2,3,4,1
4838,CHIKATANA,3,1,2,1,2
4839,CHIKIS,2,0,2,2,0
4840,CHIKIS N GRILL,11,0,11,10,1
4841,CHIKIS PIZZA,8,4,4,3,5
4842,CHIKURIN,4,1,3,2,2
4843,CHILACA,4,2,2,2,2
4844,CHILAM BALAM,17,5,12,9,8
4845,CHILANGO,25,10,15,11,14
4846,CHILANGO'S PLACE,3,2,1,2,1
4847,CHILAPAN,3,1,2,0,3
4848,CHILAPAN MEXICAN RESTAURANT INC,9,2,7,6,3
4849,CHILAPAN RESTAURANT & CO.,2,0,2,1,1
4850,CHILD DEVELOPMENT & HIGH QUALITY CARE,8,3,5,3,5
4851,CHILD FIRST ACADEMY,4,2,2,2,2
4852,CHILDREN CAMPUS INC,8,5,3,1,7
4853,"CHILDREN CITY CHILDCARE, INC.",15,8,7,7,8
4854,CHILDREN INTERNATIONAL ACADEMY,14,6,8,2,12
4855,CHILDREN LEARN & PLAY DAY CARE II INC.,20,7,13,8,12
4856,CHILDREN OF TOMORROW LEARNING,3,2,1,2,1
4857,CHILDREN OF TOMORROW LEARNING CENTER INC.,19,3,16,12,7
4858,CHILDREN'S ACADEMY OF NORTH SHORE,4,2,2,0,4
4859,"CHILDREN'S ACADEMY OF NORTH SHORE, LTD.",13,5,8,5,8
4860,CHILDREN'S CAMPUS CENTER,7,3,4,3,4
4861,CHILDREN'S CAMPUS CENTER LLC,4,2,2,1,3
4862,CHILDREN'S CENTER INC,16,6,10,3,13
4863,CHILDREN'S CENTER OUTREACH,10,2,8,3,7
4864,CHILDREN'S CHOICE  LEARNING CENTER AT SISTER BONAV,10,7,3,1,9
4865,CHILDREN'S CREATIVE CENTER,2,0,2,1,1
4866,"CHILDREN'S CREATIVE CENTER, INC.",25,5,20,12,13
4867,CHILDREN'S EMPIRICAL LLC,3,0,3,3,0
4868,CHILDREN'S GARDEN CHILD DEVELOPMENT CENTER,2,0,2,1,1
4869,CHILDREN'S HOLISTIC INTEGRATED LEARNING AND DEVELO,13,9,4,4,9
4870,CHILDREN'S HOME AND AID SOCIETY OF ILLINOIS,16,6,10,6,10
4871,"CHILDREN'S LAND ON BELMONT AVE,  INC.",9,4,5,4,5
4872,CHILDREN'S LEARNING  PLACE,11,5,6,3,8
4873,CHILDREN'S LEARNING PLACE,36,12,24,15,21
4874,CHILDREN'S MEMORIAL HOSPITAL,5,3,2,3,2
4875,CHILDREN'S WORLD,13,5,8,3,10
4876,CHILDREN'S WORLD DAYCARE,9,3,6,2,7
4877,CHILDREN'S WORLD INC.,11,3,8,5,6
4878,"CHILDREN'S WORLD, INC.",15,8,7,6,9
4879,CHILDRENS LEARNING PLACE,11,5,6,3,8
4880,CHILE TOREADO RESTAURANT,9,4,5,7,2
4881,CHILI MAC'S 5-WAY CHILI,4,1,3,2,2
4882,CHILI'S GRILL & BAR,31,9,22,6,25
4883,CHILI'S GRILL AND BAR,12,4,8,7,5
4884,CHILI'S T - 3,34,14,20,11,23
4885,CHILI'S T-I,31,12,19,10,21
4886,CHILITOS,2,0,2,2,0
4887,CHILITOS GRILL,2,0,2,2,0
4888,CHILL,6,3,3,2,4
4889,CHILL BAR AND GRILL,4,4,0,2,2
4890,CHILL N2,3,2,1,2,1
4891,CHILL WITH US YOGURT,3,0,3,2,1
4892,CHILO Y CHELA INC.,5,1,4,4,1
4893,CHILOECHELA RESTAURANT,15,7,8,6,9
4894,CHIM THAI CUISINE,4,2,2,3,1
4895,CHIMICHURRI STEAK PIZZERIA & GELATERIOL,4,1,3,3,1
4896,CHIMILEX INC.,5,3,2,2,3
4897,CHIMNEY CAKE ISLAND,4,2,2,1,3
4898,CHIN LAN ASIAN FOOD MARKET,3,1,2,1,2
4899,CHINA  GARDEN,4,1,3,2,2
4900,CHINA  HUT RESTAURANT,18,9,9,8,10
4901,CHINA  SNACK     (I.D REQUIRED),22,10,12,7,15
4902,CHINA  STAR,22,13,9,8,14
4903,CHINA BUFFET INC.,11,5,6,6,5
4904,CHINA CAFE,66,10,56,40,26
4905,CHINA CHEF,47,22,25,18,29
4906,CHINA CHEF RESTAURANT,13,6,7,3,10
4907,CHINA CITY,27,14,13,10,17
4908,CHINA COURT,4,2,2,1,3
4909,CHINA COURT RESTAURANT,12,1,11,6,6
4910,CHINA COURT/YU CHOY/YU SHAN,5,2,3,2,3
4911,CHINA DOLL,27,15,12,13,14
4912,CHINA DRAGON,7,2,5,3,4
4913,CHINA DRAGON 18TH ST,16,2,14,7,9
4914,CHINA DRAGON 18TH ST INC.,11,5,6,4,7
4915,CHINA EXPRESS,16,5,11,6,10
4916,CHINA EXPRESS 168,8,5,3,3,5
4917,CHINA EXPRESS REST,20,12,8,7,13
4918,CHINA EXPRESS RESTAURANT,21,9,12,9,12
4919,CHINA FAN,6,2,4,1,5
4920,CHINA FAST WOK INC,2,0,2,1,1
4921,CHINA GARDEN,24,9,15,11,13
4922,CHINA GARDEN CHINESE RESTAURANT,26,6,20,13,13
4923,CHINA GOURMET,17,5,12,8,9
4924,CHINA HO RESTAURANT,21,12,9,8,13
4925,CHINA HOUSE,6,3,3,2,4
4926,CHINA HUT,25,12,13,14,11
4927,CHINA KITCHEN,46,9,37,26,20
4928,CHINA LAMP RESTAURANT,20,13,7,5,15
4929,CHINA LING,11,4,7,6,5
4930,CHINA LING COMPANY,9,2,7,4,5
4931,CHINA LITE ORIGINAL,6,1,5,4,2
4932,CHINA MAX,5,1,4,2,3
4933,CHINA NIGHT CAFE,21,8,13,7,14
4934,CHINA PALACE,23,5,18,14,9
4935,CHINA PHOENIX CHINESE RESTAURANT,13,6,7,4,9
4936,CHINA PLACE LIQUOR CITY,2,0,2,1,1
4937,CHINA POBLANA,3,0,3,3,0
4938,CHINA SPRING,22,9,13,8,14
4939,CHINA STAR,5,3,2,2,3
4940,"CHINA STAR OF CHICAGO, INC.",3,2,1,1,2
4941,CHINA STAR RESTAURANT,2,0,2,2,0
4942,CHINA STATION,7,0,7,4,3
4943,CHINA STATION INC,6,1,5,5,1
4944,CHINA TOWN RESTAURANT,18,8,10,11,7
4945,CHINA WOK,27,10,17,13,14
4946,CHINA WOK RESTAURANT,4,1,3,2,2
4947,CHINATOWN BUFFET,18,5,13,11,7
4948,CHINATOWN CAFE REST,4,3,1,2,2
4949,CHINATOWN CHINESE FOOD,5,2,3,3,2
4950,CHINATOWN MARKET INC.,11,7,4,4,7
4951,CHINATOWN RESTAURANT,8,4,4,3,5
4952,CHINELAS,6,2,4,5,1
4953,CHINESE # 1 KITCHEN,2,2,0,1,1
4954,CHINESE #1 KITCHEN,23,10,13,11,12
4955,"CHINESE AMERICAN SERVICE LEAGUE, INC.",13,4,9,3,10
4956,"CHINESE CHEF'S KITCHEN, INC.",14,7,7,4,10
4957,CHINESE COMMUNITY CENTER,15,7,8,6,9
4958,CHINESE KITCHEN,53,27,26,22,31
4959,CHINESE KITCHEN AND SUSHI,27,10,17,15,12
4960,CHINESE KITCHEN MEI INC.,4,1,3,2,2
4961,CHINESE LANTERN,5,1,4,3,2
4962,CHINESE LANTERN BISTRO,10,3,7,5,5
4963,CHINESE ROYAL KITCHEN,5,2,3,4,1
4964,CHINESE SEE THRU KITCHEN,18,9,9,5,13
4965,CHINESE WOK,4,2,2,1,3
4966,CHINESE YUM YUM,15,6,9,5,10
4967,CHINGA TU TACO LLC,5,1,4,4,1
4968,"CHINKAY, INC.",2,1,1,2,0
4969,CHINMI,3,0,3,2,1
4970,CHIP CITY,3,1,2,3,0
4971,CHIPMONKS,9,3,6,7,2
4972,CHIPMUNKS,7,3,4,4,3
4973,CHIPMUNKS RESTAURANT,11,4,7,7,4
4974,CHIPOTLE,100,43,57,32,68
4975,CHIPOTLE MEXICAN GRILL,427,196,231,132,295
4976,CHIPOTLE MEXICAN GRILL #1979,24,8,16,10,14
4977,CHIPOTLE MEXICAN GRILL #2409,11,2,9,3,8
4978,CHIPOTLE MEXICAN GRILL #2796,15,3,12,2,13
4979,CHIPOTLE MEXICAN GRILL #2923,14,5,9,7,7
4980,CHIPOTLE MEXICAN GRILL #3367,11,4,7,4,7
4981,CHIPOTLE MEXICAN GRILL #3430,10,2,8,2,8
4982,CHIPOTLE MEXICAN GRILL #3433,6,3,3,4,2
4983,CHIPOTLE MEXICAN GRILL #3481,8,4,4,3,5
4984,CHIPOTLE MEXICAN GRILL #3651,7,3,4,3,4
4985,CHIPOTLE MEXICAN GRILL #3785,8,3,5,1,7
4986,CHIPOTLE MEXICAN GRILL #4019,5,3,2,2,3
4987,CHIPOTLE MEXICAN GRILL #4082,2,0,2,1,1
4988,CHIPOTLE MEXICAN GRILL#2768,17,8,9,9,8
4989,CHIPPER PRE-SCHOOL/KINDERGARTEN,12,9,3,3,9
4990,CHIPS FOOD & LIQUOR MART,2,2,0,1,1
4991,CHIQUEOLATTE,3,0,3,3,0
4992,CHIQUITA STOP INC.,2,1,1,1,1
4993,CHISCO FOOD MART,2,0,2,1,1
4994,CHISCREAM,3,1,2,1,2
4995,CHISME EXPRESS INC.,21,10,11,8,13
4996,CHISOX BAR & GRILL,20,7,13,8,12
4997,CHITOWN BODEGA,2,0,2,1,1
4998,CHITOWN FUTBOL & SOCIAL,10,1,9,6,4
4999,CHITOWN SANDWICH CLUB,7,3,4,5,2
5000,CHITOWN SPORTS FACILITIES,7,2,5,4,3
5001,CHIU QUON BAKERY,30,13,17,16,14
5002,CHIU QUON BAKERY & DIM SUM,13,1,12,4,9
5003,CHIU QUON INC,12,5,7,7,5
5004,CHIU QUON RESTAURANT,3,1,2,1,2
5005,CHIU QUON TAO HONG,6,2,4,2,4
5006,CHIU'S GREAT WALL RESTAURANT,26,4,22,19,7
5007,CHIVO Y BORREGO,3,0,3,2,1
5008,CHIYA CHAI CAFE,22,10,12,12,10
5009,CHIZAKAYA,2,1,1,1,1
5010,CHLOE'S,6,3,3,1,5
5011,CHO SUN OK RESTAURANT,18,11,7,5,13
5012,CHOCOLAT UZMA,6,3,3,5,1
5013,CHOCOLAT UZMA LLC,2,1,1,1,1
5014,CHOCOLAT UZMA SHARIF,4,1,3,2,2
5015,CHOCOLATE,2,0,2,2,0
5016,CHOCOLATE CITY,4,0,4,2,2
5017,CHOCOLATE SHOPPE OF IL,16,3,13,11,5
5018,CHOI'S CHINESE KITCHE,9,2,7,4,5
5019,CHOI'S CHINESE KITCHEN,8,6,2,3,5
5020,CHOI'S ROLL SUSHI,3,1,2,2,1
5021,CHOICE CHINA WOK,10,5,5,5,5
5022,"CHOICE CHINA WOK, INC.",5,3,2,1,4
5023,CHOICE FISH & CHICKEN,9,3,6,4,5
5024,"CHOICE GRILL, INC",4,0,4,2,2
5025,CHOKSHI & ASSOCIATES,2,0,2,1,1
5026,CHOKSHI & ASSOCIATES INC.,2,0,2,1,1
5027,CHOLIE'S PIZZA,6,3,3,2,4
5028,CHOLIE'S PIZZERIA INC,12,4,8,1,11
5029,CHOLIES PIZZA,9,3,6,4,5
5030,CHOLIES PIZZERIA INC.,17,9,8,5,12
5031,CHONG RO RESTAURANT,3,0,3,3,0
5032,CHONGQING CHICKEN POT PIE,5,1,4,4,1
5033,CHOOCHOO CHICAGO,4,0,4,1,3
5034,CHOP CHOP CHINAMAN,2,1,1,1,1
5035,CHOP STICK EXPRESS,18,11,7,7,11
5036,CHOP SUEY CITY CHICAGO INC.,6,2,4,2,4
5037,CHOP SUEY CITY INC.,5,1,4,2,3
5038,CHOP SUEY EXPRESS,11,6,5,3,8
5039,CHOP SUEY HUANG,15,3,12,7,8
5040,CHOP SUEY KING,24,9,15,8,16
5041,CHOP SUEY KITCHEN,26,10,16,14,12
5042,CHOP SUEY LOH,6,4,2,1,5
5043,CHOP TOUHY,17,5,12,7,10
5044,CHOPAL KABAB & STEAK,17,5,12,11,6
5045,CHOPOCHICKEN,9,5,4,6,3
5046,CHOPPER ENTERPRISES,16,10,6,4,12
5047,CHOPPERS,3,1,2,1,2
5048,CHOPSTICK EXPRESS,24,8,16,9,15
5049,CHRIS' BAR,5,2,3,2,3
5050,CHRIS'S BILLIARDS INC.,6,2,4,4,2
5051,CHRISS BAKERY INC,15,3,12,11,4
5052,CHRIST THE KING,21,6,15,9,12
5053,CHRIST THE KING JESUIT COLLEGE PREPARATORY SCHOOL,22,12,10,11,11
5054,CHRISTIAN L-E-G EARLY LEARNING CENTER,14,5,9,5,9
5055,CHRISTIANA'S HEAVEN INC,8,2,6,6,2
5056,CHRISTIE'S DAIRY DELIGHTS,2,0,2,2,0
5057,CHRISTINA'S PLACE,4,2,2,1,3
5058,CHRISTOPHER HOUSE,26,15,11,7,19
5059,CHRISTOPHER HOUSE-,4,1,3,2,2
5060,CHRISTOPHER HOUSE-UPTOWN,18,11,7,5,13
5061,CHRISTOPHER RANCH,2,1,1,1,1
5062,CHUANCHUANXIANG RESTAURANT,3,1,2,1,2
5063,CHUBBY WIENERS,13,5,8,3,10
5064,CHUBBY'S BEEF,3,0,3,2,1
5065,CHUBBY'S CAFE,8,4,4,5,3
5066,CHUBBY'S CHAR HOUSE LTD,5,1,4,4,1
5067,CHUCHERIAS TROPICAL CREATIONS,2,2,0,1,1
5068,CHUCHI'S,4,1,3,3,1
5069,CHUCHI'S PIZZA,5,1,4,3,2
5070,CHUCHOS ON ADDISON INC,10,4,6,5,5
5071,CHUCK 'E' CHEESE,24,6,18,16,8
5072,CHUCK 'E' CHEESE'S,20,12,8,7,13
5073,CHUCK'S PIZZA,18,2,16,17,1
5074,CHUCKIE'S,13,3,10,7,6
5075,CHUCKIES,2,1,1,1,1
5076,CHUCKIES GRILL,3,1,2,1,2
5077,CHUI'S FOOD STORE,5,3,2,2,3
5078,CHUNDY'S BISTRO,2,0,2,2,0
5079,CHURCH OF GOD COMM DAY CARE,10,1,9,5,5
5080,CHURCH OF THE THREE CROSSES,13,5,8,1,12
5081,CHURCH'S CHICKEN # 1053,18,9,9,7,11
5082,CHURCH'S CHICKEN # 1054,24,13,11,7,17
5083,CHURCH'S CHICKEN # 1068,26,6,20,16,10
5084,CHURCH'S CHICKEN # 1142,22,11,11,7,15
5085,CHURCH'S CHICKEN # 1155,6,1,5,5,1
5086,CHURCH'S CHICKEN # 1315,25,15,10,7,18
5087,CHURCH'S CHICKEN # 1414,21,7,14,9,12
5088,CHURCH'S CHICKEN # 469,5,2,3,1,4
5089,CHURCH'S CHICKEN # 478,9,2,7,5,4
5090,CHURCH'S CHICKEN # 483,28,11,17,12,16
5091,CHURCH'S CHICKEN # 577,37,9,28,20,17
5092,CHURCH'S CHICKEN # 584,28,9,19,13,15
5093,CHURCH'S CHICKEN # 610,15,6,9,7,8
5094,CHURCH'S CHICKEN # 970,18,9,9,9,9
5095,CHURCH'S CHICKEN # 982,51,13,38,28,23
5096,CHURCH'S CHICKEN # 992,32,12,20,16,16
5097,CHURCH'S CHICKEN #259,15,7,8,5,10
5098,CHURCH'S CHICKEN #291,10,3,7,4,6
5099,CHURCHVIEW SUPPORTIVE LIVING COMMUNITY,23,11,12,11,12
5100,CHURKEYS CHICKEN AND TURKEY GRILL,3,1,2,1,2
5101,CHURRO FACTORY,42,16,26,22,20
5102,CHURROS XOCHI,3,0,3,2,1
5103,CHUTNEY JOE' S,5,3,2,1,4
5104,CHYIA CHAI,4,2,2,2,2
5105,CHYROS,3,0,3,2,1
5106,CIALES POULTRY MEATS & FISH,18,7,11,10,8
5107,CIAO BELLA CAFE,6,3,3,2,4
5108,"CIAO BELLA PIZZA & PASTA, INC.",5,1,4,4,1
5109,CIAO CIAO GELATO & CAFE LLC,2,0,2,2,0
5110,CIAO GOURMET MARKET,6,4,2,2,4
5111,CIAO GOURMET T-1,6,3,3,0,6
5112,CIAO PIZZA,4,0,4,3,1
5113,CIAO RAGAZZI,8,3,5,4,4
5114,CIBO EXPRESS GOURMET MARKET,7,5,2,2,5
5115,CIBO EXPRESS GOURMET MARKET #2,9,4,5,2,7
5116,CICCIO,5,1,4,2,3
5117,CICERO & MONTROSE SHELL,2,0,2,2,0
5118,CICERO & NORTH FOOD & LIQUOR,2,1,1,2,0
5119,CICERO BROTHERS,2,1,1,1,1
5120,CICERO CORNER FOOD,2,1,1,1,1
5121,CICERO DELI INC.,9,3,6,4,5
5122,CICERO FOOD CENTER,2,0,2,2,0
5123,CICERO QUICK MART,5,2,3,4,1
5124,CICERO-NORTH AVENUE FOOD & LIQUOR,3,0,3,2,1
5125,CICS AVALON PARK/SOUTH SHORE,9,5,4,2,7
5126,CICS CHICAGO QUEST,10,5,5,3,7
5127,CICS LARRY HAWKINS CAMPUS,9,4,5,3,6
5128,CICS LLOYD BOND,10,3,7,5,5
5129,CICS LONGWOOD,19,11,8,9,10
5130,CICS LOOMIS,11,9,2,1,10
5131,CICS NORTHTOWN ACADEMY,12,3,9,5,7
5132,CICS PRAIRIE,14,3,11,8,6
5133,CICS RALPH ELLISON,9,7,2,2,7
5134,CICS RALPH ELLISON ANNEX,3,1,2,2,1
5135,CICS WASHINGTON PARK,4,0,4,2,2
5136,CICS WEST BELDEN CAMPUS,12,6,6,3,9
5137,CICS WRIGHTWOOD CAMPUS,11,8,3,2,9
5138,CICS-WASHINGTON PARK,23,12,11,7,16
5139,CIELITO LINDO RESTAURANT INC,6,3,3,1,5
5140,CIELO'S CANTINA,7,2,5,3,4
5141,CILANTRO  THAI  KITCHEN,22,7,15,12,10
5142,CILANTRO AUTHENTIC THAI FOOD,6,2,4,4,2
5143,CILANTRO TACO GRILL OLD TOWN LLC,3,1,2,2,1
5144,CILANTRO TACO HOUSE,12,2,10,6,6
5145,CILATRO TACO GRILL LINCOLN PARK,6,2,4,4,2
5146,CIN-TEAS BOBA,2,0,2,1,1
5147,CINCO,7,2,5,3,4
5148,CINCO ESTRELLAS,21,8,13,9,12
5149,CINCO HERMANAS,2,0,2,2,0
5150,CINCO HERMANAS FOOD & LIQUOR I,3,3,0,0,3
5151,"CINEMAS ENTERTAINMENT, LLC",5,1,4,4,1
5152,CINNABON DELI,3,1,2,2,1
5153,CINNAHOLIC CHICAGO,3,1,2,2,1
5154,CINNAMON CAFE,10,2,8,7,3
5155,CINQASET,2,1,1,0,2
5156,"CIPOLLINA, INC.",2,0,2,1,1
5157,CIPRIANI'S PIZZA,19,6,13,6,13
5158,CIRCLE CHICAGO CATERING,5,1,4,3,2
5159,CIRCLE G,5,1,4,3,2
5160,CIRCLE G CONVENIENT STORE,5,0,5,2,3
5161,CIRCLE K,27,11,16,6,21
5162,CIRCLE K # 6711,18,7,11,9,9
5163,CIRCLE K # 6765,4,1,3,1,3
5164,CIRCLE K #6735,3,1,2,2,1
5165,CIRCLE K #6736,11,2,9,7,4
5166,CIRCLE K 1271,4,1,3,3,1
5167,CIRCLE K 6864,5,1,4,3,2
5168,CIRCLE OF FRIENDS LEARNING CENTER INC.,6,0,6,6,0
5169,CIRCLE S MART INC.,6,3,3,2,4
5170,CIRCLE SUSHI & GRILL,12,4,8,7,5
5171,CIRCUIT,9,1,8,7,2
5172,CIRCULO DE NUTRICION,6,1,5,4,2
5173,CIS CAFE,11,7,4,2,9
5174,CISNEROS SIPPY SHACK,2,0,2,1,1
5175,CITE RESTAURANT,19,9,10,11,8
5176,CITGO,232,73,159,140,92
5177,CITGO - TIP TOP CAR WASH,3,1,2,2,1
5178,CITGO 111TH,8,3,5,5,3
5179,CITGO 7/24,6,1,5,3,3
5180,CITGO AT HOMAN INC,2,1,1,1,1
5181,CITGO BIG CITY MART,7,4,3,4,3
5182,CITGO FOOD & GAS,6,2,4,5,1
5183,CITGO FOOD MART,11,2,9,6,5
5184,CITGO FUEL,17,7,10,11,6
5185,CITGO FUEL & MINI MART,50,16,34,30,20
5186,CITGO FUEL & MINI-MART,4,2,2,1,3
5187,CITGO FUEL& MINI MART,12,4,8,7,5
5188,CITGO GAS,45,16,29,27,18
5189,CITGO GAS & FOOD,7,3,4,3,4
5190,CITGO GAS & MINI MART,5,2,3,3,2
5191,CITGO GAS STATION,17,4,13,11,6
5192,CITGO GAS STATION & FOOD MART,2,1,1,1,1
5193,CITGO ON FULTON,16,4,12,10,6
5194,CITGO ONE STOP,6,1,5,4,2
5195,CITGO SUMMIT OIL,4,0,4,3,1
5196,CITGO SUPER WASH & GAS,5,1,4,4,1
5197,CITGO WAY,4,1,3,2,2
5198,CITI BELLES,7,3,4,4,3
5199,CITI FOOD MART,5,0,5,3,2
5200,CITIZEN,12,4,8,6,6
5201,CITIZEN SKATE CAFE,2,0,2,1,1
5202,CITIZEN SKATE CAFE NFP,2,1,1,1,1
5203,"CITIZENS CHICAGO, LLC",3,0,3,2,1
5204,CITLALIN GALLERY THEATER,5,1,4,5,0
5205,CITO EXPRESS INC,2,1,1,1,1
5206,CITY BIRD TENDERS,3,2,1,0,3
5207,CITY CAFE INC.,13,5,8,6,7
5208,CITY CAFE RESTAURANT,9,6,3,2,7
5209,CITY CARMELS. INC.,2,0,2,1,1
5210,CITY CHILDREN'S ACADEMY,8,5,3,1,7
5211,CITY COFFEE,4,0,4,4,0
5212,"CITY DISCOUNT STORE,INC.",6,3,3,4,2
5213,CITY DOUGH,6,0,6,4,2
5214,CITY FARMS,4,1,3,3,1
5215,CITY FOOD,4,2,2,2,2
5216,CITY FOOD MART,6,3,3,4,2
5217,CITY FRESH MARKET,42,14,28,18,24
5218,"CITY GARDEN EARLY CHILDHOOD CENTER, INC.",4,2,2,1,3
5219,"CITY GARDEN EARLY CHILDHOOD CENTER,INC.",6,1,5,5,1
5220,CITY GRILL AND CAFE,6,1,5,4,2
5221,CITY GROCERY INC.,4,0,4,2,2
5222,CITY HALL. LLC,6,2,4,5,1
5223,CITY HARVEST CAFE,8,2,6,3,5
5224,CITY LIMITS,6,3,3,6,0
5225,CITY LINE CAFE & LOOP LOUNGE,7,3,4,4,3
5226,CITY MART,2,0,2,1,1
5227,CITY MART FOOD & TOBACCO,2,1,1,1,1
5228,CITY NEWS,10,4,6,2,8
5229,CITY OF ANGELS,2,1,1,1,1
5230,CITY OLIVE,6,1,5,2,4
5231,CITY PIZZA,3,3,0,1,2
5232,CITY POOL HALL,11,4,7,4,7
5233,CITY PORCH,11,4,7,6,5
5234,CITY PRESS JUICE & BOTTLE,26,9,17,18,8
5235,CITY PROVISIONS CATERING AND E,33,8,25,23,10
5236,CITY PROVISIONS CATERING AND E.,3,1,2,2,1
5237,CITY ROCK,5,3,2,4,1
5238,CITY SOCIAL,11,6,5,4,7
5239,CITY SUB AND PIZZA,3,0,3,2,1
5240,CITY SUBMARINE INC.,15,7,8,6,9
5241,CITY SUITES HOTEL,11,5,6,3,8
5242,CITY TAP HOUSE,3,0,3,1,2
5243,CITY TAVERN OF CHICAGO,4,1,3,3,1
5244,CITY WINERY CHICAGO,32,12,20,16,16
5245,CITY'S EDGE BAR & GRILL,6,3,3,2,4
5246,"CITY-LIFE, LTD.",5,3,2,2,3
5247,CITYGROUNDS INC,12,3,9,7,5
5248,CIUE DE LA FAMILIA,2,1,1,1,1
5249,CJ MINIMART,3,1,2,2,1
5250,CJ'S CHICKEN,7,1,6,7,0
5251,CJ'S GRILL,10,6,4,5,5
5252,"CJK FOODS, INC",6,2,4,2,4
5253,CJP  IL INC,8,2,6,6,2
5254,CLAMP DOWN BURGERS,2,0,2,2,0
5255,"CLARA'S CONVENIENCE STORE, INC",3,1,2,2,1
5256,CLAREMONT DINER,3,1,2,2,1
5257,CLARENDALE SIX CORNERS,2,0,2,0,2
5258,CLARENDON FOOD MART INC,4,2,2,2,2
5259,CLARENDON FOOD WINE SPIRITS,2,0,2,1,1
5260,CLARENDON MINI MART INC,2,0,2,1,1
5261,CLARIDGE HOUSE,10,4,6,8,2
5262,CLARK,26,8,18,16,10
5263,CLARK CATERING,6,1,5,4,2
5264,"CLARK CATERING, INC.",22,9,13,13,9
5265,CLARK DOLLAR PLUS INC.,2,0,2,1,1
5266,CLARK EL RANCHITO CORP,16,3,13,8,8
5267,"CLARK FOOD & CIGARETTES INC.,",4,3,1,2,2
5268,"CLARK FOOD & CYBER CAFE, INC.",5,0,5,4,1
5269,CLARK FOOD MART & DOLLAR PLUS,4,1,3,2,2
5270,CLARK GAS STATION 1,4,2,2,1,3
5271,CLARK GROCERY,3,1,2,2,1
5272,CLARK HAUS,2,0,2,0,2
5273,CLARK MANOR CONVALESCENT CENTE,7,1,6,4,3
5274,CLARK MANOR CONVALESCENT CENTER,7,2,5,4,3
5275,CLARK MINI MARKET,4,2,2,2,2
5276,CLARK MINI MART,2,2,0,1,1
5277,"CLARK MINI MART, INC.",2,2,0,1,1
5278,CLARK SKILLED NURSING FACILITY LLC,8,4,4,3,5
5279,"CLARK ST. MARKET, INC.",6,3,3,4,2
5280,CLARK STREET BEACH,12,4,8,5,7
5281,"CLARK STREET FIRECAKES,LLC",5,3,2,3,2
5282,"CLARK STREET PANCAKE HOUSE, INC.",6,4,2,3,3
5283,"CLARK SUPER FOOD/LIQUOR,INC",2,2,0,0,2
5284,CLARK-A & A GAS FUEL MINI FOOD MART,8,3,5,4,4
5285,CLARK/IRVING  APARTMENTS,19,4,15,8,11
5286,CLARKE'S,2,0,2,1,1
5287,CLARKE'S HYDE PARK,14,5,9,9,5
5288,CLARKE'S ON BELMONT,13,6,7,9,4
5289,CLARKE'S ON DAMEN,7,3,4,4,3
5290,CLARKE'S ON LINCOLN,17,8,9,13,4
5291,CLARKES ROGERS PARK,10,3,7,5,5
5292,CLASSIC COBBLER,4,3,1,2,2
5293,CLASSICAL FOOD,3,2,1,2,1
5294,CLAUDIA BY TREVOR TEICH,2,1,1,1,1
5295,CLAUDIA RESTAURANT,5,2,3,2,3
5296,CLAUDIO'S,4,0,4,3,1
5297,CLAY BRANCH,2,0,2,2,0
5298,"CLAYPOT NOODLE SHOP, INC.",4,0,4,3,1
5299,CLAYTON RESIDENTIAL HOME INC,18,7,11,11,7
5300,CLEAN BEAN,3,1,2,2,1
5301,CLEAR LIFE CAFE INC,8,3,5,5,3
5302,CLEO'S,16,7,9,6,10
5303,CLEO'S SOUTHERN CUISINE,10,2,8,5,5
5304,CLEOPATRA MEAT & GROCERY,2,0,2,1,1
5305,CLEOS,5,3,2,2,3
5306,CLEVER RABBIT,4,1,3,4,0
5307,CLIENT DINING ROOM,14,4,10,5,9
5308,"CLIFTON GRILL,INC.",16,2,14,8,8
5309,CLINTON STREET SMOKED MEATS,2,2,0,0,2
5310,CLOSE-UP2,2,0,2,1,1
5311,CLOUD 9,3,0,3,2,1
5312,CLOUD BAR BUBBLE TEA,4,1,3,3,1
5313,CLOUD COOKIE,7,2,5,4,3
5314,CLOUD HIGH SMOKE SHOP,6,3,3,5,1
5315,CLOUD KITCHENS,6,2,4,3,3
5316,CLOUDKITCHENS,11,4,7,5,6
5317,CLOUDSKITCHENS,5,0,5,3,2
5318,CLOVER CORP,3,0,3,3,0
5319,CLOVER SPORTS BAR,4,3,1,2,2
5320,CLOVERHILL PASTRY-VEND,3,3,0,0,3
5321,"CLOVERHILL PASTRY-VEND,LLC",3,1,2,2,1
5322,"CLOWNS PANCAKE HOUSE, INC.",18,7,11,4,14
5323,CLUB - 100,5,2,3,3,2
5324,CLUB 100,3,0,3,2,1
5325,CLUB 3001,2,2,0,1,1
5326,CLUB 40,5,2,3,4,1
5327,CLUB 44,2,1,1,2,0
5328,CLUB 505 INC,4,1,3,4,0
5329,CLUB 81 INC,2,0,2,2,0
5330,CLUB 81 TOO LLC,9,4,5,4,5
5331,CLUB ALLEGRIA,4,1,3,3,1
5332,CLUB CAR INC,5,1,4,2,3
5333,CLUB DE LA FELICIDAD,6,1,5,4,2
5334,CLUB DE NUTRICION,14,3,11,9,5
5335,CLUB DE NUTRICION  UN NUEVO AMANECER,7,2,5,5,2
5336,CLUB DE VIDA SALUDABLE R.P.,2,2,0,1,1
5337,CLUB ESCAPE,2,2,0,1,1
5338,CLUB FAMILIAR,4,4,0,4,0
5339,CLUB GENE & GEORGETTI,19,5,14,13,6
5340,CLUB KALIENTE,2,1,1,1,1
5341,CLUB LA JUVENTUT,3,0,3,3,0
5342,CLUB LA VILLTA,3,1,2,2,1
5343,CLUB LAGO,14,7,7,7,7
5344,CLUB LUCKY INC,19,11,8,6,13
5345,CLUB NUTRICION HERBAL LIFE,3,1,2,2,1
5346,CLUB NUTRICION LIA,5,0,5,5,0
5347,CLUB NUTRICIONAL,5,2,3,3,2
5348,CLUB NUTRICIONAL HEALTHY,2,1,1,0,2
5349,CLUB SALUD Y FELICIDAD,5,3,2,2,3
5350,CLUB SONRISAS,5,1,4,4,1
5351,CLUB VIDA,9,5,4,5,4
5352,CLUB VOLKAN,2,1,1,2,0
5353,CLUB-100,3,0,3,2,1
5354,CLUCK IT,3,1,2,1,2
5355,CLUTCH BAR & RESTAURANT CHICAGO,4,2,2,3,1
5356,"CLUTCH FOOD AND DRINK, LLC",8,2,6,4,4
5357,CLYBAR,4,2,2,3,1
5358,CLYBOURN MARKET,4,1,3,2,2
5359,CLYDE QUAILITY FOOD,4,2,2,2,2
5360,CM BIENESTAR,2,1,1,1,1
5361,CM CHICKEN,4,0,4,4,0
5362,CM CHICKEN 88MARKET,4,1,3,4,0
5363,CMB CATERING,3,1,2,3,0
5364,CMM  FOOD SERVICES INC.,4,1,3,4,0
5365,CMM CATERING COMPANY,6,2,4,5,1
5366,CMM FOOD SERVICES,40,6,34,29,11
5367,CMM FOOD SERVICES INC,14,4,10,11,3
5368,CMM FOOD SERVICES INC.,14,4,10,11,3
5369,"CN DISCOUNTS, INC",2,1,1,1,1
5370,CNN,7,1,6,4,3
5371,CO CO VIETNAMESE SANDWICHES INC.,15,8,7,4,11
5372,CO-OP SAUCE LLC.,8,2,6,6,2
5373,"CO-OPTIM WEST LOOP, LLC.",2,0,2,2,0
5374,COACH'S,10,0,10,6,4
5375,COACHING WITH LOVE INC.,11,4,7,3,8
5376,COALFIRE,14,6,8,4,10
5377,COALFIRE PIZZA,14,3,11,9,5
5378,COAST BURGER / HABANERO,10,3,7,6,4
5379,COAST SUSHI CORPORATION,29,7,22,18,11
5380,COASTLINE CATERING,3,1,2,3,0
5381,COBB HALL,11,5,6,4,7
5382,COBBLER'S CAFE,4,0,4,3,1
5383,COBBLESTONE,8,1,7,5,3
5384,COBBLESTONES BAR & GRILL,5,2,3,3,2
5385,COBRA LOUNGE,9,3,6,4,5
5386,COBRA LOUNGE/ALL RISE BREWING CO.,23,10,13,11,12
5387,COCHAN VOLANT,13,2,11,7,6
5388,COCHIAROS PIZZA #2,24,12,12,12,12
5389,COCHIAROS PIZZA #4,21,10,11,9,12
5390,COCINA COMPARTIDA DE TRABAJADORES COOPERATIVISTAS,6,3,3,3,3
5391,COCINA DE GALARZA,22,10,12,12,10
5392,COCINA FUSION,13,5,8,6,7
5393,COCKTAIL,11,4,7,7,4
5394,COCKTAIL COURIER,2,2,0,1,1
5395,COCO BONGO NEVERIA CORP.,3,0,3,2,1
5396,COCO COOKS,2,2,0,0,2
5397,COCO PAZZO,16,5,11,12,4
5398,COCO PAZZO CAFE,21,10,11,10,11
5399,COCO RESTAURANT,13,6,7,7,6
5400,COCO ROLLED ICE CREAM CORPORATION,2,1,1,2,0
5401,COCO'S FAMOUS FRIED LOBSTER,15,6,9,7,8
5402,COCO'S PLACE AND PIZZA RESTAURANT,5,1,4,4,1
5403,COCO'S TACOS CORP.,2,0,2,1,1
5404,COCOA & CO,6,3,3,3,3
5405,COCONUTZ,8,1,7,5,3
5406,COCORO,16,9,7,7,9
5407,COCULA RESTAURANT,75,32,43,35,40
5408,CODA DI VOLPE,13,4,9,9,4
5409,CODDLED CARE INC.,10,5,5,5,5
5410,CODY'S  ON  ALBANY,3,0,3,2,1
5411,CODY'S BELLY BITES,3,0,3,3,0
5412,CODY'S PUB,2,2,0,0,2
5413,COFFEE & TEA EXCHANGE,9,3,6,2,7
5414,COFFEE BEAN CAFE CO.,4,1,3,2,2
5415,"COFFEE BERRY PLUS, INC",8,2,6,5,3
5416,COFFEE CHAT INC,4,0,4,2,2
5417,COFFEE CHICAGO,7,3,4,4,3
5418,COFFEE CURE,2,2,0,1,1
5419,COFFEE JOINT,8,0,8,5,3
5420,COFFEE LAB,5,0,5,5,0
5421,COFFEE LAB & ROASTERS,3,1,2,1,2
5422,COFFEE SHOP,14,6,8,12,2
5423,"COFFEE SLASTICARNA DRINA, INC.",16,8,8,4,12
5424,COFFEE TREE & TEA LEAVES,4,1,3,1,3
5425,COFFEE VENDING MACHINES,2,0,2,2,0
5426,COFFEE VENDING SERVICE,3,0,3,3,0
5427,COFFEE VENDING SERVICES,4,1,3,4,0
5428,COGENT SERVICES,4,0,4,2,2
5429,COHIBA CUBAN CUISINE INC,13,3,10,7,6
5430,COLD MOON CAFE,2,1,1,1,1
5431,COLD STONE CREAMERY,19,3,16,13,6
5432,COLD STONE CREAMERY # 20658,6,3,3,5,1
5433,COLD STONE CREAMERY #23263,8,7,1,3,5
5434,COLECTIVO COFFEE,30,11,19,18,12
5435,"COLECTIVO COFFEE ROASTERS, INC.",15,7,8,6,9
5436,COLEMAN'S HICKORY HOUSE #1,18,7,11,10,8
5437,COLES FOOD & DOLLAR,4,2,2,2,2
5438,"COLES SLF, LLC",8,2,6,5,3
5439,COLES SUPPORTIVE LIVING,12,3,9,6,6
5440,COLFAX MART,2,1,1,1,1
5441,COLLETTI'S RESTAURANT,24,13,11,10,14
5442,COLLINS ACADEMY HIGH SCHOOL,23,11,12,9,14
5443,"COLONY FOOD & LIQUOR, INC.",7,3,4,4,3
5444,COLOR CLUB,6,1,5,5,1
5445,COLOR FOR TOTS DAYCARE CENTER,9,3,6,4,5
5446,COLORES MEXICANOS,2,0,2,1,1
5447,COLORS FOR TOTS DAYCARE,3,1,2,3,0
5448,COLORS FOR TOTS DAYCARE CENTER,8,2,6,5,3
5449,COLUMBIA EXPLORERS,16,8,8,3,13
5450,COLUMBIA YACHT CLUB,13,8,5,4,9
5451,COLUMBUS BUILDING CAFE,17,8,9,9,8
5452,COLUMBUS MANOR RES CARE HOME,4,1,3,1,3
5453,COLUMBUS MANOR RESIDENTIAL CARE & HOME,15,6,9,8,7
5454,"COLUMBUS MEAT MARKET, INC.",3,1,2,1,2
5455,COLUMBUS PARK HEAD START,9,3,6,5,4
5456,COLUMBUS' CURRY,7,2,5,4,3
5457,COLUTA'S,9,2,7,7,2
5458,COLUTA'S PIZZA,14,6,8,9,5
5459,COLUTAS PIZZA,18,8,10,7,11
5460,COME & GET IT,2,0,2,1,1
5461,COMFORT AFRICAN CUISINE,3,0,3,3,0
5462,COMFORT SUITES,10,5,5,2,8
5463,COMIDA DE MAMA,2,1,1,1,1
5464,COMIXXPRESS  COLOMBIAN FAST FOOD,2,1,1,1,1
5465,COMM MENTAL HEALTH COUNCIL INC,3,2,1,2,1
5466,COMM SERVICES WEST ACADEMY,6,4,2,1,5
5467,COMMERCIAL FISH & CHICKEN,2,1,1,1,1
5468,COMMERCIAL FOOD,7,3,4,5,2
5469,COMMERCIAL FOOD & LIQUOR MARKET,4,2,2,1,3
5470,COMMERCIAL GROCERY,3,0,3,2,1
5471,"COMMERCIAL SUB, INC.",9,3,6,7,2
5472,COMMON DECENCY FEVER DREAM,6,2,4,3,3
5473,COMMONWEALTH DAYCARE CENTER,11,4,7,9,2
5474,COMMUNITY,17,10,7,7,10
5475,COMMUNITY CARE CENTER,15,7,8,9,6
5476,COMMUNITY CARE OPERATOR,9,4,5,6,3
5477,COMMUNITY CHRISTIAN ALTERNATIVE ACADEMY,3,1,2,0,3
5478,"COMMUNITY FIRST HEALTHCARE OF ILLINOIS, INC.",20,6,14,10,10
5479,COMMUNITY FOOD & LIQUOR,2,1,1,1,1
5480,COMMUNITY FOOD & LIQUOR 1,2,1,1,2,0
5481,"COMMUNITY FOOD CENTER, INC.",6,1,5,4,2
5482,COMMUNITY FOOD MART,11,2,9,8,3
5483,COMMUNITY FOOD MART AND RESTAURANT,5,1,4,4,1
5484,COMMUNITY FOODS,5,1,4,3,2
5485,COMMUNITY GAS AND BP,2,0,2,1,1
5486,COMMUNITY GROCERY,6,3,3,2,4
5487,COMMUNITY LEARNING CENTER INC,9,5,4,3,6
5488,"COMMUNITY LEARNING CENTER, INC",9,3,6,3,6
5489,COMMUNITY MEAT & PRODUCE,4,1,3,2,2
5490,"COMMUNITY MINI MART,INC",4,2,2,3,1
5491,COMMUNITY SERVICES WEST CAREERS ACADEMY,2,1,1,1,1
5492,"COMMUNITY SHOPS, INC.",2,1,1,1,1
5493,COMPASS BAR,16,7,9,9,7
5494,COMPASS GROUP,8,3,5,3,5
5495,"COMPASS GROUP USA, INC",33,14,19,8,25
5496,"COMPASS GROUP USA, INC.",15,6,9,7,8
5497,COMPASSION CHILD CARE CENTER,2,1,1,1,1
5498,"COMPASSION CHILD CARE CENTER, INC.",3,2,1,3,0
5499,COMPASSIONEAT CUPCAKES,2,1,1,1,1
5500,COMPLETELY NUTS,8,7,1,0,8
5501,"COMPLETELY NUTS, INC.",12,5,7,4,8
5502,COMPUTER AND NETWORK SOLUTIONS,12,1,11,8,4
5503,COMPUTER PRE-SCHOOL  ACADEMY,10,7,3,4,6
5504,COMPUTER PRE-SCHOOL ACADEMY,4,1,3,4,0
5505,CONCA D'ORO BAKERY,10,4,6,2,8
5506,CONCINA ECONOMICA,3,0,3,1,2
5507,CONCORD MUSIC HALL,3,0,3,2,1
5508,CONCORDIA AVONDALE CAMPUS,8,4,4,2,6
5509,CONCORDIA CHILD CARE CENTER,4,1,3,1,3
5510,CONCORDIA DAY,20,6,14,10,10
5511,CONCORDIA PLACE,21,10,11,6,15
5512,CONCRETE COWBOY,3,0,3,3,0
5513,CONDOR  CAFE,3,0,3,2,1
5514,"CONE, LLC",14,6,8,7,7
5515,CONFECTION CONNECTION TOO,5,2,3,3,2
5516,CONGAS,18,3,15,14,4
5517,CONGRESS,9,2,7,8,1
5518,CONGRESS CORPORATION,5,0,5,5,0
5519,CONGRESS PIZZERIA,6,2,4,3,3
5520,CONGRESS THEATRE,2,1,1,2,0
5521,CONN'S CAFE & CATERING INC,21,5,16,10,11
5522,CONNECT THRU CHICAGO,8,2,6,1,7
5523,CONNECTING THE DOTS EARLY LEARNING CENTER,16,6,10,10,6
5524,CONNECTION,8,2,6,5,3
5525,CONNIE'S PIZZA,59,18,41,24,35
5526,CONNIE'S PIZZA MDW,3,1,2,0,3
5527,CONRAD CHICAGO,33,13,20,19,14
5528,CONRAD'S GRILL,5,0,5,3,2
5529,CONSCIOUS PLATES,3,0,3,3,0
5530,CONSTELLATION,4,1,3,2,2
5531,CONTE DI SAVOIA INC,20,11,9,7,13
5532,CONTE DI SAVOIA INC WEST,12,4,8,6,6
5533,CONTE'S PIZZA,18,11,7,6,12
5534,CONTEMPORARY PRESCHOOL LLC,7,0,7,2,5
5535,CONTEMPORARY PRS LLC,3,1,2,2,1
5536,CONTINENTAL CARE CENTER,13,6,7,7,6
5537,CONVENE,26,8,18,13,13
5538,CONVENE AT 311 WEST MONROE,14,4,10,13,1
5539,CONVENIENCE FOR YOU,12,5,7,5,7
5540,"CONVENIENCE JUNCTION,INC.,",2,2,0,1,1
5541,CONVENIENCE STORE,6,3,3,1,5
5542,CONVENIENT ETC,3,1,2,0,3
5543,CONVENIENT FOOD & LIQUOR,3,0,3,2,1
5544,CONVENIENT FOOD MART,30,13,17,18,12
5545,CONVENIENT FOOD MART #99,3,0,3,2,1
5546,CONVENIENT MART,3,1,2,2,1
5547,COOBAH II,6,1,5,4,2
5548,COOGAN'S RIVERSIDE SALOON,5,2,3,2,3
5549,COOK AU VIN,27,10,17,15,12
5550,"COOK BROS., INC.",2,2,0,0,2
5551,COOK ELEMENTARY SCHOOL,23,9,14,8,15
5552,COOKCOUNTY/ CITY OF CHICAGO CHILD DEVELOMENT CENTE,2,1,1,1,1
5553,COOKED CHICAGO,6,3,3,4,2
5554,COOKIE BAR,8,5,3,2,6
5555,COOKIE SPIN,6,2,4,3,3
5556,COOKIE'S COCKTAIL LOUNGE,6,2,4,3,3
5557,COOKIES AND CARNITAS,22,4,18,13,9
5558,COOKIES AND CREAM,2,1,1,1,1
5559,COOKIES BY DESIGN CHICAGO AREA,8,4,4,2,6
5560,COOKIEYUM,2,2,0,1,1
5561,COOKING FOOLS LLC,12,7,5,4,8
5562,COOKING FROM THE SOUL CATERING,2,0,2,0,2
5563,"COOL RUNNINGS CARIBBEAN CUISINE INC.,",3,1,2,2,1
5564,COOL STUFF,6,2,4,2,4
5565,COOPER ELEMENTARY,38,21,17,12,26
5566,COOPER'S,14,2,12,7,7
5567,COOPER'S HAWK WINERY AND RESTAURANT,8,2,6,2,6
5568,COPACUBANA CAFE,4,2,2,2,2
5569,COPERNICUS FOUNDATION,14,8,6,6,8
5570,COPOS DE NIEVE,4,3,1,2,2
5571,COPPER CIRCLE,6,1,5,5,1
5572,COPPER CLUB,3,2,1,0,3
5573,COPPER VINE,7,2,5,4,3
5574,COPPERFIELDS MARKET,3,1,2,2,1
5575,COQ D OR,15,7,8,6,9
5576,COQUITO COCINA PUERTORRIQUENA,8,4,4,4,4
5577,CORALIE COFFEE,6,2,4,5,1
5578,CORCORAN GROCERY,18,7,11,11,7
5579,CORCORAN'S GRILL & PUB,16,5,11,8,8
5580,CORCORANS PANTRY INC,4,0,4,2,2
5581,CORDI - MARIAN CENTER,13,5,8,5,8
5582,CORDIS BROTHERS SUPPER CLUB,5,1,4,4,1
5583,CORE JUICE BAR,7,3,4,3,4
5584,COREY'S NYC BAGEL DELI,18,11,7,8,10
5585,CORINTHIAN YACHT CLUB,20,2,18,12,8
5586,CORK AND KERRY ON 33RD,19,2,17,11,8
5587,CORK LOUNGE,2,0,2,2,0
5588,"CORLISS COZY CORNER RESTAURANT, CORP",2,0,2,1,1
5589,"CORLISS SHELL,  DUNKIN DONUT,MR SUB",6,1,5,5,1
5590,CORNELIA'S RESTAURANT,12,3,9,8,4
5591,CORNELL'S  HOAGIE SHOPPE,4,2,2,2,2
5592,CORNER 41 BAR & GRILL,4,3,1,0,4
5593,CORNER BAKERY CAFE,307,133,174,117,190
5594,CORNER BAKERY CAFE 156,2,0,2,1,1
5595,CORNER BAKERY CAFE 160,2,1,1,1,1
5596,CORNER BAKERY CAFE 167,2,0,2,1,1
5597,CORNER BAKERY CAFE 170,4,0,4,2,2
5598,CORNER CAFE,3,0,3,3,0
5599,CORNER FOOD INC,6,4,2,4,2
5600,CORNER FOOD STORE,2,1,1,1,1
5601,CORNER MARKET INC,2,1,1,1,1
5602,CORNER SHOP 1,13,5,8,8,5
5603,CORNER SHOP INC.,6,3,3,2,4
5604,CORNER STORE,6,4,2,2,4
5605,CORNERSTONE CAFE,19,5,14,10,9
5606,CORNERSTONE CAFE-LINCOLN PARK,17,6,11,11,6
5607,CORNERSTONE CHILD CARE,14,4,10,4,10
5608,CORNERSTONE COMMUNITY OUTREACH,6,3,3,3,3
5609,CORONAS CAFE INC.,14,4,10,9,5
5610,CORONAS COFFEE II,13,6,7,6,7
5611,"CORPORATE CONCIERGE SERVICES, INC.",4,1,3,4,0
5612,CORRIDOR BREWERY AND PROVISIONS,15,4,11,10,5
5613,"CORTFIELD SERVICES, INC",4,3,1,3,1
5614,CORTLAND'S GARAGE,24,9,15,14,10
5615,COSI,77,30,47,38,39
5616,COSINA GRILL INC,3,3,0,1,2
5617,COSMIC CAFE,3,0,3,1,2
5618,"COSS FOODS, INCORPORATED",4,1,3,2,2
5619,COSTA ALEGRE,2,0,2,2,0
5620,COSTA VIDA,8,4,4,4,4
5621,COSTAS,2,1,1,1,1
5622,COSTCO WHOLESALE # 1107,23,12,11,6,17
5623,COSTELLO'S  SANDWICHES,12,5,7,5,7
5624,COSTELLO'S SANDWICHES,10,5,5,4,6
5625,COSTELLO'S SANDWICHES & SIDES,5,0,5,3,2
5626,COSTERA,2,0,2,0,2
5627,"COTE DU RHONE, LLC",6,2,4,4,2
5628,COTTAGE FOOD MART,6,0,6,6,0
5629,"COTTAGE FOOD PANTRY, INC",2,0,2,2,0
5630,COTTAGE GROVE CONVENIENT,2,0,2,0,2
5631,COTTAGE GROVE FOOD MART,2,0,2,1,1
5632,"COTTAGE GROVE GROCERY, INC.",3,1,2,1,2
5633,"COTTAGE GROVE MEAT & GROCERY, INC",4,2,2,0,4
5634,COTTAGE GROVE PANTRY,3,0,3,2,1
5635,COUGAR FUEL,5,1,4,1,4
5636,COUNCIL OAK MONTESSORI,10,7,3,2,8
5637,COUNTRY CLUB,13,6,7,3,10
5638,COUNTRY CORN,5,1,4,4,1
5639,COUNTRY HOUSE,5,4,1,1,4
5640,COUNTRY HOUSE-MAIN,10,5,5,2,8
5641,COUNTRY SUPER MARKET INC,2,0,2,1,1
5642,COUNTY BARBEQUE,12,5,7,7,5
5643,COUNTY BBQ,14,2,12,9,5
5644,COUNTY FAIR FOODS,25,5,20,9,16
5645,COURAGEOUS BAKERY,2,1,1,1,1
5646,COURT HOUSE CITGO,6,3,3,4,2
5647,"COURTWAY RESTAURANT, L.L.C.",5,1,4,2,3
5648,COURTYARD BY MARRIOTT,30,12,18,13,17
5649,COUSCOUS RESTARURANT,22,8,14,12,10
5650,COUSIN'S GRILL,21,12,9,10,11
5651,COUSIN'S INCREDIBLE VITALITY,3,1,2,2,1
5652,COUSINS FAST FOOD,2,0,2,2,0
5653,COUSINS PIZZA,2,0,2,1,1
5654,COUSINS SUBS,6,1,5,6,0
5655,COUSTA COFFEE,5,2,3,4,1
5656,COVENANT ACADEMY,3,1,2,2,1
5657,COVENANT HOME OF CHICAGO,12,4,8,6,6
5658,COYOACAN MEXICAN GRILL,3,1,2,1,2
5659,COYOTE TACOZ,2,0,2,1,1
5660,COYOTES PIZZA,2,0,2,2,0
5661,"COYOTES RESTAURANT, INC.",23,8,15,9,14
5662,COZY CORNER CHILDCARE,8,3,5,2,6
5663,COZY CORNER DINER & PANCAKE HOUSE,20,9,11,8,12
5664,COZY CORNER DINER AND PANCAKE HOUSE,13,5,8,3,10
5665,"COZY CORNER DINER AND PANCAKE HOUSE, INC",9,3,6,3,6
5666,COZY CORNER MART,2,0,2,1,1
5667,COZY CORNER RESTAURANT,14,1,13,8,6
5668,COZY NOODLES & RICE,16,8,8,7,9
5669,CRAB BUCKET ! LLC,5,1,4,3,2
5670,CRAB ISLAND SEAFOOD MARKET,7,3,4,4,3
5671,"CRAB KING LAKEVIEW, INC",3,0,3,3,0
5672,CRACKED ON MILWAUKEE,9,3,6,6,3
5673,CRAFT & BARREL,2,0,2,1,1
5674,CRAFT PIZZA,12,1,11,8,4
5675,CRAFTS  SERVICE,4,0,4,3,1
5676,CRAFTY CAFE,15,6,9,14,1
5677,CRAGIN FRESH MARKET,3,1,2,2,1
5678,CRAGIN PUBLIC COFFEE,4,2,2,3,1
5679,CRANDON SUPERMARKET,7,4,3,2,5
5680,CRANE HIGH SCHOOL,22,11,11,8,14
5681,CRATER FOOD & LIQUOR,7,4,3,5,2
5682,CRAVE B2B,12,3,9,8,4
5683,"CRAVE KABOB, INC",12,6,6,4,8
5684,CRAVES   CAFE,3,1,2,1,2
5685,CRAVIN CHICAGO WINGS,3,1,2,2,1
5686,CRAWFORD'S CORNER,4,1,3,3,1
5687,CRAWFORDS,8,2,6,5,3
5688,CRAZY  MARGARITA'S,2,1,1,1,1
5689,CRAZY BIRD,11,2,9,9,2
5690,CRAZY CALABRESE,9,1,8,7,2
5691,CRAZY CHICKENS,3,1,2,2,1
5692,CRAZY CRAB,3,0,3,2,1
5693,CRAZY CRAVINGS,3,0,3,2,1
5694,CRAZY PHILLY'S,4,0,4,3,1
5695,CRAZY POT,2,2,0,1,1
5696,CRAZYMIX,3,1,2,2,1
5697,CREAMERIA LA ORDENA #1 LLC,2,1,1,1,1
5698,CREATIVE CITGO,2,1,1,1,1
5699,CREATIVE COWORKING LLC,3,0,3,3,0
5700,CREATIVE KIDS DAYCARE CENTER #2,4,1,3,1,3
5701,CREATIVE KIDS DAYCARE CENTER INC.,11,2,9,5,6
5702,"CREATIVE KIDZ LEARNING CENTER, INC.",15,5,10,7,8
5703,"CREATIVE LITTLE ONES ACADEMY, INC.",15,5,10,4,11
5704,"CREATIVE LITTLE ONES CHILD CARE, INC",9,0,9,4,5
5705,CREATIVE LITTLE ONES PRE-SCHOOL INC.,16,6,10,5,11
5706,CREATIVE MANSION CHLDRN'S ACDY,6,3,3,1,5
5707,CREATIVE MINI MARKET,3,2,1,3,0
5708,CREATIVE SCHOLARS PRESCHOOL,14,12,2,2,12
5709,CREATIVE TURKEY CUISINE,2,2,0,2,0
5710,CREATIVE YUM,2,1,1,1,1
5711,CREATIVO!,16,4,12,4,12
5712,CREED ON LAKE,5,2,3,2,3
5713,CREGENDO SALUDABLE,3,1,2,3,0
5714,CREMA SHOP,2,1,1,1,1
5715,CREME DE LA CREME,15,4,11,6,9
5716,CREMERIA LA ORDENA,7,1,6,3,4
5717,CREMERIA LA ORDENA #2,11,5,6,4,7
5718,CREMERIA LA ORDENA #3 LLC,7,2,5,4,3
5719,CREMERIA SANTA MARIA,5,2,3,4,1
5720,CREMERIA SANTA MARIA #2,3,0,3,3,0
5721,"CREMERIA SANTA MARIA, INC",33,8,25,20,13
5722,CREOLE SOUL,4,1,3,2,2
5723,CREPE  CRAVE,4,3,1,2,2
5724,CREPE BISTRO,12,7,5,5,7
5725,CREPE HOUSE CAFE,11,1,10,6,5
5726,CREPE TWIST,3,1,2,1,2
5727,CREPERIA NUEVO LEON,7,2,5,4,3
5728,CREPERIE DE PARIS,6,2,4,3,3
5729,CREPES A LATTE THE CAFE,3,2,1,1,2
5730,CRERAR CAFE,3,1,2,3,0
5731,CRESCENT CONVENIENT STORE,2,0,2,2,0
5732,CRESPO FOOD & LIQUOR,4,0,4,3,1
5733,CREW BAR & GRILL,10,6,4,2,8
5734,CRIO,23,6,17,14,9
5735,CRISP,26,9,17,19,7
5736,CRISPY CHICKS,2,0,2,1,1
5737,CRISPY CHRIS,3,1,2,3,0
5738,CRISPY CRUNCHY FISH & CHICKEN,2,1,1,2,0
5739,CRISPY PIZZA,3,2,1,2,1
5740,CRISPY'S,4,1,3,3,1
5741,CRISTIS,3,2,1,2,1
5742,CRISTO REY JESUIT HIGH SCHOOL,19,8,11,8,11
5743,CRMD Ice Cream,3,2,1,2,1
5744,CROATIAN CULTURAL CENTER OF CHICAGO,12,8,4,5,7
5745,CROFTON ON WELLS,2,1,1,1,1
5746,CROSBY'S KITCHEN,16,10,6,5,11
5747,CROSSROADS PUBLIC HOUSE,17,7,10,10,7
5748,CROSSTOWN FITNESS,7,2,5,4,3
5749,CROWBAR LOUNGE,16,7,9,6,10
5750,CROWN DAYCARE CENTER,10,3,7,4,6
5751,CROWNE PLAZA CHICAGO - THE SILVERSMITH HOTEL,3,1,2,2,1
5752,CRU CAFE & WINE BAR LTD,2,1,1,1,1
5753,CRUMB/COOP SAUCE,10,6,4,4,6
5754,CRUMBL AT BRICKYARD,2,0,2,2,0
5755,CRUMBL COOKIES,9,3,6,4,5
5756,CRUMBL COOKIES CHICAGO OLD TOWN,2,0,2,2,0
5757,CRUMBS BAKE SHOP,15,3,12,9,6
5758,CRUMBS WEST MADISON LLC,4,2,2,2,2
5759,CRUNCH FITNESS,3,0,3,3,0
5760,CRUSH,3,1,2,2,1
5761,CRUSHED BY GIANT,9,1,8,4,5
5762,CRUSHED PIZZERIA,9,2,7,5,4
5763,CRUST EAT REAL,5,3,2,2,3
5764,CRUZ BLANCA AND LENA BRAVA,10,5,5,4,6
5765,CRUZ BLANCA BREWERY & TAQUERIA  AND LENA BRAVA,2,1,1,1,1
5766,CRYSTAL BALLROOM/PLAZA BALLROOM,17,10,7,4,13
5767,CRYSTAL FOOD MART,2,0,2,2,0
5768,CRYSTAL GARDEN,11,5,6,4,7
5769,CRYSTAL KOREAN RESTAURANT,2,1,1,1,1
5770,CS POSIBLE,3,0,3,2,1
5771,CSJ GASMART,2,1,1,1,1
5772,CTA CHICAGO TACO  AUTHORITY,8,5,3,5,3
5773,CUACO RESTAURANT,19,3,16,16,3
5774,CUB FOODS,2,0,2,2,0
5775,CUBA 312,18,4,14,13,5
5776,CUBANEO,6,1,5,3,3
5777,CUBANITO EXPRES,2,1,1,1,1
5778,CUBANO BROS.,5,1,4,4,1
5779,CUBBIE DOGGS,2,1,1,2,0
5780,CUBBY BEAR LOUNGE LTD,32,13,19,18,14
5781,CUBBY'S RED HOTS,2,1,1,1,1
5782,CUCINA 3 INC,7,0,7,6,1
5783,CUCKOO,3,3,0,0,3
5784,CUDDLE CARE,26,11,15,9,17
5785,CUENCA'S BAKERY & GROCERIES,19,9,10,6,13
5786,CUERNAVACA BAKERY,20,8,12,12,8
5787,CUERNAVACA RESTAURANT INC,39,9,30,21,18
5788,CUETZALA GRO. RESTAURANT,17,6,11,6,11
5789,CUGINI PIZZA & EATERY,8,3,5,4,4
5790,CULICHI TOWN,16,2,14,14,2
5791,CULINARY CLUB CORPORATION,3,1,2,2,1
5792,CULLEN'S BAR & GRILL,6,2,4,6,0
5793,CULLINAN'S STADIUM CLUB,14,6,8,7,7
5794,CULTIVATE BY FORBIDDEN ROOT,9,2,7,6,3
5795,CULTURE,4,1,3,2,2
5796,CULVER'S,7,2,5,2,5
5797,CULVER'S OF CHICAGO PULLMAN,3,1,2,2,1
5798,CULVER'S OF CHICAGO RAVENSWOOD,6,1,5,4,2
5799,CULVER'S OF CHICAGO WRIGLEYVILLE,2,0,2,1,1
5800,CULVER'S OF MIDWAY,5,1,4,2,3
5801,CUMIN RESTAURANT,18,9,9,8,10
5802,CUNA  SUPPER  CLUB,6,0,6,4,2
5803,CUP & SPOON,6,2,4,2,4
5804,CUPBOARD FOOD & LIQUOR,3,0,3,2,1
5805,CUPBOP & RAMEN,8,1,7,6,2
5806,CUPCAKE GANGSTERS,4,1,3,2,2
5807,CUPCAKES,2,0,2,2,0
5808,CUPCAKES FOR COURAGE,5,2,3,2,3
5809,CUPID CANDIES INC,2,1,1,1,1
5810,CUPITOL,7,3,4,3,4
5811,CUPITOL COFFEE & EATERY,15,4,11,10,5
5812,CURIO CAFE,3,0,3,2,1
5813,CURIOUS,3,1,2,2,1
5814,CURLY'S DELI MART,7,0,7,4,3
5815,CURRENCY EXCHANGE CAFE,7,3,4,3,4
5816,CURRENCY EXCHANGE CAFE/BING,14,5,9,9,5
5817,CURRENTS ON THE RIVER,6,1,5,3,3
5818,CURRIE BOY CATERING,3,3,0,1,2
5819,CURRIED,11,5,6,5,6
5820,CURRIED LAKEVIEW,2,0,2,1,1
5821,CURRUMBA COLOMBIAN FOOD,9,1,8,4,5
5822,CURRY CATERING,14,4,10,7,7
5823,CURRY ON FIRE,10,5,5,5,5
5824,CURRY POINT,15,3,12,8,7
5825,"CURRY THEORY,JALEBI BABU,CHOWRASTA CAFE",2,2,0,1,1
5826,CURTIS ELEMENTARY MODULAR,23,13,10,10,13
5827,CURTIS ELEMENTARY SCHOOL,25,16,9,9,16
5828,CUTIE PIE'S KITCHEN,20,5,15,12,8
5829,CV'S GRILL,2,0,2,2,0
5830,CVS PHARMACY # 5987,8,5,3,3,5
5831,CVS PHARMACY #11402,2,1,1,0,2
5832,CVS PHARMACY #2862,3,2,1,0,3
5833,CVS PHARMACY #2935,5,3,2,2,3
5834,CVS PHARMACY #4094,5,2,3,1,4
5835,CVS PHARMACY #4189,4,2,2,1,3
5836,CVS PHARMACY #5394,4,0,4,0,4
5837,CVS PHARMACY #5989,2,1,1,1,1
5838,CVS PHARMACY #7125,4,2,2,3,1
5839,CVS/ PHARMACY  #2845,2,2,0,1,1
5840,CVS/ PHARMACY #8732,3,2,1,2,1
5841,CVS/PHARMACY # 4793,5,3,2,2,3
5842,CVS/PHARMACY #0788,2,1,1,1,1
5843,CVS/PHARMACY #1054,4,2,2,2,2
5844,CVS/PHARMACY #10942,5,1,4,4,1
5845,CVS/PHARMACY #11090,4,1,3,1,3
5846,CVS/PHARMACY #11376,2,1,1,2,0
5847,CVS/PHARMACY #1493,5,1,4,3,2
5848,CVS/PHARMACY #1676,4,2,2,2,2
5849,CVS/PHARMACY #2798,5,2,3,3,2
5850,CVS/PHARMACY #2810,3,2,1,0,3
5851,CVS/PHARMACY #2845,3,1,2,2,1
5852,CVS/PHARMACY #2846,3,0,3,2,1
5853,CVS/PHARMACY #2934,3,2,1,2,1
5854,CVS/PHARMACY #2981,6,2,4,2,4
5855,CVS/PHARMACY #3674,5,2,3,2,3
5856,CVS/PHARMACY #3742,2,0,2,1,1
5857,CVS/PHARMACY #4061,11,5,6,3,8
5858,CVS/PHARMACY #4781,3,1,2,1,2
5859,CVS/PHARMACY #4979,2,0,2,1,1
5860,CVS/PHARMACY #5001,3,1,2,1,2
5861,CVS/PHARMACY #5482,3,2,1,1,2
5862,CVS/PHARMACY #5681,4,3,1,2,2
5863,CVS/PHARMACY #5770,3,0,3,2,1
5864,CVS/PHARMACY #5795,3,1,2,1,2
5865,CVS/PHARMACY #5836,8,2,6,4,4
5866,CVS/PHARMACY #7123,2,1,1,1,1
5867,CVS/PHARMACY #8289,4,3,1,0,4
5868,CVS/PHARMACY #8502,3,1,2,0,3
5869,CVS/PHARMACY #8504,2,0,2,1,1
5870,CVS/PHARMACY #8506,2,0,2,1,1
5871,CVS/PHARMACY #8507,5,1,4,1,4
5872,CVS/PHARMACY #8508,2,2,0,1,1
5873,CVS/PHARMACY #8511,7,3,4,4,3
5874,CVS/PHARMACY #8519,6,3,3,4,2
5875,CVS/PHARMACY #8694,2,1,1,1,1
5876,CVS/PHARMACY #8695,7,4,3,3,4
5877,CVS/PHARMACY #8698,6,2,4,4,2
5878,CVS/PHARMACY #8699,7,5,2,2,5
5879,CVS/PHARMACY #8731,3,1,2,2,1
5880,CVS/PHARMACY #8733,2,1,1,1,1
5881,CVS/PHARMACY #8738,3,0,3,1,2
5882,CVS/PHARMACY #8739,2,0,2,1,1
5883,CVS/PHARMACY #8740,4,1,3,1,3
5884,CVS/PHARMACY #8741,5,2,3,3,2
5885,CVS/PHARMACY #8745,3,1,2,2,1
5886,CVS/PHARMACY #8747,9,5,4,6,3
5887,CVS/PHARMACY #8750,5,3,2,2,3
5888,CVS/PHARMACY #8751,2,0,2,0,2
5889,CVS/PHARMACY #8753,4,2,2,1,3
5890,CVS/PHARMACY #8755,4,2,2,2,2
5891,CVS/PHARMACY #8756,3,1,2,1,2
5892,CVS/PHARMACY #8758,3,2,1,1,2
5893,CVS/PHARMACY #8910,2,1,1,1,1
5894,CVS/Pharmacy #5768,5,1,4,2,3
5895,CY'S CRABHOUSE & SEAFOOD GRILL,5,2,3,4,1
5896,CY'S KING CRAB OYSTER BAR AND GRILL,8,1,7,5,3
5897,CYBER TACO,2,1,1,2,0
5898,CYC DOROTHY GAUTREAUX,16,6,10,2,14
5899,CYDI COMMUNITY YOUTH DEVELOPMENT INSTITUTE,19,7,12,5,14
5900,CYNTHIA'S GUMBO EXPRESS,11,6,5,6,5
5901,CYRANO'S BISTROT AND WINE BAR,7,1,6,5,2
5902,CYRANO'S CAFE ON THE RIVER WALK,4,2,2,2,2
5903,CYRUS H MCCORMICK ELEMENTARY SCHOOL & MOBILE UNIT,19,7,12,7,12
5904,CYRUS H MCCORMICK ELEMENTARY SCHOOL MODULAR,17,9,8,7,10
5905,CYTEE'S FOODON THE GO,3,1,2,2,1
5906,CZERWONE JABLUSZKO REST INC,14,7,7,5,9
5907,CZERWONE JABLUSZKO RESTAURANT,19,9,10,10,9
5908,CZERWONY KAPTUREK,18,6,12,4,14
5909,Cafe 200 @ Aon Center Chicago,2,1,1,1,1
5910,Cafe 608,2,0,2,1,1
5911,Cafe Central,11,2,9,3,8
5912,"Cafe Europa, Inc.",7,2,5,3,4
5913,Cafe Gastronomo,2,0,2,1,1
5914,Cafe Latin Bliss,21,6,15,10,11
5915,Cafe Marbella,4,1,3,2,2
5916,Cafe Soroni,5,1,4,2,3
5917,Cafe Versace,6,2,4,4,2
5918,Caldwell Liquor,6,5,1,3,3
5919,Calhoun North,7,5,2,3,4
5920,"Calo Lounge, Inc.",18,13,5,3,15
5921,Cameron Elementary,22,12,10,7,15
5922,Campeche Cuisine,6,3,3,3,3
5923,Canteen @ Daley College,9,3,6,3,6
5924,Canteen @ Dawson Tech Outtakes,2,1,1,2,0
5925,Canteen @ Malcolm X College,9,4,5,3,6
5926,Canteen @ Olive-Harvey College,7,3,4,3,4
5927,Canteen @ Truman College,12,5,7,7,5
5928,Canteen @ West Side Tech Institute,9,3,6,4,5
5929,Canteen @ Wright College,9,5,4,3,6
5930,Canter Middle,23,8,15,9,14
5931,Canty Branch,12,2,10,7,5
5932,Capriotti's Sandwich Shop,12,5,7,6,6
5933,Captain Hooks Fish & Chicken,5,2,3,1,4
5934,Carnegie,21,6,15,6,15
5935,Carniceria Y Taqueria El Chapin,4,0,4,3,1
5936,Carnicerias Guanajuato,9,2,7,4,5
5937,Carnivale Restaurant,19,7,12,10,9
5938,Carnivore Company,4,1,3,3,1
5939,Carole Robertson Center for Learning,45,16,29,19,26
5940,Carpenter,4,3,1,1,3
5941,Carriage House,10,5,5,4,6
5942,Carson (New),17,9,8,3,14
5943,Carson (Old),20,11,9,6,14
5944,Carter,24,10,14,12,12
5945,Carver Military Academy,24,9,15,11,13
5946,Carver Primary/WHEATLEY/CARVER C.P.C.,21,8,13,10,11
5947,Casa De Luna Mexican Grill,4,3,1,2,2
5948,Caspian Cafe,7,4,3,2,5
5949,Cassell,21,10,11,9,12
5950,Catherine's Place,9,2,7,7,2
5951,Center Factory (N Jefferson),2,1,1,1,1
5952,Central Kitchen And Tap,13,6,7,6,7
5953,Central/West Center,16,6,10,3,13
5954,Charley Noble,4,1,3,2,2
5955,Charminar Fine Dining & Grill,23,5,18,19,4
5956,Chartwell @ St. Xavier University,9,3,6,3,6
5957,Chartwells,2,2,0,0,2
5958,Chartwells @ DePaul University,25,11,14,10,15
5959,Chartwells @ Kennedy King College ARTIUM CAFE,9,2,7,4,5
5960,Chartwells @ Regina Hall,3,2,1,1,2
5961,Chartwells @ St. Xavier University,3,0,3,2,1
5962,Chartwells Thompson,11,6,5,5,6
5963,Chartwells Thompson HOSPITALITY,10,4,6,3,7
5964,Chartwells Thompson Hospitality,10,7,3,3,7
5965,Chavez Upper Grade Center,19,10,9,6,13
5966,CheSa's Bistro & Bar,6,1,5,6,0
5967,Checkers,2,1,1,1,1
5968,"Checkers Drive-In Restaurants,Inc.",6,2,4,4,2
5969,Chef Burger Bistro,7,2,5,3,4
5970,Chen's Kitchen,7,1,6,6,1
5971,Chgo Voc. C.V.C  (H/S),27,12,15,15,12
5972,Chi Pie Pizza,2,0,2,1,1
5973,Chicago  Ave  Discount  Store,2,1,1,1,1
5974,Chicago  Lighthouse,2,1,1,1,1
5975,Chicago Academy Elementary School,17,9,8,2,15
5976,Chicago Academy High School,18,11,7,2,16
5977,Chicago Academy for the Arts,13,9,4,5,8
5978,Chicago Agricultural  (H/S),21,12,9,9,12
5979,Chicago Ave Foods,3,1,2,2,1
5980,"Chicago Ave. Grocery, Inc",4,0,4,3,1
5981,Chicago Coffee House,3,2,1,2,1
5982,"Chicago Concessions Palace, Inc.",2,1,1,1,1
5983,Chicago DQ Grill and Chill,21,8,13,9,12
5984,Chicago Food Mart,2,1,1,2,0
5985,Chicago Grammar School,7,3,4,3,4
5986,Chicago Hilton & Towers,12,7,5,2,10
5987,Chicago Homewood Suites,4,2,2,2,2
5988,Chicago Ice Cream Company,2,0,2,2,0
5989,Chicago International Charter School,10,5,5,1,9
5990,Chicago Math and Science Academy,19,8,11,6,13
5991,Chicago Montessori,13,8,5,3,10
5992,Chicago O'Hare Marriott Hotel,4,2,2,1,3
5993,Chicago Prep Master Tenant LLC,6,0,6,4,2
5994,Chicago Restaurant Business Inc,2,0,2,2,0
5995,Chicago Seventh Day Adventist,6,2,4,2,4
5996,Chicago's Best Tacos & Wing's,2,1,1,1,1
5997,Chicago's Blarney Stone,16,5,11,8,8
5998,Chicago's Pizza,20,8,12,6,14
5999,Chicagoland CommissaryLLC/Dunkin Donuts,3,1,2,3,0
6000,"Chicagoland Deli International, Inc",11,5,6,3,8
6001,Chick-fil-A at Michigan Avenue (IL) In-Line,3,0,3,1,2
6002,Chicken 1-2-3,3,1,2,2,1
6003,Chicken Planet,3,1,2,1,2
6004,Chico's Sports Bar & Grill,2,2,0,1,1
6005,Children of Peace Holy Trinity,16,6,10,4,12
6006,Children's Graden Child Development Center,2,1,1,1,1
6007,Children's Holistic Integrated,6,2,4,2,4
6008,Children's Palace Daycare,9,5,4,3,6
6009,Chili Pepper Mexican Grill,4,1,3,4,0
6010,Chili's- G Concourse,28,11,17,8,20
6011,China Grill,3,2,1,1,2
6012,China Wok Restuarant,21,10,11,9,12
6013,Chinese Yan Bian Herbs,2,2,0,0,2
6014,Chipotle Mexican Grill,142,51,91,48,94
6015,Chipotle Mexican Grill #4272,4,0,4,2,2
6016,Chizakaya,8,2,6,4,4
6017,Chop Suey Huang,12,3,9,10,2
6018,Chopin,22,10,12,6,16
6019,Christian Fields Style  Bar,9,5,4,4,5
6020,Christopher House,17,8,9,4,13
6021,Christopher School,23,9,14,9,14
6022,Churro Factory Inc,15,8,7,7,8
6023,Ciao Amore,14,3,11,10,4
6024,Ciao! Cafe,25,5,20,16,9
6025,"Cicero Quick Stop, Inc",3,1,2,2,1
6026,Circle K,2,0,2,2,0
6027,CitizenM Chicago Downtown Hotel,3,3,0,0,3
6028,City Grocery,5,0,5,4,1
6029,Claremont Academy,18,7,11,5,13
6030,Clay,19,10,9,5,14
6031,Clemente Comm  (H/S),31,11,20,16,15
6032,ClimbZone,9,2,7,5,4
6033,Clinton Annex,3,0,3,2,1
6034,Clissold,23,8,15,8,15
6035,Cockrell C.P.C.,7,4,3,3,4
6036,CocoBar LLC,2,0,2,2,0
6037,Coconut Jerk Hut,2,1,1,1,1
6038,Coleman's Barbeque 2 LLC,16,6,10,6,10
6039,"Colemon, Johnnie",17,8,9,2,15
6040,Collaboration Cafe,7,3,4,4,3
6041,Columbia Explorers,19,7,12,6,13
6042,Columbus,16,6,10,2,14
6043,Columbus Restaurant & Bar,6,2,4,4,2
6044,"Compass Group USA, Inc. at Kimberly Clark Chicago",2,0,2,1,1
6045,Congress Pizza,31,12,19,15,16
6046,Cook It Mama,3,1,2,2,1
6047,Cooked Chicago,16,3,13,9,7
6048,Copernicus,2,0,2,1,1
6049,Corliss (H/S),23,8,15,10,13
6050,Costco Wholesale # 380,27,16,11,10,17
6051,Cottage Grove Corner Pantry Express,5,2,3,5,0
6052,Courtenay Spec. Ed,8,4,4,3,5
6053,Covo Gyro Market,4,1,3,2,2
6054,Cozy Corner Restaurant and Pancake House,10,1,9,6,4
6055,Crabbby  Kim's,10,4,6,5,5
6056,Creme De La Creme,2,1,1,1,1
6057,Crepe Town,13,5,8,6,7
6058,Crowne Plaza Chicago Metro,21,9,12,9,12
6059,Cuates Grocery,2,0,2,1,1
6060,Cubs Bar & Grill,6,1,5,2,4
6061,Cuernavaca Bakery,6,3,3,4,2
6062,Cullen,20,9,11,6,14
6063,Cumin Restaurant LV,2,0,2,2,0
6064,Curie Metro. (H/S),20,10,10,7,13
6065,Custom House,7,3,4,4,3
6066,Cyto Fuels,3,1,2,2,1
6067,D & A FOOD & LIQUOR,3,1,2,2,1
6068,D & A FOOD MART,2,1,1,1,1
6069,D & D DISTRIBUTORS OF CHICAGO,2,1,1,1,1
6070,D & D FOOD MARKET INC,2,1,1,2,0
6071,"D & D FOOD, WINE & LIQOUR",6,1,5,4,2
6072,D & D WINE & SPIRITS,3,2,1,1,2
6073,D & D'S PLACE,10,3,7,7,3
6074,"D & J  CONVENIENT MARKET,INC.",4,1,3,4,0
6075,D & J FRIED RICE INC.,8,3,5,4,4
6076,D & L SNACK SHOP,6,4,2,2,4
6077,D & N FRIED RICE INC,4,1,3,1,3
6078,D & O FOOD & LIQUOR,3,1,2,2,1
6079,D & S MINI MART,2,0,2,1,1
6080,D AND D FRESH FOOD LLC,4,1,3,1,3
6081,D AND M CAFE,11,3,8,6,5
6082,D AND Y GROCERY,14,3,11,9,5
6083,D ARCO'S PIZZA INC.,11,2,9,7,4
6084,D ARCOS PIZZA RESTAURANT,12,8,4,3,9
6085,D CHILE,13,2,11,6,7
6086,D CUISINE,10,3,7,7,3
6087,D FRUTA LA VIDA,2,1,1,2,0
6088,D FRUTA LA VIDA LLC,11,5,6,5,6
6089,D J SUB,5,2,3,1,4
6090,"D TRAIN FOOD MART, INC",13,4,9,10,3
6091,D&D CONVENIENCE STORE INC,2,0,2,1,1
6092,D' CANDELA,24,7,17,14,10
6093,D' LUNA RESTAURANT INC.,4,0,4,4,0
6094,D' S HOUSE,8,2,6,4,4
6095,D'ABSOLUTE RESTAURANT & CATERING,21,9,12,12,9
6096,"D'AGOSTINO AUTO SERVICE 4, INC.",3,0,3,2,1
6097,D'AGOSTINO'S II,18,6,12,9,9
6098,D'AGOSTINOS PIZZA,31,13,18,17,14
6099,D'ANARDO,10,5,5,1,9
6100,D'CANDELA,3,1,2,1,2
6101,D'CUBA,21,5,16,13,8
6102,D'GIGIO'S PIZZERIA,19,4,15,11,8
6103,D'NUEZ,20,8,12,14,6
6104,D'S,3,0,3,3,0
6105,D'S BEEF & FRIED RICE,11,4,7,4,7
6106,D'S HOUSE,2,1,1,0,2
6107,D'S PIZZERIA & RESTAURANT,4,1,3,4,0
6108,D-4 RESTAURANT,18,9,9,5,13
6109,D-BENNY GRILL,12,5,7,4,8
6110,D.A.'S Deli & Catering,2,1,1,1,1
6111,D.C.S  FOODS,5,1,4,4,1
6112,D.O.C. WINE BAR,9,2,7,3,6
6113,D.P. DOUGH,2,1,1,2,0
6114,D4 IRISH PUB & CAFE,21,10,11,9,12
6115,DA CATCH FISH & CHICKEN,5,3,2,2,3
6116,DA FRESH MARKET,3,2,1,2,1
6117,DA HIT BBQ & JERK,6,0,6,3,3
6118,DA JSE JUNG,10,6,4,5,5
6119,DA LOBSTA,29,11,18,15,14
6120,DA LOBSTA FRENCH MARKET,4,2,2,2,2
6121,DA LOBSTA LAKE VIEW,2,1,1,1,1
6122,DA LOBSTA RIVER NORTH,8,1,7,4,4
6123,"DA LOBSTA RIVER NORTH, LLC",3,1,2,2,1
6124,DA PIZZA DUDE,14,5,9,9,5
6125,DA STORE,6,2,4,3,3
6126,DA-DA'S INC,3,0,3,3,0
6127,DAATA DARBAR FAMILY RESTAURENT,2,0,2,2,0
6128,DAATA DARBAR RESTAURENT,24,4,20,18,6
6129,DAB-QUIZNOS-SUB,6,4,2,2,4
6130,DABBLE,3,0,3,3,0
6131,DABOBA,2,1,1,1,1
6132,DADDY COOL'S,7,2,5,4,3
6133,DADDY'O JERK RESTAURANT,23,2,21,18,5
6134,DADDY'S PIZZA,4,3,1,2,2
6135,"DADO FOOD MART, INC.",4,1,3,3,1
6136,DADY MART FOOD & LIQUOR,8,3,5,4,4
6137,DAEBAK KOREAN BBQ,15,7,8,6,9
6138,DAEEBAK KOREAN BBQ WP,2,0,2,1,1
6139,DAGUAN NOODLE,6,3,3,4,2
6140,DAIFUKU RAMEN,6,4,2,2,4
6141,DAILOW FOOD,2,1,1,1,1
6142,DAILY BAGEL SHOP,3,0,3,2,1
6143,DAILY FOOD & LIQUOR,4,2,2,1,3
6144,DAILY FOOD & LIQUOR INC,5,2,3,3,2
6145,DAILY FOOD GOURMET LLC,2,1,1,1,1
6146,DAILY FOOD MARKET INC,2,0,2,1,1
6147,DAILY GRIND,4,1,3,2,2
6148,DAILY MEAT SUPPLY INC,2,1,1,1,1
6149,DAILY NEWS,3,2,1,0,3
6150,DAIRY QUEEN,7,0,7,5,2
6151,DAIRY QUEEN BRAZER,20,15,5,4,16
6152,DAIRY QUEEN LINCOLN PARK,9,5,4,4,5
6153,DAIRY QUEEN ORANGE JULIUS,2,0,2,2,0
6154,DAISIES,9,4,5,3,6
6155,DAISY GROCERIES,2,1,1,2,0
6156,DAISY'S CARWASH AND GAS,6,4,2,3,3
6157,DAISY'S PO'BOY AND TAVERN,4,1,3,2,2
6158,DAK,17,3,14,8,9
6159,DAKOTA 94,7,4,3,3,4
6160,DAKSHIN,5,0,5,4,1
6161,DAKSHIN INDIAN RESTUARANT,2,0,2,2,0
6162,DAL PAENG YI  REST,19,11,8,5,14
6163,DALAL FOOD W LIQUOR INC,3,2,1,1,2
6164,DALE VIDA A TU CUERPO,2,0,2,2,0
6165,DALEY COLLEGE,6,3,3,2,4
6166,DALEY'S RESTAURANT,11,3,8,4,7
6167,"DALIA FOOD MARKET, INC.",4,2,2,2,2
6168,"DALIA'S BUSY BEE ACADEMY, INC.",13,6,7,4,9
6169,DALLAS RESTAURANT,13,9,4,3,10
6170,DAMAOJIA,4,0,4,3,1
6171,DAMATO BAKERY #1,24,6,18,19,5
6172,DAMEN & AUGUSTA FOOD,2,1,1,0,2
6173,DAMEN C INC,4,0,4,2,2
6174,DAMEN CITGO,4,1,3,4,0
6175,"DAMEN DOLLAR PLUS, INC.",2,1,1,1,1
6176,DAMEN FOOD MARKET,7,2,5,6,1
6177,DAMEN FOOD MART,4,1,3,2,2
6178,"DAMEN FOOD MART, INC",3,0,3,2,1
6179,DAMEN FOODS,2,1,1,1,1
6180,DAMEN FUEL,2,1,1,1,1
6181,DAMENZO'S,6,0,6,4,2
6182,DAMENZO'S INC,33,12,21,13,20
6183,DAMENZO'S RISTORANTE,14,4,10,7,7
6184,DAMM DONUTS & SWEETS,3,1,2,2,1
6185,DAMM DONUTS & SWEETS # 2,4,1,3,3,1
6186,DAMN FINE COFFEE BAR,5,2,3,2,3
6187,DAMON & 55TH MARKET,5,2,3,3,2
6188,DAN'S BAKERY& EATERY,23,8,15,6,17
6189,DAN'S HOT DOG STAND,9,4,5,4,5
6190,DANA CAFE,5,1,4,4,1
6191,DANA HOTEL AND SPA,19,7,12,13,6
6192,DANANG KITCHEN,5,1,4,4,1
6193,DANARDOS PIZZA,4,1,3,3,1
6194,"DANCEN GRILL RESTAURANT, INC.",13,3,10,8,5
6195,DANDANA INC.,16,5,11,11,5
6196,DANFORTH HOUSE,14,6,8,4,10
6197,DANIA FOOD MART INC.,4,0,4,4,0
6198,"DANIA GYRO'S, INC.",4,2,2,1,3
6199,DANIEL GROCERY,4,2,2,0,4
6200,DANIEL J CORKERY SCHOOL,20,10,10,6,14
6201,DANIEL S. WENTWORTH ANNEX,13,6,7,4,9
6202,DANIEL S.WENTWORTH (MAIN),13,4,9,4,9
6203,DANIEL WILLIAM HALE,20,8,12,5,15
6204,DANIELLA'S TAMALES,2,0,2,2,0
6205,"DANISH GAS & FOOD MART, INC",9,2,7,7,2
6206,DANK HAUS GERMAN AMERICAN CULTURAL CENTER,21,9,12,7,14
6207,DANKE MARKET,8,2,6,3,5
6208,DANNY'S BUY LOW,2,0,2,1,1
6209,DANNY'S EGGHEAD INC.,7,4,3,1,6
6210,DANNY'S FRESH MARKET,12,5,7,7,5
6211,DANNY'S GROCERY,2,0,2,1,1
6212,DANNY'S MINI STORE,2,1,1,1,1
6213,DANNY'S PIZZA,24,14,10,9,15
6214,DANNY'S PIZZA PLACE,11,4,7,3,8
6215,DANNYS TACOS #2,3,1,2,2,1
6216,"DANTE'S PIZZA,INC.",21,12,9,11,10
6217,"DANTE'S PIZZERIA, INC",12,3,9,4,8
6218,DANY'S TACO'S,9,4,5,5,4
6219,DANY'S TACOS,4,1,3,3,1
6220,DAO THAI RESTRAUNT,21,8,13,8,13
6221,DAPPER'S EAST RESTAURANT,25,13,12,10,15
6222,DARCY'S DOGS & SHRIMP SHACK,2,1,1,1,1
6223,DARK MATTER COFFEE,9,5,4,1,8
6224,DARK MATTER COFFEE LLC.,4,2,2,1,3
6225,DARKCLOUD,3,2,1,2,1
6226,DARRIN FRESH FOOD AND LIQUOR,3,1,2,3,0
6227,DARRIN'S LLC,5,2,3,2,3
6228,DARRINS FRESH FOOD LLC,3,2,1,2,1
6229,DARTH VAPOR INC,2,1,1,1,1
6230,DASH OF SALT AND PEPPER,7,2,5,4,3
6231,DASHMART / THE CORNER MARKET BY CAVIAR,2,1,1,0,2
6232,DASHTY'S CONVENIENCE STORE,3,0,3,2,1
6233,DASTORKON,11,2,9,8,3
6234,DAT DONUT,23,10,13,11,12
6235,DAT FINEST FLAVA LLC,2,0,2,2,0
6236,"DAT LOCAL MART,",2,1,1,2,0
6237,DATA RESTAURANT,14,4,10,11,3
6238,DATING DUCK FOOD LLC,4,1,3,4,0
6239,DAVANTI ENOTECA CHICAGO,20,11,9,6,14
6240,DAVE & BUSTER'S,17,3,14,12,5
6241,DAVE & BUSTER'S/BAR # 1,2,1,1,0,2
6242,DAVE & BUSTER'S/BOWLING ALLEY,2,0,2,1,1
6243,DAVE & BUSTER'S/EXEC. BILLIARD,3,1,2,1,2
6244,DAVE & BUSTER'S/MAIN DINING RM,5,3,2,2,3
6245,DAVE & BUSTER'S/MIDWAY BAR,3,1,2,1,2
6246,DAVE & BUSTER'S/POOL ROOM,3,2,1,1,2
6247,DAVE & BUSTER/GOLF SIMULA,6,4,2,2,4
6248,DAVE & BUSTER/SPC.EVT.RM,3,2,1,1,2
6249,DAVE FROMANS,3,1,2,2,1
6250,DAVE'S 'S RED HOT,9,6,3,3,6
6251,DAVE'S FOOD MART,6,1,5,2,4
6252,DAVE'S HOT CHICKEN,3,1,2,1,2
6253,DAVE'S ICE CREAM,4,2,2,3,1
6254,DAVEED LIQUOR & FOOD,2,1,1,1,1
6255,DAVEENS AFRICAN FOOD AND GROCERY LLC,2,0,2,1,1
6256,DAVENPORT'S,8,3,5,4,4
6257,DAVID BURKE'S PRIMEHOUSE,15,6,9,5,10
6258,DAVID CASTANEDA,4,0,4,2,2
6259,DAVID G FARRAGUT ACADEMY  H/S,19,6,13,6,13
6260,DAVID JENSON CATERING,6,2,4,4,2
6261,DAVID'S GRILL,18,5,13,7,11
6262,DAVID'S MARKET,11,1,10,9,2
6263,DAVIDS TEA,23,10,13,10,13
6264,DAVIDSON HOTEL COMPANY,7,3,4,3,4
6265,DAVIDsTEA,13,5,8,5,8
6266,DAVILA'S MEXICAN RESTAURANT INC,3,0,3,3,0
6267,DAVILA'S RESTAURANT,5,2,3,3,2
6268,DAVIS ELEMENTARY (ANNEX),20,9,11,6,14
6269,DAVIS HOUSE,16,7,9,5,11
6270,DAVIS THEATER,5,2,3,3,2
6271,DAVITINO'S,3,2,1,2,1
6272,DAWALI JERUSALEM KITCHEN,5,3,2,1,4
6273,DAWALI MEDITERANEAN KITCHEN,6,3,3,4,2
6274,DAWALI MEDITERRANEAN KITCHEN,15,8,7,9,6
6275,DAWES ELEMENTARY,15,5,10,3,12
6276,DAWN,8,2,6,4,4
6277,DAWSON,19,5,14,9,10
6278,DAY & NIGHT DOLLAR & FOOD INC.,4,2,2,3,1
6279,DAY N NIGHT MART,5,1,4,4,1
6280,DAYGLOW,6,0,6,6,0
6281,DAYS INN CHICAGO,6,3,3,3,3
6282,DBA GARRETT POPCORN SHOPS,16,5,11,5,11
6283,"DCRG, INC.",6,2,4,3,3
6284,DDANDAVIS FOOD MART,4,0,4,3,1
6285,DE  MICHAELS MARKET,5,3,2,2,3
6286,DE ARCOS PIZZA & RESTAURANT,25,11,14,10,15
6287,DE BORINCUBA,3,1,2,2,1
6288,DE CACHE FOOD SERVICE INC/LA LAGARTIJA,5,1,4,2,3
6289,DE COLORES,13,4,9,7,6
6290,DE COLORES ICE CREAM INC.,11,4,7,5,6
6291,DE LA RUE,3,2,1,2,1
6292,DE MI TIERRA CHILES SECOS,3,1,2,1,2
6293,DE MUCHO GUSTO TAQUERIA,15,6,9,9,6
6294,DE QUAY,12,6,6,6,6
6295,DEAD LAWYER'S PUB,4,1,3,3,1
6296,DEADBOLT,8,5,3,4,4
6297,"DEAL MART, INC.",2,0,2,1,1
6298,DEALICIOUS INC.,2,1,1,1,1
6299,DEANO'S PIZZERIA,3,1,2,2,1
6300,DEAR MADISON,2,0,2,2,0
6301,DEAR MARGARET,8,3,5,3,5
6302,DEAR SUB,20,6,14,10,10
6303,DEARBORN WHOLESALE GROCERS,2,1,1,1,1
6304,DEBEVIC'S RESTAURANT,6,3,3,1,5
6305,DEBONAIR SOCIAL CLUB,14,4,10,8,6
6306,DEBORAH'S PLACE,18,8,10,5,13
6307,DEBORAH'S PLACE II,15,7,8,3,12
6308,DECADENT CHICAGO,6,1,5,4,2
6309,DECADENT FLAVOR,5,3,2,2,3
6310,DECLAN'S IRISH PUB,19,5,14,12,7
6311,DECOLORES BURRITO JOINT,10,4,6,3,7
6312,DECOLORES RESTAURANT,6,2,4,4,2
6313,DEE DEES KITCHEN,3,1,2,2,1
6314,DEE'S DELI,4,2,2,1,3
6315,DEE'S PLACE,8,2,6,6,2
6316,DEE'S RESTAURANT INC,20,5,15,13,7
6317,DEEN FOOD MART,4,2,2,2,2
6318,DEEP PURPL,28,7,21,19,9
6319,DEEP PURPLE/FONS,4,1,3,1,3
6320,DEEP RED WINE MERCHANTS,4,2,2,2,2
6321,DEFLOURED,10,6,4,3,7
6322,DEJA VU SHOWGIRLS,7,1,6,7,0
6323,DEJURS MADISON CORP/DBA DUNKIN' DONUTS,5,0,5,2,3
6324,DEL BORREGO INC,4,1,3,3,1
6325,DEL CAMPO PIZZERIA,5,2,3,3,2
6326,DEL CAMPOS RESTAURANT,13,7,6,5,8
6327,DEL CARMEN MEXICAN STREET FOOD,3,1,2,2,1
6328,DEL MATTINO MONTESSORI SCHOOL,13,5,8,4,9
6329,DEL PHARMACY-EDWARD MULDROW,3,2,1,2,1
6330,DEL RANCHO MARKET,12,1,11,7,5
6331,DEL REAL BAKERY,10,6,4,5,5
6332,DEL REFUGIO BAKERY,2,0,2,1,1
6333,"DEL REY TORTILLERIA, INC.",3,1,2,2,1
6334,DEL SEOUL,30,11,19,14,16
6335,DEL SOL CATERING,2,0,2,2,0
6336,DEL SUL BAR & GRILL LIMITED,6,2,4,4,2
6337,DEL TORO,10,2,8,8,2
6338,"DEL TORO, LLC",14,5,9,7,7
6339,DEL'S DELI,6,1,5,5,1
6340,DELA LUZ SUPERMERCADO,6,2,4,4,2
6341,DELANO ELEMENTARY,5,4,1,1,4
6342,DELEECE,15,8,7,7,8
6343,DELEITE'S PIZZA AND MEXICAN FOOD LLC,5,2,3,3,2
6344,DELHI DARBAR,13,4,9,7,6
6345,DELHI SPICE INC.,4,0,4,4,0
6346,DELI & MORE,10,5,5,5,5
6347,DELI 219,2,0,2,2,0
6348,DELI BOUTIQUE INC.,7,1,6,3,4
6349,"DELI BOUTIQUE, WINE AND SPIRITS",12,6,6,5,7
6350,DELI FLAVOR,5,2,3,3,2
6351,DELI KING,21,5,16,12,9
6352,DELI KING INC.,3,1,2,2,1
6353,DELI TIME,3,0,3,1,2
6354,"DELI-TIME, L.L.C.",11,7,4,2,9
6355,DELI/STARBUCK'S,16,7,9,5,11
6356,DELICIA CRUCITA CORP.,10,5,5,2,8
6357,DELICIAS,12,6,6,5,7
6358,DELICIAS BRIANNA,4,0,4,3,1
6359,DELICIAS DE GUANAJUATO,2,0,2,1,1
6360,DELICIAS DE MARIA,6,2,4,3,3
6361,DELICIAS DEL RANCHO & ICE CREAM,2,1,1,1,1
6362,DELICIAS ICE CREAM,12,3,9,7,5
6363,DELICIAS LOS SAUCES,4,1,3,2,2
6364,DELICIAS MEXICANA RESTAURANT,20,7,13,10,10
6365,DELICIOUS FAST FOOD,6,1,5,1,5
6366,DELICIOUS MOMENT,6,1,5,5,1
6367,"DELICIOUS PHO, INC.",12,3,9,8,4
6368,DELIGHTFUL  PASTRIES,8,2,6,5,3
6369,DELIGHTFUL PASTRIES,11,7,4,3,8
6370,DELIPAN INC.,6,2,4,2,4
6371,DELIS OF AMERICA,3,0,3,3,0
6372,DELIS OF AMERICA INC,3,1,2,2,1
6373,DELISH DINER,10,1,9,6,4
6374,DELISIAS MEXICANAS #2,6,3,3,3,3
6375,DELITIME L.L.C.,11,5,6,4,7
6376,DELL COVE SPICE CO.,2,1,1,1,1
6377,DELL' ROOSTER,4,0,4,3,1
6378,DELMONICO,32,10,22,16,16
6379,DELMONICO'S GOURMET,6,1,5,2,4
6380,DELOBIAN  FOODS,3,0,3,2,1
6381,DELOBIAN FOODS MARKET,2,1,1,1,1
6382,DELRAY FARMS,2,0,2,2,0
6383,DELTA FOOD,2,1,1,1,1
6384,DELTA SKY CLUB,26,9,17,15,11
6385,DELUXE DINER,23,10,13,10,13
6386,DELVELOPMENTAL INSTITUTE,7,5,2,1,6
6387,DEMERA ETHIOPIAN RESTAURANT,22,5,17,15,7
6388,"DEMERA ETHIOPIAN RESTAURANT, LLC - FRENCH MARKET",3,0,3,2,1
6389,DEMITASSE,18,10,8,8,10
6390,DEMO BREWING COMPANY,2,1,1,1,1
6391,DENA KITCHEN,10,6,4,2,8
6392,DENA'S FOOD,2,0,2,1,1
6393,DENAE'S,3,1,2,2,1
6394,DENAES SNACK SHOP,2,1,1,1,1
6395,DENDEN RESTAURANT,23,6,17,14,9
6396,DENIEKE HOWARD,8,3,5,3,5
6397,DENNIS PIZZA GUZMAN,17,9,8,4,13
6398,DENNIS PIZZA INC.,2,1,1,0,2
6399,DENNIS' B & K,8,1,7,6,2
6400,DENNIS'S CARRY OUT,11,5,6,3,8
6401,DENNY'S DEN,2,0,2,1,1
6402,DENNY'S PIZZA,4,0,4,2,2
6403,DENOVA FRESH MARKET,3,2,1,2,1
6404,DENUCCI'S,2,2,0,0,2
6405,DEOLA'S,5,1,4,5,0
6406,DEPARTMENT OF COFFEE AND  SOCIAL AFFAIRS,3,1,2,3,0
6407,DEPARTMENT OF COFFEE AND SOCIAL AFFAIRS,6,0,6,4,2
6408,"DEPARTMENT OF COFFEE AND SOCIAL AFFAIRS IL, INC",5,0,5,4,1
6409,DEPARTURE NEWS #1724,2,0,2,2,0
6410,DEPASADA RESTAURANT,36,13,23,17,19
6411,DEPAUL COLLEGE PREP FR. GORDON CAMPUS,4,3,1,1,3
6412,DEPAUL UNIVERSITY LOOP CAMPUS BOOKSTORE #085,17,8,9,11,6
6413,DEPT OF REHABILITATION SVC./BEPB,2,1,1,2,0
6414,DEPT OF REHABILITATION SVC/VFP,4,0,4,4,0
6415,DEPT OF REHABILITATION SVC/VFP (KAVA CAFE),7,1,6,5,2
6416,DERBY,25,12,13,15,10
6417,"DEREK'S DOGS & DELI, LLC",4,1,3,1,3
6418,DERICE ASIAN CUSINE,19,13,6,3,16
6419,"DESDE PUERTO RICO, INC.",2,0,2,1,1
6420,DESERT HAWK,2,0,2,2,0
6421,DESERT ROSE FOODS,5,1,4,4,1
6422,DESI  MART,4,2,2,2,2
6423,DESI MART INC.,2,0,2,2,0
6424,DESPIERTA Y ACTIVATENUTRICION,2,1,1,1,1
6425,DESSERT CONCEPTS LLC,10,2,8,8,2
6426,"DESSERT FIRST BAKERY, LTD.",2,0,2,1,1
6427,DESSERTS DE MANGO,2,2,0,1,1
6428,DETOUR 2 DISCOVERY DAY SCHOOL,14,7,7,3,11
6429,DETOX & TOBACCO,2,1,1,1,1
6430,DEVELOPMENTAL INSTITUTE INC,13,7,6,4,9
6431,DEVIL  DAWGS,20,7,13,9,11
6432,DEVIL DAWGS,20,5,15,12,8
6433,DEVIL DAWGS GOLD COAST,6,0,6,3,3
6434,"DEVIL DAWGS ON STATE STREET, LLC",17,9,8,8,9
6435,DEVON  FISH  HOUSE,3,0,3,2,1
6436,DEVON & CALIFORNIA GROCERY STORE,3,0,3,2,1
6437,DEVON & RIDGE INC.,3,1,2,1,2
6438,DEVON CITGO INC,4,3,1,2,2
6439,DEVON FISH & PIZZA INC,3,1,2,2,1
6440,DEVON HALAL SUB & GRILL,5,3,2,3,2
6441,DEVON MARKET,52,21,31,27,25
6442,"DEVON MORSEVIEW DRUGS, INC",2,1,1,1,1
6443,DEVON N LEAVITT MART,3,0,3,2,1
6444,DEVON PANTRY,5,3,2,2,3
6445,DEVON SEAFOOD GRILL,20,4,16,13,7
6446,DEVON SHELL,4,1,3,2,2
6447,DEVON SHERIDAN APARTMENTS,20,5,15,10,10
6448,DEVON STORE,2,1,1,1,1
6449,DEVON ZABIHA MARKET,4,0,4,1,3
6450,DEVRY UNIVERSITY ADVANTAGE ACADEMY HIGH SCHOOL,11,6,5,2,9
6451,DEVRY UNIVERSITY ADVANTAGE ACDEMY HS,3,1,2,1,2
6452,DFL MANAGMENT LLC,3,1,2,2,1
6453,DH TASTING ROOM,3,2,1,1,2
6454,DHAKA FISH AND MEAT MARKET INC.,5,3,2,2,3
6455,DHAKA FRESH MARKET,4,2,2,4,0
6456,DHARMA GARDEN,2,0,2,1,1
6457,DHARMA GARDEN RESTAURANT,13,9,4,6,7
6458,DI DI RAMINOV SHOW INC,21,4,17,14,7
6459,DI VITA'S RESTAURANT & PIZZA,22,8,14,12,10
6460,DI'S DEN,2,1,1,1,1
6461,DIA DE LOS TAMALES,3,2,1,1,2
6462,DIA FOOD & LIQUOR,7,3,4,3,4
6463,DIAG BAR & GRILL,8,2,6,4,4
6464,DIAG BAR & GRILL/ 404 WINE BAR,4,1,3,4,0
6465,"DIAGEO AMERICAS SUPPLY, INC.",6,3,3,1,5
6466,DIALA GROCERY,4,1,3,3,1
6467,DIAMANTE  AZUL  RESTAURANT,12,4,8,7,5
6468,DIAMOND EXPRESS MART,5,0,5,5,0
6469,DIAMOND GARDEN BANQUET HALL LLC.,12,2,10,5,7
6470,DIAMOND HOOK RESTAURANT,4,3,1,2,2
6471,DIAMOND JUBILEE INC,2,1,1,1,1
6472,DIANA' FOOD & RESTAURANT,20,9,11,6,14
6473,DIANA'S DAYCARE CENTER,9,3,6,2,7
6474,DIANA'S DAYCARE CENTER LLC,4,1,3,2,2
6475,DIANA'S PLAYPEN OF LITTLE GENIUS'S,17,7,10,6,11
6476,DIAZ GROCERY STORE,2,0,2,1,1
6477,DIB SUSHI BAR AND THAI CUISINE,23,9,14,11,12
6478,DICE FOOD MART,3,1,2,2,1
6479,DICK'S LAST RESORT,12,4,8,7,5
6480,DICKENS STREET PUBLIC HOUSE,3,0,3,3,0
6481,DICKENS/BURLING APARTMENTS,13,5,8,7,6
6482,DICOLA SEAFOOD,25,10,15,10,15
6483,DIEGO'S GRILL,3,1,2,2,1
6484,DIEGO'S PICANTERIA,3,1,2,2,1
6485,DIEGO'S TACOS,3,0,3,3,0
6486,DIEZ Y 8,6,2,4,3,3
6487,DIEZ Y OCHO,2,1,1,1,1
6488,DIGGITY DOGS,6,2,4,3,3
6489,DIGOS TACOS,3,0,3,2,1
6490,DIL DA MAHRAM,2,1,1,1,1
6491,DILL PICKLE FOOD CO-OP,13,3,10,6,7
6492,DILLINGER'S,5,1,4,3,2
6493,DILLMAN'S DELICATESSEN,5,2,3,2,3
6494,DIM DIM FOOD INC,25,14,11,14,11
6495,DIM SUM HOUSE,8,3,5,4,4
6496,"DIM SUM HOUSE, INC",16,4,12,9,7
6497,DIMO'S PIZZA LINCOLN SQUARE LLC,2,1,1,0,2
6498,DIMO'S PIZZA SIX CORNERS,22,6,16,14,8
6499,DIMO'S PIZZA WRIGLEYVILLE,25,4,21,17,8
6500,DIN FOODS,6,2,4,3,3
6501,DINA'S FOOD,3,2,1,2,1
6502,"DINEAMIC CATERING, LLC",4,1,3,1,3
6503,DINER GRILL,24,4,20,16,8
6504,DINERO TREE INC.,2,1,1,2,0
6505,DING FENG NOODLE,5,2,3,2,3
6506,DING SHENG,9,4,5,5,4
6507,DINICO'S PIZZA II,5,1,4,5,0
6508,DINKEL'S BAKERY INC,13,10,3,4,9
6509,"DINKY DONUTS, INC",6,2,4,1,5
6510,DINNER AND A MOVIE,6,0,6,6,0
6511,DINNER WITH A VIEW,2,1,1,1,1
6512,DINO & NICK,6,0,6,4,2
6513,DINO'S,2,0,2,1,1
6514,"DINO'S HOT DOGS,INC.",3,1,2,2,1
6515,DINO'S PIZZA,19,8,11,11,8
6516,DINOS FOODS CORP.,17,9,8,5,12
6517,DINOSAUR BAR-B-QUE,9,5,4,5,4
6518,DINOTTO PIZZERIA (CATERING),10,2,8,2,8
6519,DINOTTO RISTORANTE,9,1,8,3,6
6520,DIOCELINA'S GROCERY,4,0,4,2,2
6521,DIP AND SIP DONUTS,3,1,2,3,0
6522,DIPPIN' DOTS ICE CREAM,8,3,5,4,4
6523,DIR NUTRICION,4,1,3,3,1
6524,DIRECT PAY,3,0,3,2,1
6525,DIRK FISH & GOURMET SHOP INC,17,7,10,7,10
6526,DIRKSEN US COURTHOUSE,10,3,7,4,6
6527,"DIRTY ROOT, INC",3,0,3,3,0
6528,DIRTY TIFFS CAFE,4,4,0,1,3
6529,DISCO TACO,7,2,5,4,3
6530,DISCO TACOS,3,1,2,1,2
6531,DISCOUNT CENTER,2,0,2,2,0
6532,DISCOUNT DOLLAR PLUS,8,4,4,4,4
6533,DISCOUNT FOOD MARKET INC,2,0,2,1,1
6534,DISCOUNT MEAT COMPANY,28,8,20,13,15
6535,DISCOUNT STOP INC.,3,1,2,3,0
6536,"DISCOVER MONTESSORI, LLC",4,1,3,0,4
6537,DISCOVERY ACADEMIC INSTITUTE,3,2,1,2,1
6538,DISCOVERY ACADEMY 2,8,5,3,5,3
6539,DISCOVERY ACADEMY II INC.,10,2,8,6,4
6540,"DISCOVERY ACADEMY, INC",5,2,3,2,3
6541,"DISCOVERY DAYS LEARNING ACADEMY, INCORPORATED",5,3,2,2,3
6542,DISCOVERY EARLY LEARNING CENTER,5,3,2,2,3
6543,"DISCOVERY LEARNING ACADEMY, INC.",14,2,12,8,6
6544,DISH FUNCTIONS,4,1,3,3,1
6545,DISHROULETTE KITCHEN,7,2,5,4,3
6546,DISNEI LEARNING ACADEMY,5,1,4,3,2
6547,DISNEY II,17,11,6,4,13
6548,DISNEY MAGNET,22,10,12,9,13
6549,DISTRICT,10,2,8,6,4
6550,DISTRICT HOUSE,4,1,3,3,1
6551,DIVA RESTAURANT,10,4,6,7,3
6552,DIVER,10,3,7,6,4
6553,DIVERSEY & ASHLAND SHELL,4,3,1,2,2
6554,DIVERSEY & AUSTIN FOOD & LIQUOR,4,2,2,2,2
6555,DIVERSEY & AUSTIN LIQUOR STORE,5,3,2,3,2
6556,DIVERSEY & LONG MARATHON,5,4,1,3,2
6557,DIVERSEY & RACINE SHELL,4,1,3,2,2
6558,DIVERSEY CHILD CARE CENTER,16,5,11,10,6
6559,DIVERSEY CICERO SHELL,3,2,1,2,1
6560,DIVERSEY DAY CARE CENTER & KINDERGARTEN,16,6,10,6,10
6561,DIVERSEY DELI,3,0,3,3,0
6562,"DIVERSEY DOLLAR ISLAND, INC.",8,2,6,6,2
6563,DIVERSEY LIQUORS,3,0,3,3,0
6564,DIVERSEY MARKET,7,3,4,4,3
6565,DIVERSEY PRESTIGE LIQUORS,2,1,1,0,2
6566,DIVERSEY PRODUCE & DELI,3,1,2,1,2
6567,DIVERSEY RIVER BOWL LOUNGE,11,1,10,5,6
6568,DIVERSEY WINE,2,0,2,1,1
6569,DIVINE FOOD MARKET,11,5,6,6,5
6570,DIVINE GARDEN,2,1,1,1,1
6571,DIVINE NUTRITION SPOT,4,2,2,1,3
6572,DIVINITY SCHOOL COFFEE SHOP,6,4,2,1,5
6573,DIVINITY SEVEN JUICE,4,1,3,1,3
6574,DIVISION & NOBLE AMOCO,3,1,2,1,2
6575,DIVISION & PULASKI FOOD MART,3,1,2,2,1
6576,DIVISION ALE HOUSE,8,3,5,3,5
6577,DIVISION CITGO & FOOD MART,5,5,0,1,4
6578,DIVISION DRAFT,7,3,4,3,4
6579,DIVISION EXPRESS,2,1,1,1,1
6580,DIVISION FOOD & GROCERY MART,2,1,1,1,1
6581,DIVISION FOOD MARKET,6,2,4,4,2
6582,DIVISION FOOD MARKET INC.,3,1,2,2,1
6583,DIVISION GROCERY INC.,2,1,1,1,1
6584,DIVISION GROCERY PLUS INC,6,3,3,3,3
6585,DIVISION MINI MART INC,3,2,1,1,2
6586,DIVISION SWEET TOOTH,3,0,3,2,1
6587,DIVISION/LASALLE APARTMENTS,13,4,9,5,8
6588,DIXIE,9,2,7,6,3
6589,DIXIELANDS CHILDCARE I INC,7,2,5,4,3
6590,DIXON ELEMENTARY SCHOOL,3,2,1,3,0
6591,"DIZA HOSPITALITY GROUP, LLC ATRIUM CHICKEN",14,8,6,5,9
6592,"DIZA HOSPITALITY GROUP, LLC ATRIUM TACO",2,2,0,1,1
6593,DJ SUB,5,0,5,1,4
6594,DJ SUBS,2,2,0,1,1
6595,DJ'S GYROS,20,6,14,11,9
6596,DJ'S SUB,9,4,5,6,3
6597,DJM DISCOUNT STORE,2,1,1,1,1
6598,DK CAFE,5,1,4,3,2
6599,DKelly Restaurant,2,1,1,2,0
6600,DLD  CAFE  &  GRILL,3,2,1,2,1
6601,DLS SUPERMARKET INC.,2,1,1,1,1
6602,DM NEWS STAND,2,0,2,1,1
6603,DMEN TAP,6,2,4,2,4
6604,DMK BURGER BAR,29,12,17,19,10
6605,DMK BURGER BAR AND FISH BAR,7,3,4,3,4
6606,DMMINO'S #2791,6,1,5,4,2
6607,DO EAT,13,4,9,7,6
6608,DO RITE DONUTS,18,4,14,13,5
6609,DO-RITE DONUT KIOSK,6,1,5,4,2
6610,DO-RITE DONUTS,12,7,5,8,4
6611,DO-RITE DONUTS & CHICKEN,21,6,15,12,9
6612,DOC B'S,17,8,9,7,10
6613,DOC B'S FRESH KITCHEN,16,8,8,6,10
6614,DOCK STREET CAFE,4,0,4,3,1
6615,DOCK'S,9,4,5,5,4
6616,DOCK'S GREAT FISH,5,1,4,3,2
6617,DOCK'S GREAT FISH 119TH,9,5,4,5,4
6618,DOCKS,42,11,31,30,12
6619,DOCTOR BIRD'S PATTY SHACK,8,2,6,5,3
6620,DOCTOR'S CARIBBEAN CUISINE.,2,0,2,2,0
6621,DOE DOE EATERY,2,0,2,1,1
6622,DOG DAY AFTERNOON,5,1,4,3,2
6623,DOG HAUS,20,10,10,15,5
6624,DOG STOP INC,14,5,9,3,11
6625,DOGGIE DINER,2,0,2,2,0
6626,DOGGIE'S INN,3,1,2,2,1
6627,DOGGONE'S,3,1,2,3,0
6628,DOKIL BAKERY,14,6,8,8,6
6629,DOKKAEBI TACOS,3,2,1,1,2
6630,DOLCE,2,1,1,1,1
6631,DOLCE ARTE LLC,3,2,1,0,3
6632,DOLCE CASA CAFE,8,3,5,3,5
6633,DOLCE GELATO,3,2,1,1,2
6634,DOLCE ITALIAN,9,1,8,3,6
6635,DOLCETTI,3,0,3,1,2
6636,DOLCI AMORI,12,4,8,8,4
6637,DOLL BABY LEARNING CENTER,7,2,5,3,4
6638,DOLL BABY LEARNING CENTER II,7,3,4,3,4
6639,DOLLAR  GENERAL  STORE#1833,8,2,6,5,3
6640,DOLLAR & BEAUTY,2,1,1,1,1
6641,DOLLAR & DRAPERY MART,3,1,2,2,1
6642,DOLLAR & LINEN,2,0,2,1,1
6643,DOLLAR & UP GROUP,2,1,1,1,1
6644,"DOLLAR & UP GROUP,INC.",2,1,1,2,0
6645,DOLLAR AND GROCERY LA PEQUENITA,3,1,2,2,1
6646,DOLLAR B.I.T.E. INC.,3,0,3,2,1
6647,DOLLAR BARGAINS & GROCERY,2,0,2,1,1
6648,DOLLAR BILLS #633,8,0,8,7,1
6649,DOLLAR BUSTER 63,2,1,1,1,1
6650,DOLLAR CASTLE,3,0,3,2,1
6651,"DOLLAR DAY PLUS & FOOD MART, INC",3,3,0,2,1
6652,DOLLAR DAZE,2,1,1,1,1
6653,"DOLLAR DEAL & UP, INC.",4,1,3,3,1
6654,DOLLAR DEALS & UP,3,1,2,2,1
6655,DOLLAR DEPOT,3,1,2,2,1
6656,DOLLAR EXPRESS,21,8,13,10,11
6657,DOLLAR EXPRESS #34,2,0,2,1,1
6658,DOLLAR EXPRESS STORES LLC,3,0,3,2,1
6659,DOLLAR GENERAL  STORE # 12061,11,6,5,5,6
6660,DOLLAR GENERAL #14614,6,4,2,2,4
6661,DOLLAR GENERAL #15472,12,3,9,8,4
6662,DOLLAR GENERAL STORE # 11784,3,0,3,2,1
6663,DOLLAR GENERAL STORE # 15873,8,5,3,4,4
6664,DOLLAR GENERAL STORE # 19096,3,0,3,2,1
6665,DOLLAR GENERAL STORE #11565,6,2,4,4,2
6666,DOLLAR GENERAL STORE #11821,2,1,1,1,1
6667,DOLLAR GENERAL STORE #12422,8,3,5,5,3
6668,DOLLAR GENERAL STORE #12544,4,2,2,1,3
6669,DOLLAR GENERAL STORE #13157,6,1,5,3,3
6670,DOLLAR GENERAL STORE #13777,4,1,3,1,3
6671,DOLLAR GENERAL STORE #18701,4,2,2,2,2
6672,DOLLAR GENERAL STORE #19022,8,2,6,5,3
6673,DOLLAR GENERAL STORE #19093,3,0,3,2,1
6674,DOLLAR GENERAL STORE #19094,2,0,2,1,1
6675,DOLLAR GENERAL STORE #19095,2,1,1,1,1
6676,DOLLAR GENERAL STORE #19097,2,0,2,1,1
6677,DOLLAR GENERAL STORE #19098,2,1,1,1,1
6678,DOLLAR GENERAL STORE #19099,2,1,1,1,1
6679,DOLLAR GENERAL STORE #19100,3,1,2,2,1
6680,DOLLAR GENERAL STORE #19102,2,1,1,1,1
6681,DOLLAR GENERAL STORE #19103,2,1,1,2,0
6682,DOLLAR GENERAL STORE #19331,2,0,2,0,2
6683,DOLLAR GENERAL STORE #20597,3,2,1,2,1
6684,DOLLAR GENERAL STORE19101,2,1,1,1,1
6685,DOLLAR INN PLUS INC,6,4,2,3,3
6686,DOLLAR JUNCTION,6,0,6,5,1
6687,DOLLAR MIX,5,1,4,3,2
6688,DOLLAR PLUS,2,2,0,1,1
6689,DOLLAR PLUS & FOOD MARKET,2,0,2,2,0
6690,DOLLAR PLUS VARIETY,3,1,2,2,1
6691,"DOLLAR QUICK MART, INC.",3,1,2,2,1
6692,DOLLAR STAR & MORE 1 INC.,5,0,5,3,2
6693,DOLLAR STATION,13,6,7,8,5
6694,DOLLAR STATION & GROCERY  INC,2,1,1,1,1
6695,DOLLAR STORE,3,2,1,2,1
6696,DOLLAR STORE +,5,2,3,3,2
6697,DOLLAR STORE GENERAL,3,1,2,1,2
6698,DOLLAR TREE,26,11,15,14,12
6699,DOLLAR TREE  # 4143,9,4,5,9,0
6700,DOLLAR TREE # 00733,4,2,2,2,2
6701,DOLLAR TREE # 4204,10,3,7,4,6
6702,DOLLAR TREE # 644,5,2,3,2,3
6703,DOLLAR TREE #00645,4,0,4,3,1
6704,DOLLAR TREE #05951,5,2,3,2,3
6705,DOLLAR TREE #06214,5,1,4,3,2
6706,DOLLAR TREE #06219,3,1,2,0,3
6707,DOLLAR TREE #06354,3,1,2,1,2
6708,DOLLAR TREE #06417,2,0,2,1,1
6709,DOLLAR TREE #06621,2,1,1,1,1
6710,DOLLAR TREE #06754,2,1,1,1,1
6711,DOLLAR TREE #06868,3,1,2,2,1
6712,DOLLAR TREE #06910,4,3,1,2,2
6713,DOLLAR TREE #07661,3,1,2,3,0
6714,DOLLAR TREE #07725,2,1,1,1,1
6715,DOLLAR TREE #08040,4,1,3,3,1
6716,DOLLAR TREE #08796,2,0,2,1,1
6717,DOLLAR TREE #3359,2,0,2,2,0
6718,DOLLAR TREE #4691,2,0,2,1,1
6719,DOLLAR TREE #4693,4,1,3,3,1
6720,DOLLAR TREE #4903,3,2,1,2,1
6721,DOLLAR TREE #5169,2,1,1,1,1
6722,DOLLAR TREE #5461,4,1,3,1,3
6723,DOLLAR TREE #5537,3,1,2,2,1
6724,DOLLAR TREE #5685,4,0,4,3,1
6725,DOLLAR TREE #5705,8,2,6,5,3
6726,DOLLAR TREE #5886,11,5,6,7,4
6727,DOLLAR TREE #633,4,0,4,2,2
6728,DOLLAR TREE #642,3,2,1,1,2
6729,DOLLAR TREE #650,6,2,4,3,3
6730,DOLLAR TREE #653,4,2,2,2,2
6731,DOLLAR TREE #656,3,2,1,2,1
6732,DOLLAR TREE #7261,7,1,6,3,4
6733,DOLLAR TREE #743,3,0,3,2,1
6734,DOLLAR TREE #9190,4,0,4,4,0
6735,DOLLAR TREE STORE # 642,5,4,1,2,3
6736,DOLLAR TREE STORE #7227,5,1,4,3,2
6737,DOLLAR TREE STORE #866,2,0,2,1,1
6738,"DOLLAR TREE STORE, INC.",7,4,3,3,4
6739,DOLLAR TREE STORES # 798,7,2,5,4,3
6740,DOLLAR TREE STORES #07068,5,3,2,2,3
6741,DOLLAR TREE STORES #08833,7,1,6,2,5
6742,DOLLAR TREE STORES #3128,10,2,8,5,5
6743,DOLLAR TREE STORES #673,6,1,5,2,4
6744,DOLLAR TREE STORES INC #733,4,2,2,2,2
6745,"DOLLAR TREE STORES, INC #4056",6,4,2,3,3
6746,DOLLAR TREE#5617,3,2,1,2,1
6747,DOLLAR UNION,5,3,2,4,1
6748,DOLLAR Y MAS,3,0,3,3,0
6749,DOLLAR ZONE,2,1,1,1,1
6750,DOLLARSMART,3,1,2,1,2
6751,DOLLARZONE,2,0,2,1,1
6752,DOLLOP,4,0,4,2,2
6753,DOLLOP  COFFEE CO.,2,0,2,2,0
6754,DOLLOP BAKESHOP,6,2,4,4,2
6755,DOLLOP COFFEE,4,3,1,2,2
6756,DOLLOP COFFEE & HOOSIER MAMA PIE COMPANY,2,0,2,0,2
6757,DOLLOP COFFEE AND TEA,17,8,9,7,10
6758,DOLLOP COFFEE BAR,12,5,7,9,3
6759,DOLLOP COFFEE CO,24,10,14,12,12
6760,DOLLOP COFFEE CO at the Fisher Building,12,5,7,6,6
6761,DOLLOP COFFEE CO.,16,6,10,8,8
6762,DOLLOP COFFEE COMPANY,12,4,8,4,8
6763,DOLLOP DINER,16,4,12,11,5
6764,DOLLS KITCHEN AND CATERING LLC,4,1,3,2,2
6765,DOLO GARDEN RESTAURANT & BAR,28,9,19,18,10
6766,DOLPHIN FISH & CHICKEN,7,2,5,4,3
6767,DOLPHIN STEAK AND LEMONADE,6,3,3,3,3
6768,DOM'S KITCHEN & MARKET,9,4,5,3,6
6769,DOMA,9,2,7,5,4
6770,"DOMA FOOD MART,INC",2,0,2,1,1
6771,DOMINICK'S,7,7,0,3,4
6772,DOMINICK'S # 1100,7,3,4,2,5
6773,DOMINICK'S # 113/1113,13,5,8,6,7
6774,DOMINICK'S # 12/0012,12,5,7,5,7
6775,DOMINICK'S # 130/1130,12,4,8,3,9
6776,DOMINICK'S # 304/2304,8,3,5,3,5
6777,DOMINICK'S # 86/1086,2,0,2,1,1
6778,DOMINICK'S #147/1147,8,5,3,1,7
6779,DOMINICK'S #153/2153,6,4,2,2,4
6780,DOMINICK'S #160/1698,6,3,3,3,3
6781,DOMINICK'S #1875,9,4,5,3,6
6782,DOMINICK'S #2889,8,4,4,3,5
6783,DOMINICK'S #2890,8,4,4,3,5
6784,DOMINICK'S FINER FOODS - STORE # 2775,12,5,7,5,7
6785,"DOMINICK'S Finer Foods, Inc. #1695",6,1,5,4,2
6786,DOMINO'S,89,30,59,53,36
6787,DOMINO'S #2881,5,1,4,4,1
6788,DOMINO'S PASTRIES,4,3,1,1,3
6789,DOMINO'S PIZZA,244,83,161,129,115
6790,DOMINOS,36,7,29,20,16
6791,DOMINOS PIZZA,31,9,22,17,14
6792,DOMINOS PIZZA INC,8,2,6,2,6
6793,DOMS MARKET LLC,14,4,10,6,8
6794,"DON BETO GRILL, INC.",5,3,2,3,2
6795,DON BUCIO'S TAQUERIA,3,2,1,0,3
6796,DON CARLOS RESTAURANT,2,2,0,1,1
6797,DON CHEMA,15,6,9,7,8
6798,DON CHURRO,9,2,7,3,6
6799,DON DE VIDA,5,2,3,2,3
6800,DON DIABLO,9,4,5,6,3
6801,DON FRESCO,19,7,12,13,6
6802,DON GOLLO SUPERMERCADO,2,2,0,0,2
6803,"DON GOLLO SUPERMERCADO, INC",6,3,3,2,4
6804,"DON GOLLO SUPERMERCADO, INC.",7,5,2,0,7
6805,DON GUACAMOLE'S RESTAURANT,7,2,5,5,2
6806,DON JUAN,17,9,8,8,9
6807,DON MARCOS RESTAURANT INC.,2,1,1,2,0
6808,DON MEMO MEXICAN RESTAURANT,4,1,3,2,2
6809,"DON MIGUEL CAFFE & SANDWICH SHOP,INC.",3,1,2,1,2
6810,DON P DRO,3,1,2,1,2
6811,DON PABLO'S KITCHEN AND BAKESHOP,5,2,3,2,3
6812,DON PAN BAKERY,14,6,8,6,8
6813,DON PEDRO CARNITAS,19,8,11,8,11
6814,DON PEDRO MEXICAN RESTAURANT,7,1,6,6,1
6815,DON PEPE,17,6,11,9,8
6816,DON PEZ,8,3,5,5,3
6817,DON RICO JR.,3,1,2,1,2
6818,DON TAQUITO,2,1,1,1,1
6819,DON TONY'S FOOD STORE,7,2,5,5,2
6820,DON VAL CORP,2,1,1,2,0
6821,"DON'S HAMBURGERS, INC.",19,10,9,7,12
6822,DON'S HOT DOGS,9,5,4,3,6
6823,DONA BLANCO MEXICA RESTAURANT,8,0,8,6,2
6824,DONA CHELA RESTAURANT,16,8,8,7,9
6825,DONA CONCHITA'S BAKERY,2,0,2,1,1
6826,DONA MARCE,3,1,2,2,1
6827,DONA MARCE FOOD & GROCERY,2,0,2,1,1
6828,DONA MARI'S CORPORATION,9,1,8,4,5
6829,DONA MARIA,4,1,3,3,1
6830,DONA MARIS,10,3,7,4,6
6831,DONA MARIS #2,5,2,3,2,3
6832,DONA NATYS TACOS,20,8,12,9,11
6833,DONA TOLA,10,1,9,9,1
6834,DONA TORTA,19,11,8,11,8
6835,"DONA TORTA MEXICAN GRILL, INCORPORATED",5,2,3,3,2
6836,DONALDS FAMOUS HOT DOGS,24,9,15,10,14
6837,DONCHEF INC,3,1,2,2,1
6838,DONDE ZULY Y MAARTA,5,1,4,4,1
6839,DONER 97,3,0,3,3,0
6840,"DONERMEN, L.L.C.",5,2,3,3,2
6841,"DONERMEN, LLC",3,1,2,1,2
6842,DONG KY RESTAURANT & BAKERY,31,7,24,21,10
6843,DONG NE,3,3,0,0,3
6844,DONGPO IMPRESSION,11,2,9,8,3
6845,DONI DESSERT AND PASTRY,4,1,3,3,1
6846,DONNA'S CAFE,3,1,2,1,2
6847,DONS PIZZA & GRILL,2,2,0,1,1
6848,DONUT DELIGHT,7,1,6,5,2
6849,DONUT DOCTOR & EDY'S ICE CREAM,4,1,3,2,2
6850,"DONUT DUDES, INC.",4,0,4,2,2
6851,DONUTSLUT,2,1,1,0,2
6852,DOOBY,2,1,1,2,0
6853,DOODLE'S DOUGHNUTS,2,1,1,1,1
6854,DOOM STREET EATS,7,1,6,2,5
6855,"DOORDASH ESSENTIALS, LLC",2,0,2,2,0
6856,DOOSTAN RESTAURANT PERSIANS AND MEDITERRANEAN CUIS,13,6,7,5,8
6857,DOPPIO COFFEE HOUSE,3,0,3,2,1
6858,DORA FOOD MART,3,2,1,2,1
6859,DORADO RESTAURANT,3,0,3,2,1
6860,DORE EARLY CHILDHOOD CENTER,5,0,5,0,5
6861,DORE ELEMENTARTY SCHOOL,10,5,5,2,8
6862,DORE ELEMENTARY SCHOOL,6,3,3,1,5
6863,DOREEN'S PIZZERIA,20,6,14,7,13
6864,DORIS,5,0,5,3,2
6865,DOROTHY SUTTON BRANCH HEADSTART,15,3,12,9,6
6866,DOROTHY'S BISTRO,2,2,0,0,2
6867,"DOROTHY'S LIQUORS, INC.",4,2,2,2,2
6868,DORSEY'S DEVELOPMENTAL INSTITUTE,11,5,6,3,8
6869,DOS BROS FRESH MEXICAN GRILL,9,4,5,7,2
6870,DOS BROS KITCHEN,2,2,0,0,2
6871,DOS DIABLOS,12,6,6,7,5
6872,DOS PICANTES INC,5,2,3,3,2
6873,DOS PICANTES INC.,4,1,3,3,1
6874,DOS PILARES GROCERY STORE,3,2,1,2,1
6875,DOS RICCO'S,6,3,3,3,3
6876,DOS RICCO'S MEXICAN FUSION,9,4,5,5,4
6877,DOS SABORES,4,0,4,2,2
6878,DOS TOROS TAQUERIA,26,5,21,14,12
6879,DOS URBAN CANTINA,15,6,9,10,5
6880,DOSBROS FRESH MEXICAN GRILL,6,0,6,3,3
6881,DOSIRAK,14,6,8,8,6
6882,DOT COM,8,6,2,1,7
6883,DOUBLE APPLE FOOD MARKET,7,4,3,5,2
6884,DOUBLE BUBBLE,13,4,9,6,7
6885,"DOUBLE DOOR LIQUORS, INC.",2,1,1,1,1
6886,"DOUBLE HAPPINESS ENTERPRISES, INC.",20,7,13,15,5
6887,DOUBLE HEADER BAR & GRILL,5,0,5,5,0
6888,DOUBLE J'S ONE STOP SHOP INC.,7,4,3,4,3
6889,DOUBLE LI CHINESE RESTAURANT,2,1,1,1,1
6890,DOUBLE R FOOD & LIQUOR INC,2,2,0,1,1
6891,DOUBLE TREE MAGNIFICENT MILE,20,7,13,10,10
6892,"DOUBLE Z FOOD & DELI, INC.",7,4,3,4,3
6893,DOUBLETREE BY HILTON CHICAGO-MAGNIFICENT MILE,22,6,16,10,12
6894,DOUGH BROS,14,3,11,7,7
6895,DOUGH DOUGH,5,2,3,3,2
6896,DOUGH ON THE GO,4,2,2,3,1
6897,DOUGHBOY'S CHICAGO,10,1,9,7,3
6898,DOUGHLICIOUS WRAPS,4,0,4,3,1
6899,DOUGHNUT VAULT,18,4,14,13,5
6900,DOUGLAS PARK DOLLAR & FOOD,14,6,8,6,8
6901,DOUGLAS PARK GROCERIES,2,1,1,1,1
6902,DOUGLASS-TUBMAN YOUTH MINISTRI,11,5,6,6,5
6903,DOVE'S LUNCHEONETTE,16,7,9,6,10
6904,"DOVETAIL BREWERY, INC",4,2,2,2,2
6905,DOWN THE LINE ROOFTOP,11,4,7,5,6
6906,DOWN TOWN EXPRESS GAS INC.,2,0,2,2,0
6907,DOWNSTATE DONUTS,4,2,2,2,2
6908,DOWNSTATE DONUTS LLC,2,1,1,0,2
6909,DOWNTOWN BP & SUBWAY,28,15,13,10,18
6910,DOWNTOWN CHILDRENS LEARNING PLACE,18,6,12,4,14
6911,DOWNTOWN DOGS,16,7,9,8,8
6912,DOWNTOWN GYROS & CAFETERIA,3,2,1,1,2
6913,DOWNTOWN MARATHON,3,2,1,1,2
6914,DOWNTOWN PIZZA & WING,2,0,2,1,1
6915,DOX QUALITY GREEK,6,2,4,4,2
6916,DOZZY'S GRILL,2,1,1,1,1
6917,DQ LUXURY REFLEXOLOGY MASSAGE,5,3,2,2,3
6918,DR DETON J BROOKS HEADSTART,17,5,12,6,11
6919,DR. EFFIE O. ELLIS YMCA HEAD START,16,10,6,4,12
6920,"DR. MLK, JR. PARK AND FAMILY ENTERTAINMENT CENTER",9,3,6,7,2
6921,DR. PEDRO ALBIZU CAMPUS,18,8,10,9,9
6922,DRAFT KINGS FANTASY SPORTS BAR,5,2,3,3,2
6923,DRAFTFCB,5,0,5,4,1
6924,DRAGON BITES,2,1,1,2,0
6925,DRAGON BOAT RESTAURANT,14,6,8,4,10
6926,DRAGON BOWL,24,9,15,14,10
6927,DRAGON COURT RESTAURANT,6,1,5,4,2
6928,DRAGON DEL MAGUEY,2,0,2,1,1
6929,DRAGON EXPRESS RESTAURANT,7,2,5,3,4
6930,DRAGON FIRE,5,0,5,3,2
6931,DRAGON GATE,20,12,8,4,16
6932,DRAGON LADY LOUNGE,16,5,11,10,6
6933,DRAGON SUSHI BAR LLC,3,0,3,1,2
6934,DRAGONBITES,5,0,5,4,1
6935,DRAGONFLY MANDARIN,10,1,9,3,7
6936,DRAGONLADY LOUNGE,3,1,2,2,1
6937,DRAKE BROTHERS,10,5,5,3,7
6938,DRAKE ELEMENTARY,5,4,1,1,4
6939,DRAKE FOOD,2,0,2,1,1
6940,DRAKE HOTEL,16,9,7,7,9
6941,DRAKE MART,3,0,3,3,0
6942,DRAKE QUICK MART,5,1,4,4,1
6943,DRAKE QUICK STOP,5,0,5,3,2
6944,DRAM SHOP LTD,6,2,4,2,4
6945,DREAM CAFE & GRILLE,7,3,4,4,3
6946,DREAM CHEF KITCHEN,5,1,4,4,1
6947,DREAM DINNERS,12,2,10,9,3
6948,DREAM FOOD MARKET,2,0,2,2,0
6949,DREAM NUTRITION CAFE,7,1,6,5,2
6950,DREAM'S MINI MART,6,1,5,5,1
6951,"DREAMCHILD DEVELOPMENT CENTER, INC.",14,5,9,4,10
6952,DREAMERS ACADEMY LLC,6,1,5,3,3
6953,DREW'S EATERY,2,0,2,1,1
6954,DREW'S ON HALSTED,9,2,7,4,5
6955,DREXEL FOOD MART,4,0,4,3,1
6956,DRIFTWOOD,2,1,1,1,1
6957,DRINK AND INK,2,1,1,1,1
6958,DRINK HAPPY THOUGHTS,2,1,1,1,1
6959,DRINK SHOP,4,1,3,4,0
6960,DRINKHAUS BAR & GRILL,6,2,4,4,2
6961,DRINKS ON ME,7,3,4,4,3
6962,DRINKS ON ME CATERING,9,6,3,3,6
6963,DRINKS ON ME CATERING/ DRINKS ON ME LIQUORS/ DRINK,3,2,1,1,2
6964,DRIP BAKERY BY  CHEFCED,4,2,2,2,2
6965,DRIP COLLECTIVE LLC,2,0,2,1,1
6966,DROP,4,2,2,1,3
6967,DROP IN LOUNGE,4,1,3,3,1
6968,DROPSHOP COFFEE AND SNACK,6,2,4,3,3
6969,DRW COLLEGE PREP,3,1,2,1,2
6970,DRYHOP BREWERS,7,3,4,6,1
6971,DS Cantina,13,7,6,3,10
6972,DS FAJITA FACTORY,5,0,5,3,2
6973,DS TEQUILA CO.,16,9,7,7,9
6974,DSD DELI,16,2,14,12,4
6975,DSD DELI AND MARKET LLC,4,2,2,2,2
6976,DSTRKT BAR & GRILL,8,3,5,5,3
6977,DU JOUR CAFE,3,0,3,2,1
6978,DUBLIN BAR & GRILL,23,15,8,12,11
6979,DUCHOSSIS CENTER ADV. MED FOOD COURT,2,0,2,1,1
6980,DUCHOSSOIS CENTER FOR ADVANCED MEDICINE,7,2,5,5,2
6981,DUCK DUCK GOAT,12,5,7,3,9
6982,DUCK N' ROLL,2,1,1,1,1
6983,DUCK WALK,12,5,7,6,6
6984,DUDLEY'S DOG HOUSE,3,0,3,2,1
6985,DUE AMICI PIZZERIA,6,1,5,3,3
6986,DUE MONDI CAFE,9,4,5,5,4
6987,DUELIRE VINO & CUCINA,23,7,16,10,13
6988,DUELIRE VINO&CUCINA,2,0,2,2,0
6989,DUFF'S DOGS,18,5,13,8,10
6990,DUFFY'S PLACE INC,2,0,2,2,0
6991,DUFFY'S TAVERN & GRILLE,30,12,18,13,17
6992,DUGAN'S,2,1,1,0,2
6993,DUKAN  INTERNATIONAL FOOD,3,1,2,3,0
6994,DUKE'S,22,4,18,8,14
6995,DUKE'S CHICAGO BAR AND GRILL,21,7,14,13,8
6996,DUKES,15,6,9,4,11
6997,DUKS RED HOTS,38,13,25,16,22
6998,DULCE CAFE CUBANO LLC,4,0,4,3,1
6999,DULCE CAFE CUBANO LLC.,3,0,3,2,1
7000,DULCE DE LECHE CAFECITO,2,0,2,0,2
7001,DULCE MAMI CAFE CHICAGO LLC,7,2,5,4,3
7002,DULCE MARIA,2,0,2,1,1
7003,DULCE MESA,4,2,2,3,1
7004,DULCE VENTURES LLC,6,2,4,3,3
7005,DULCELANDIA,5,3,2,1,4
7006,DULCELANDIA CANDY STORES & YOGOLANDIA YOGURT,2,0,2,1,1
7007,DULCERIA ACAPULCO,3,1,2,2,1
7008,DULCERIA LA CAPITAL INC.,2,2,0,1,1
7009,DULCERIA REPOSITRERIA DON PANCH,4,2,2,3,1
7010,DUMAS,3,2,1,0,3
7011,DUNAJEC INC,21,10,11,9,12
7012,DUNBAR VOC. (H/S),21,8,13,11,10
7013,"DUNCAN KIDS ACADEMY, INC",3,0,3,2,1
7014,DUNEYRR ARTISAN FERMENTA PROJECT,2,1,1,1,1
7015,DUNKIN,3,1,2,1,2
7016,DUNKIN  DONUTS,10,4,6,4,6
7017,DUNKIN BASKIN,17,6,11,9,8
7018,DUNKIN BASKINS TOGOS,16,7,9,10,6
7019,DUNKIN DONUT,37,11,26,20,17
7020,DUNKIN DONUT BASKIN ROBIN & TOGO'S,16,9,7,3,13
7021,DUNKIN DONUTS,1884,746,1138,789,1095
7022,DUNKIN DONUTS & BASKIN ROBBINS,46,21,25,19,27
7023,DUNKIN DONUTS & BASKIN ROBINS,18,7,11,4,14
7024,DUNKIN DONUTS /  BASKIN ROBBINS,10,6,4,6,4
7025,DUNKIN DONUTS /  BASKIN ROBINS,4,3,1,1,3
7026,DUNKIN DONUTS / BASKIN ROBBINS,157,69,88,64,93
7027,DUNKIN DONUTS / BASKIN ROBINS,36,16,20,11,25
7028,DUNKIN DONUTS /M BURGER/ /BEECHERS/ WHITE SOX,3,2,1,0,3
7029,DUNKIN DONUTS AND BASKIN ROBBINS,7,2,5,1,6
7030,DUNKIN DONUTS BASKIN ROBBINS,121,57,64,33,88
7031,DUNKIN DONUTS BASKIN ROBBINS TOGO'S,18,10,8,4,14
7032,DUNKIN DONUTS INC,39,19,20,15,24
7033,DUNKIN DONUTS/ BASKIN ROBBINS,53,23,30,25,28
7034,DUNKIN DONUTS/ BASKIN ROBBINS/ TOGO'S,21,7,14,9,12
7035,DUNKIN DONUTS/ BASKIN ROBINS,22,4,18,14,8
7036,DUNKIN DONUTS/BASKIN ROBBINS,312,131,181,131,181
7037,DUNKIN DONUTS/BASKIN ROBIN,11,5,6,1,10
7038,DUNKIN DONUTS/BASKIN-ROBBINS,3,2,1,1,2
7039,DUNKIN DONUTS/BASKINROBBINS,14,2,12,6,8
7040,DUNKIN DOUGHNUTS,5,1,4,4,1
7041,DUNKIN DOUNUTS,4,2,2,1,3
7042,DUNKIN DOUNUTS / BASKIN ROBINS,24,11,13,5,19
7043,DUNKIN',7,3,4,2,5
7044,DUNKIN' BASKIN,3,0,3,2,1
7045,DUNKIN' DONUTS,24,6,18,11,13
7046,DUNKIN' DONUTS/BASKIN ROBBINS,8,2,6,4,4
7047,DUNKIN' DONUTS/JET BOX,3,1,2,2,1
7048,DUNKIN/BASKIN ROBBINS,5,2,3,1,4
7049,DUNKINS DONUTS BASKIN ROBBINS,11,7,4,2,9
7050,DUNLAY'S ON CLARK,11,4,7,5,6
7051,DUNLAYS ON THE SQUARE,19,5,14,7,12
7052,DUNN-INN,2,1,1,1,1
7053,DUNNING POUR HOUSE,3,1,2,1,2
7054,"DURANGO BAKERY 1, INC.",8,5,3,4,4
7055,DURANGO BAKERY INC.,4,3,1,2,2
7056,DURANGO MINI MARKET,3,0,3,2,1
7057,"DURANGOS BAKERY 2, INC.",6,3,3,2,4
7058,"DURANGOS BAKERY, INC.",3,0,3,3,0
7059,DURKIN ELEMENTARY,19,9,10,6,13
7060,DURKIN PARK ANNEX,4,3,1,1,3
7061,DURKIN'S TAVERN,4,1,3,3,1
7062,DURUM CAFE,3,2,1,3,0
7063,DUSEK'S BOARD AND BEER / PUNCH HOUSE,22,10,12,9,13
7064,DUSTIES & KENNY'S RIBS,4,1,3,4,0
7065,DUTCH & DOC'S,5,1,4,2,3
7066,DUWELL FISH INC. #2,10,5,5,4,6
7067,DYETT HIGH SCHOOL,25,7,18,14,11
7068,DYLAN'S CANDY BAR,10,5,5,7,3
7069,DYLAN'S CANDYBAR,2,0,2,1,1
7070,DYLAN'S TAVERN & GRILL,25,9,16,15,10
7071,"DYNAMIC AFRICAN CUISINE, INC.",17,4,13,9,8
7072,"DYNAMIC AFRICAN RESTAURANT, INC.",6,1,5,2,4
7073,DYNAMIC UNITED MARKET,2,1,1,1,1
7074,"Daallo Meat & Grocery, Inc",18,4,14,10,8
7075,Dacic Inc.,3,1,2,2,1
7076,Daley,18,8,10,4,14
7077,Damen Kitchen & Cellar,3,0,3,3,0
7078,Damenzo's,16,5,11,7,9
7079,Dandana,9,3,6,6,3
7080,Daniel Boone Elementary School,21,8,13,8,13
7081,Dany's Mini Mart,3,1,2,2,1
7082,Dato's Cuisine,6,2,4,3,3
7083,Davanti Enotecca,13,4,9,7,6
7084,Dave's Confectionary,2,1,1,0,2
7085,"David Jenson - Personal Chef ,Ltd",11,5,6,6,5
7086,Davis M. Academy,5,2,3,2,3
7087,Davis N. Branch,2,0,2,1,1
7088,De BorinCuba Restaurant,2,1,1,1,1
7089,De Diego Community,19,7,12,4,15
7090,De La Salle Institute,17,7,10,5,12
7091,De Mucho Gusto Taqueria,10,4,6,3,7
7092,DeLux Bar & Grill,11,2,9,7,4
7093,DePriest Elementary,24,8,16,10,14
7094,Dearborn Food Mart,3,2,1,0,3
7095,Delano CPC,4,1,3,1,3
7096,Delhi Darbar Kabob House,22,7,15,12,10
7097,Delicias Mexicanas Restaurant,5,1,4,2,3
7098,Delta Sky Club,7,4,3,3,4
7099,Deneen,22,7,15,8,14
7100,Depot Diner,5,0,5,2,3
7101,Dever Elementary School,17,10,7,4,13
7102,Dewey,18,6,12,9,9
7103,Dewey CPC,18,9,9,6,12
7104,Dewitt Clinton Elementary School,25,13,12,10,15
7105,Dilectible Dilites Cafe and Mark,2,1,1,1,1
7106,Dippin Dots At Navy Pier,2,1,1,0,2
7107,Dippin' Dots At Navy Pier,2,2,0,1,1
7108,Dir Nutricion,2,0,2,1,1
7109,Dirksen Elementary School,20,8,12,5,15
7110,Dish,7,2,5,2,5
7111,Divan Chicago,3,0,3,1,2
7112,Division Quickstop Communications,4,2,2,2,2
7113,Dixon,21,9,12,6,15
7114,Doc's Greyhorse Saloon & Eatery,4,2,2,2,2
7115,Dog Day Afternoon,5,1,4,3,2
7116,Dollar General Store #12864,4,3,1,2,2
7117,Dollar Tree # 657,2,0,2,1,1
7118,Dollar Tree #4143,4,1,3,2,2
7119,Dollop Diner Cafe & Bar,6,0,6,2,4
7120,Dominick's #1703,13,5,8,5,8
7121,Domino's Pastries,3,1,2,1,2
7122,Don Marco's Restaurant,2,0,2,2,0
7123,DoorDash,4,2,2,0,4
7124,Douglass (H/S),18,8,10,5,13
7125,Drippin' Bites,3,1,2,3,0
7126,Drummond,20,8,12,5,15
7127,DuBois,22,9,13,9,13
7128,DuSable LEADERSHIP ACADEMY,11,8,3,4,7
7129,Dulles,24,12,12,9,15
7130,Dunkin,2,1,1,1,1
7131,Dunkin Donut,15,5,10,8,7
7132,Dunkin Donuts,92,36,56,46,46
7133,Dunkin Donuts Baskin Robbins,17,7,10,7,10
7134,Dunne,18,11,7,7,11
7135,Duran European Sandwiches Cafe,7,5,2,4,3
7136,Durango Pizzeria,17,4,13,8,9
7137,Dylan,3,2,1,1,2
7138,Dynamic Food & Liquor,4,1,3,2,2
7139,E & B RESTAURANT,9,5,4,4,5
7140,E & D   MART,2,0,2,2,0
7141,"E & D INCIDENTAL, INC",6,2,4,1,5
7142,E & H MINI MART INC.,3,2,1,2,1
7143,E & H PIZZA INC. DOMINO'S PIZZA,10,6,4,5,5
7144,E & J FOOD & LIQUORS,8,3,5,4,4
7145,E & R CHICKEN SHACK,4,2,2,3,1
7146,E & S,3,0,3,1,2
7147,"E R & J FOOD & LIQUOR, INC",4,1,3,1,3
7148,E RAMEN,5,0,5,3,2
7149,E WOK CAFE,10,2,8,4,6
7150,"E Z MARKET, INC.",5,2,3,4,1
7151,E&C GROCERY STORE,5,1,4,3,2
7152,E&T BAR-B-QUE,7,2,5,2,5
7153,E-2 QUICK CONNECT,8,3,5,3,5
7154,E-WOOD PANTRY,6,3,3,2,4
7155,E-Z CONVENIENCE STORE INC.,2,0,2,1,1
7156,E.T.A. CREATIVE ARTS FOUNDATION,3,2,1,2,1
7157,EACH 1 TEACH 1 LEARNING ACADEMY INC.,4,1,3,3,1
7158,EACH1 TEACH1 LEARNING ACADEMY INC.NFP,2,0,2,1,1
7159,EAGLE DISCOUNT,2,0,2,1,1
7160,EAGLE FOOD & LIQUOR MARKET INC,4,2,2,4,0
7161,EARLE ELEMENTARY,7,4,3,2,5
7162,EARLE SCHOOL,18,6,12,8,10
7163,EARLS KITCHEN + BAR,13,3,10,7,6
7164,EARLY ACHIEVERS ACADEMY,11,4,7,5,6
7165,EARLY CHILDHOOD EDUCARE CENTER,24,10,14,8,16
7166,EARLY LEARNING FOUNDATIONS PRESCHOOL LLC.,13,1,12,5,8
7167,EARLY SOCIETY LLC,9,1,8,5,4
7168,EARLY START DAYCARE CENTER,6,1,5,3,3
7169,EARTH'S HEALING CAFE,8,2,6,5,3
7170,EARTH'S KITCHEN,8,4,4,5,3
7171,EARWAX RECORDS & CAFE,6,4,2,3,3
7172,EASEL ART STUDIO,2,0,2,2,0
7173,EAST ASIAN BISTRO,5,1,4,3,2
7174,EAST BANK CLUB,19,7,12,13,6
7175,EAST COAST PANTRY,4,0,4,3,1
7176,EAST COAST PANTRY CHICAGO,8,6,2,3,5
7177,EAST DELAWARE PANTRY,4,2,2,2,2
7178,EAST END SUPERMARKET INC.,2,0,2,2,0
7179,EAST GATE LIQUORS,3,1,2,2,1
7180,EAST LAKEVIEW FOOD & LIQUOR,4,2,2,1,3
7181,EAST OF EDENS,23,10,13,7,16
7182,EAST OF EDENS II,4,2,2,2,2
7183,"EAST OF THE RYAN,INC",22,4,18,17,5
7184,EAST ROOM,6,1,5,5,1
7185,EAST SIDE ACADEMY OF EARLY LEARNING INC,9,3,6,5,4
7186,EAST SIDE CHILD DEVELOPMENT,17,8,9,9,8
7187,EAST SIDE COLUMBIAN ASSOCIATION,4,1,3,4,0
7188,EAST SIDE NUTRITION,2,1,1,1,1
7189,EAST SIDE TAVERNA & PIZZARIA,3,2,1,1,2
7190,EAST TOWER MAIN KITCHEN,15,9,6,4,11
7191,EASTER SEALS METROPOLITAN,3,2,1,1,2
7192,EASTER SEALS METROPOLITAN CHICAGO,4,2,2,2,2
7193,EASTER SEALS METROPOLITAN CHICAGO INC.,19,6,13,9,10
7194,EASTERN BAKERY,7,1,6,6,1
7195,EASTERN BREADSTONE BAKERY,13,6,7,6,7
7196,EASTERN LOBBY SHOP #4031,2,1,1,1,1
7197,EASTERN LOBBY SHOPS # 4032,2,0,2,1,1
7198,EASTERN STYLE PIZZA II LT,14,9,5,3,11
7199,EASTSIDE  MARATHON INC,4,1,3,3,1
7200,EASTSIDE MART LLC,2,0,2,1,1
7201,"EASTSIDE SHARKS, INC.",26,11,15,12,14
7202,EASTVIEW INC,6,1,5,2,4
7203,EASY BAR,6,1,5,4,2
7204,EASY DOES IT,4,2,2,0,4
7205,EASY EASY FAST FOOD,5,0,5,4,1
7206,EASY LIVING JUICE BAR LLC,7,2,5,4,3
7207,"EASY SNACK, INC.",3,0,3,3,0
7208,EASY STREET PIZZA,6,3,3,3,3
7209,EASY STREET PIZZA & PATIO,4,1,3,1,3
7210,EASY WAY FOOD,5,0,5,4,1
7211,EAT & DRINK,5,2,3,1,4
7212,"EAT & DRINK, INC",15,5,10,8,7
7213,EAT A PITA,12,5,7,6,6
7214,EAT AND RUN  NFP,27,8,19,14,13
7215,"EAT CHICAGO, INC.",4,0,4,4,0
7216,EAT CLEAN CHICAGO,3,0,3,3,0
7217,EAT FIRST RESTAURANT,12,6,6,4,8
7218,EAT FIRST RESTAURANT INC,22,7,15,13,9
7219,EAT FIT,10,2,8,5,5
7220,EAT FRESH FEEL GOOD,4,1,3,2,2
7221,EAT ME MILK ME,8,3,5,5,3
7222,EAT N RUN CHICKEN AND FISH,5,1,4,4,1
7223,EAT PURELY,13,7,6,7,6
7224,EAT-N-RUN #2,8,1,7,5,3
7225,EAT-N-RUN CHICKEN & FISH,4,2,2,2,2
7226,EAT-N-RUN CHICKEN AND FISH,3,1,2,2,1
7227,EAT300,2,1,1,1,1
7228,EATALY,39,15,24,19,20
7229,EATHAI,3,1,2,1,2
7230,EATING RECOVERY CENTER CHICAGO,4,1,3,3,1
7231,EATMORE GRILL,3,0,3,2,1
7232,EATPAKD,2,1,1,1,1
7233,"EATS AND SWEETS CAFE, INC.",10,7,3,4,6
7234,EBERHART ELEMENTARY SCHOOL,17,8,9,5,12
7235,"EBERHART FOODS, INC.",7,0,7,5,2
7236,EBINGER ELEMENTARY SCHOOL,19,10,9,6,13
7237,ECKHARDT CAFE,10,3,7,3,7
7238,ECLIPSE RESTAURANT & LOUNGE,9,3,6,5,4
7239,ECO PIZZA,3,0,3,2,1
7240,ECONOGAS,5,0,5,4,1
7241,ECONOGAS & FOOD MART / BP GAS,6,1,5,3,3
7242,ECUA LOJANITO,4,2,2,3,1
7243,ECUA LOJANITO INC,3,0,3,2,1
7244,ECUADOR RESTAURANT INC,14,5,9,2,12
7245,ECUADORIAN FOOD MARKET,2,0,2,1,1
7246,ECUADORIAN GUSS BAKERY,2,0,2,1,1
7247,ED AND ERV'S CENTRELLA FOOD,4,1,3,1,3
7248,ED AND JEAN'S,2,0,2,1,1
7249,ED DEBEVIC'S,13,4,9,6,7
7250,"ED'S FOOD MART, INC.",9,3,6,4,5
7251,EDDIE CAFE INC.,6,3,3,5,1
7252,EDDIE LIQUORS & DELI,2,2,0,2,0
7253,EDDIE V'S,7,1,6,3,4
7254,EDDIE V'S WILD FISH,16,3,13,8,8
7255,EDDIE'S,4,1,3,3,1
7256,EDDIE'S DELI & GRILL INC,2,1,1,1,1
7257,EDDIE'S FOOD & LIQUOR,5,1,4,2,3
7258,EDDIE'S FOOD MART,5,3,2,4,1
7259,EDDIE'S MARKET,2,0,2,1,1
7260,EDDIE'S SANDWICHES,6,3,3,2,4
7261,EDDIE'S SANDWISHES,4,2,2,2,2
7262,"EDDIE'S SUNSHINE FOOD & LIQUOR, INC",9,3,6,5,4
7263,"EDDIES ONE STOP SHOP, INC.",3,1,2,2,1
7264,EDDY' S FOOD MART,11,4,7,6,5
7265,EDDY'S FOOD MART,16,3,13,10,6
7266,EDDY'S GRILLE HOUSE INC.,2,1,1,1,1
7267,EDEN,12,6,6,3,9
7268,EDEN  SUPPORTIVE  LIVING,26,11,15,14,12
7269,EDEN SOUTH SHORE,23,7,16,15,8
7270,EDEN'S HOUSE,7,3,4,4,3
7271,EDEN'S THE ORIGINAL,4,1,3,2,2
7272,"EDENIC SOY & TOFU, INC.",3,1,2,3,0
7273,EDENS # 2 INC,2,1,1,1,1
7274,EDENS FAST FOOD,17,8,9,6,11
7275,EDENS LIQUOR & FOOD II,2,1,1,1,1
7276,EDGAR TAQUERIA SUSUPUATO,2,0,2,2,0
7277,EDGAR'S PLACE,6,3,3,4,2
7278,EDGE ATHLETE LOUNGE,5,3,2,2,3
7279,EDGEBROOK COFFEE SHOP,27,11,16,10,17
7280,EDGEBROOK COMMUNITY CHURCH,8,5,3,3,5
7281,EDGEWATER BEACH CAFE,25,5,20,16,9
7282,EDGEWATER FOOD WINE & SPIRITS,2,1,1,2,0
7283,EDGEWATER MEXICAN CAFE,9,1,8,4,5
7284,EDGEWATER PRODUCE,25,14,11,7,18
7285,EDGEWATER SENIOR SATELLITE,13,5,8,5,8
7286,EDGEWATER TACOS,7,3,4,3,4
7287,EDIBLE ARRANGEMENTS,66,23,43,33,33
7288,EDIBLE ARRANGEMENTS #1250,14,9,5,7,7
7289,EDIBLE ARRANGEMENTS #761,3,0,3,3,0
7290,EDIBLE ARRANGEMENTS OF CHICAGO-HYDE PARK,13,4,9,8,5
7291,EDIE'S ALL DAY CAFE & BAR,4,1,3,1,3
7292,EDIE'S ALL DAY CAFE BAR,10,4,6,6,4
7293,EDISON PARK BOWL,7,3,4,4,3
7294,EDISON PARK ELEMENTARY SCHOOL,21,9,12,8,13
7295,EDISON PARK INN,17,4,13,8,9
7296,EDISON PARK LUTHERAN CHURCH,12,8,4,3,9
7297,EDNA'S RESTAURANT,2,0,2,1,1
7298,EDU-CARE DAY CARE CENTER,3,1,2,2,1
7299,EDVAN'S  FOOD,3,0,3,2,1
7300,EDWARD COLES ELEMENTARY,23,7,16,11,12
7301,EDWARDO'S NATURAL PIZZA,7,2,5,3,4
7302,EDWARDO'S NATURAL PIZZA REST,13,3,10,10,3
7303,EDWARDO'S NATURAL PIZZA RESTAURANT,9,4,5,0,9
7304,EDWARDO'S PIZZA,27,12,15,11,16
7305,EDWARDS (ANNEX),16,9,7,7,9
7306,EDWARDS ECC,16,7,9,0,16
7307,EDWARDS KINDERGARTEN,4,1,3,3,1
7308,EDWARDS SCHOOL,23,13,10,9,14
7309,EDY'S,4,1,3,2,2
7310,EDZO'S BURGER SHOP,5,1,4,2,3
7311,"EFC RUSH IL, LLC",5,1,4,3,2
7312,EFEBINA'S CAFE,9,4,5,4,5
7313,EFES CAFE,6,2,4,4,2
7314,EFES RESTAURANT,14,9,5,7,7
7315,EFIE'S CANTEEN INC,27,15,12,2,25
7316,EGG HARBOR CAFE,18,3,15,10,8
7317,EGG ROLLS ETC,4,3,1,3,1
7318,EGG TUCK,3,2,1,2,1
7319,EGG-O-HOLIC,11,3,8,6,5
7320,EGGHEAD DINER,3,0,3,1,2
7321,EGGS INC. CAFE,14,6,8,8,6
7322,EGGSPERIENCE,58,14,44,38,20
7323,EGGSPLOSION ROLLS,7,3,4,6,1
7324,EGGY'S AND GODDESS AND THE BAKER,12,2,10,7,5
7325,EGGYS,21,6,15,11,10
7326,EIFFEL WAFFLE,3,1,2,2,1
7327,EIGHTY 4 FIFTY 8,6,0,6,4,2
7328,EINSTEIN BAGELS/ DECOLORES,14,4,10,8,6
7329,EINSTEIN BROS BAGEL HYDE PARK,10,3,7,7,3
7330,EINSTEIN BROS BAGELS,3,2,1,0,3
7331,EINSTEIN BROS BAGELS # 1363,12,4,8,6,6
7332,EINSTEIN BROS BAGELS # 2262,3,1,2,2,1
7333,EINSTEIN BROS BAGELS #3463,18,10,8,5,13
7334,EINSTEIN BROS BAGELS #3620,4,1,3,2,2
7335,"EINSTEIN BROS,BAGELS #3559",2,1,1,2,0
7336,EINSTEIN BROS. BAGELS,7,3,4,3,4
7337,EINSTEIN BROS. BAGELS  # 2578,10,2,8,5,5
7338,EINSTEIN BROS. BAGELS # 1200,14,4,10,9,5
7339,EINSTEIN BROS. BAGELS # 2330,7,3,4,5,2
7340,EINSTEIN BROS. BAGELS # 2436,10,4,6,4,6
7341,EINSTEIN BROS. BAGELS #1242,21,5,16,9,12
7342,EINSTEIN BROS. BAGELS #3426,7,2,5,4,3
7343,EINSTEIN BROS. BAGELS #3505,25,7,18,14,11
7344,EINSTEIN BROS. BAGELS #3559,9,4,5,4,5
7345,EINSTEIN BROS. BAGELS #3561,9,3,6,4,5
7346,EINSTEINS,8,5,3,2,6
7347,EIVISSA TAPAS & SANGRIA,2,0,2,2,0
7348,EJ SUSHI,26,11,15,17,9
7349,EKIOSA MARKET,2,0,2,2,0
7350,EL  FAMOUS  BURRITO,13,4,9,7,6
7351,EL  MESQUITE,3,1,2,1,2
7352,EL  PASEO  BORICUA,2,1,1,1,1
7353,EL ABULON,6,2,4,5,1
7354,EL AGUILA GROCERY,5,1,4,3,2
7355,"EL AGUILA GROCERY, INC.",3,1,2,2,1
7356,EL ALAMO,3,2,1,2,1
7357,EL ALEBRIJE,11,4,7,6,5
7358,EL ALEGRE BURRITO,18,6,12,8,10
7359,EL ANCLA,8,3,5,4,4
7360,EL ARCO DE PALMAR,14,5,9,7,7
7361,EL ARTESANAL,3,0,3,2,1
7362,EL ASADERO COLOMBIANO,9,2,7,5,4
7363,EL ASADOR EXPRESS,13,6,7,5,8
7364,EL AUTHENTICO 5 DE MAYO,3,2,1,1,2
7365,EL AZTECA,43,17,26,17,26
7366,"EL AZTECA SANCHEZ, INC",4,1,3,3,1
7367,EL BARAKAH SUPER MARKET,6,1,5,4,2
7368,EL BARCO RESTAURANT,42,15,27,17,25
7369,EL BARZON,2,0,2,2,0
7370,EL BARZON RESTAURANT INC,15,7,8,6,9
7371,EL BASURERO RESTAURANT INC.,10,1,9,8,2
7372,EL BATEY CAFE Y MAS,5,1,4,4,1
7373,EL BERRINCHES RESTAURANT,2,0,2,1,1
7374,EL BIGGIE,3,1,2,2,1
7375,EL BODEGUERO,2,0,2,1,1
7376,EL BOMBAZO MEXICAN FOOD,5,2,3,2,3
7377,EL BRASERITO INC.,3,0,3,1,2
7378,EL BUEN GUSTO,5,2,3,2,3
7379,EL BUEN SAN PEDRANO,2,0,2,1,1
7380,EL BUEN TACO,2,1,1,1,1
7381,EL BUEN VALLE RESTAURANT,27,7,20,17,10
7382,EL BUENO TACOS,5,2,3,4,1
7383,EL BURRITO AMIGO,16,7,9,5,11
7384,EL BURRITO EXPRESS,3,1,2,2,1
7385,EL BURRITO FELIZ RESTAURANT,16,8,8,4,12
7386,EL BURRITO MEXICANO,14,7,7,4,10
7387,EL BURRITO MEXICO,4,0,4,3,1
7388,EL CABALLO LOCCO,29,7,22,18,11
7389,EL CABRITO,13,5,8,7,6
7390,EL CAMPEON TACO BAR EXPRESS,3,0,3,3,0
7391,EL CAMPESTRE #2,14,6,8,3,11
7392,"EL CAMPESTRE RESTAURANT, INC.",17,5,12,6,11
7393,EL CANGREJO,19,6,13,7,12
7394,EL CANGREJO GUAYACO LLC,4,1,3,1,3
7395,EL CANGREJO SEAFOOD RESTAURANT,2,1,1,0,2
7396,EL CANTANTE,6,1,5,4,2
7397,EL CAPITAN RESTAURANT,20,7,13,13,7
7398,EL CAPITAN SNACKS LLC,3,0,3,2,1
7399,EL CARRITO,17,1,16,8,9
7400,EL CASTILLO MEAT MARKET,17,5,12,7,10
7401,"EL CASTILLO MEAT MARKET, INC",4,1,3,1,3
7402,EL CENTENARIO SPORTS BAR & GRILL,13,5,8,7,6
7403,EL CHARRO,3,1,2,2,1
7404,EL CHARRO RESTAURANT INC,10,7,3,2,8
7405,EL CHE BAR,10,5,5,7,3
7406,EL CHE STEAKHOUSE & BAR,4,1,3,4,0
7407,EL CHIKITO TRUCK,2,2,0,0,2
7408,EL CHILAQUIL,4,2,2,3,1
7409,EL CHILE RESTAURANT & PANCAKE HOUSE,29,8,21,17,12
7410,EL CHILE VERDE,4,2,2,2,2
7411,EL CHILITO LOCO,9,4,5,5,4
7412,EL CHISME,19,7,12,6,13
7413,EL CHISME REST INC,14,6,8,4,10
7414,EL CHIVITO JALICIENSE CORP,9,5,4,2,7
7415,EL CHIVITO JALISIENSE,3,1,2,1,2
7416,EL CHURRITO,5,2,3,4,1
7417,EL CHURRITO ROJAS,2,1,1,1,1
7418,EL CHURRITO ROJAS INC.,11,6,5,5,6
7419,EL CHURRITO3,3,1,2,2,1
7420,EL CHURRO SHOP,2,0,2,2,0
7421,EL CID TACOS #2,21,9,12,10,11
7422,EL CISNE,2,1,1,2,0
7423,EL CONCORDIA,5,2,3,3,2
7424,EL CONDE,2,1,1,1,1
7425,EL CONDE S.A.,10,6,4,5,5
7426,EL CONDES..A.,2,1,1,1,1
7427,EL CONO LOCO,7,2,5,3,4
7428,EL CONSULADO TAQUERIA,2,0,2,1,1
7429,EL COQUI RESTAURANT,3,0,3,3,0
7430,EL CORRAL,4,2,2,3,1
7431,EL CORRALITO OCOTLAN RESTAURANT,4,1,3,3,1
7432,EL COYOTE MEXICAN GRILL,3,3,0,1,2
7433,EL CRAZY TAKO,3,0,3,2,1
7434,EL CUBANITO,23,5,18,14,9
7435,EL DIAMANTE AZUL RESTAURANT,8,4,4,5,3
7436,EL DICHO,2,1,1,1,1
7437,EL DRAGON,6,3,3,3,3
7438,EL DULCE SABOR,3,1,2,1,2
7439,EL EDEN SALUDABLE,2,0,2,1,1
7440,EL ENCANTO MICHOACANO,9,3,6,4,5
7441,"EL ENCANTO PRODUCTS, INC.",2,2,0,0,2
7442,EL ENCANTO RESTAURANT,4,2,2,3,1
7443,EL FAMOUS BURRITO - ROGERS PARK,6,2,4,0,6
7444,EL FAMOUS RESTAURANT,16,9,7,7,9
7445,EL FANDANGO,4,2,2,2,2
7446,EL FARO CARIBBEAN SEAFOOD,6,0,6,3,3
7447,EL FARO FOODS,3,1,2,2,1
7448,EL FARO RESTAURANT,22,6,16,14,8
7449,EL FIRULETE INC.,4,0,4,3,1
7450,EL FOGON DE ELENA RESTAURANT,10,2,8,7,3
7451,EL FORASTERO LLC,4,0,4,2,2
7452,EL G-FE,11,3,8,6,5
7453,EL GALLO,6,3,3,3,3
7454,EL GALLO BRAVO,41,19,22,20,21
7455,"EL GALLO GIRO, INC.",19,12,7,6,13
7456,EL GALLO MEXICAN FOOD,2,1,1,1,1
7457,EL GALLO MEXICAN FOOD INC.,17,5,12,9,8
7458,EL GALLO ORO,11,5,6,2,9
7459,EL GARCIA RESTAURANT,8,4,4,3,5
7460,"EL GLOBO BAKERY & ICE CREAM,INC.",8,0,8,7,1
7461,EL GORDO RESTAURANT,18,10,8,5,13
7462,EL GRAN BURRITO,25,12,13,10,15
7463,EL GRAN BURRITO EXPRESS #2,8,4,4,3,5
7464,EL GRAN BURRITO EXPRESS #3,5,3,2,1,4
7465,"EL GRAN BURRITO EXPRESS, INC.",2,1,1,0,2
7466,EL GRAN GALLO,3,0,3,2,1
7467,EL GRECO'S BURRITOS,3,0,3,1,2
7468,EL GUANACO,13,6,7,4,9
7469,EL GUANACO 2,14,5,9,6,8
7470,EL GUERO,34,12,22,18,16
7471,EL GUERRERENSE RESTAURANT,8,4,4,5,3
7472,EL GUSANO ROJO II,12,5,7,8,4
7473,EL GUSTAZO BORICUA LLC,2,0,2,2,0
7474,EL HABANERO INC.,14,6,8,3,11
7475,EL HEFE,17,7,10,10,7
7476,EL HOGAR DEL NINO,22,10,12,5,17
7477,EL HUARACHE DE MARIA,15,5,10,8,7
7478,EL IDEAS,12,1,11,7,5
7479,EL IMPERIO DE MEMIN,4,1,3,4,0
7480,EL JACALITO,18,7,11,8,10
7481,EL JALAPENO,4,0,4,1,3
7482,"EL JARAL SUPERMARKET, INC.",4,3,1,2,2
7483,EL JARDIN CAFE,5,1,4,4,1
7484,EL JARDIN MEXICAN & AMERICAN FOOD,12,7,5,4,8
7485,EL JARDIN RESTAURANT,20,4,16,12,8
7486,EL JEFE,4,1,3,2,2
7487,EL JEFFE,3,2,1,1,2
7488,EL JEREZANO RESTAURANT,10,4,6,3,7
7489,EL KAPORAL RESTAURANT,16,4,12,7,9
7490,EL LAR'S,5,0,5,5,0
7491,EL LLANO RESTAURANT,21,6,15,8,13
7492,EL LLANO RESTAURANT INC #2,3,1,2,2,1
7493,EL MACHO TACOS,3,1,2,2,1
7494,EL MAMEY LOUNGE,4,0,4,3,1
7495,"EL MARIACHI  RESTAURANT, INC",16,10,6,6,10
7496,EL MARIACHI DE LOS COMPADRES INC,4,0,4,3,1
7497,EL MARIACHI RESTAURANT,30,12,18,16,14
7498,EL MAYA,15,2,13,7,8
7499,EL MECADO BARATO,3,0,3,2,1
7500,EL MERCADITO,13,3,10,8,5
7501,"EL MERCADO BARATO,INC.",6,3,3,4,2
7502,"EL MERCADO FOOD MART, LLC",4,0,4,2,2
7503,EL MERCADO FRESCO,2,1,1,1,1
7504,"EL MERO SUPERMARKET, INC",2,0,2,1,1
7505,EL METRO,11,5,6,5,6
7506,EL MEXICANO,9,2,7,6,3
7507,EL MEZCAL,9,4,5,4,5
7508,EL MEZCAL RESTAURANT,2,0,2,2,0
7509,EL MEZQUITE,4,3,1,2,2
7510,EL MEZQUITE GRILL,15,8,7,2,13
7511,EL MEZQUITE INC.,14,7,7,5,9
7512,EL MICHOACANITO,22,8,14,12,10
7513,EL MILAGRO,79,31,48,30,49
7514,EL MILAGRO GROCERY,2,1,1,1,1
7515,EL MILAGRO MINI MARKET,2,2,0,1,1
7516,EL MIRADOR RESTAURANT,10,7,3,5,5
7517,EL MOFONGUITO LLC,6,1,5,4,2
7518,EL MOLINO TAQUERIA,3,1,2,2,1
7519,EL MORELENSE,5,2,3,4,1
7520,EL MORO LETRAN CHURROS & BAKERY,5,2,3,2,3
7521,EL MORRO CAFE,8,1,7,3,5
7522,EL MUCHACHO ALEGRE,24,9,15,11,13
7523,EL MUELLE,17,8,9,7,10
7524,EL NEW CHAPALA,3,1,2,2,1
7525,EL NOPAL,4,0,4,3,1
7526,EL NOPAL BAKERY,8,3,5,5,3
7527,EL NORTE,5,2,3,3,2
7528,EL NOVILLO TAQUERIA INC,4,1,3,2,2
7529,EL NUEVO ALTENO,6,1,5,6,0
7530,EL NUEVO BORIQUEN,8,2,6,5,3
7531,EL NUEVO GUADALAJARA INC,20,4,16,11,9
7532,EL NUEVO LANGOSTINO INC,3,1,2,2,1
7533,EL NUEVO MEXICANO,28,12,16,13,15
7534,EL NUEVO PUEBLITA,8,1,7,7,1
7535,EL NUEVO PUERTO MARISCOS AND GRILL,9,2,7,7,2
7536,EL NUEVO SOL DE MEXICO,13,7,6,6,7
7537,EL NUEVO TACO LOCO,6,2,4,4,2
7538,EL NUEVO TACONAZO,22,8,14,12,10
7539,EL NUEVO TACONAZO#2,5,2,3,4,1
7540,"EL NUEVO TACONAZO, INC.",17,3,14,12,5
7541,EL OASIS GRILL,2,1,1,1,1
7542,EL ORIGINAL ACAMBARO BAKERY INC,8,4,4,3,5
7543,"EL ORIGINAL CHAVAS TACOS, INC",17,12,5,7,10
7544,"EL ORIGINAL CHAVAS TACOS, INC.",24,10,14,5,19
7545,EL ORIGINAL GALLO BRAVO,13,7,6,5,8
7546,EL PABLANO RESTAURANT & BAR,4,1,3,2,2
7547,EL PACIFICO,8,4,4,3,5
7548,"EL PACIFICO,INC",15,7,8,5,10
7549,EL PADRE NUESTRO INC,4,0,4,3,1
7550,EL PAISA LOUNGE,2,2,0,1,1
7551,EL PAISANO TACO'S,17,7,10,5,12
7552,EL PAISANO TACOS INC,13,5,8,5,8
7553,EL PALENQUE,6,1,5,5,1
7554,EL PARAISO BAKERY,3,0,3,3,0
7555,EL PARAIZO TERRENAL,9,1,8,6,3
7556,EL PARIENTE TAQUERIA,3,0,3,2,1
7557,EL PATIO RESTAURANT,13,7,6,2,11
7558,EL PATRON,6,3,3,3,3
7559,EL PATRON  TTAQUERIA,5,3,2,3,2
7560,EL PATRON A MODERN TAQUERIA,22,11,11,9,13
7561,EL PATRON II,6,2,4,5,1
7562,EL PATRON MEXICAN GRILL,6,3,3,3,3
7563,EL PATRONCITO TAQUERIA INC,7,0,7,7,0
7564,EL PAYASITO,4,0,4,2,2
7565,EL PECADO INC.,10,3,7,7,3
7566,EL PEDREGAL,4,2,2,3,1
7567,EL PESCADOR RESTAURANT,15,6,9,6,9
7568,EL PHOENIX FAMILY RESTAURANT,3,1,2,2,1
7569,EL PICOSITO JIBARO INC.,8,2,6,3,5
7570,EL PIKETE,2,1,1,2,0
7571,EL PILON,4,2,2,2,2
7572,EL PILON RESTAURANT,3,1,2,2,1
7573,EL PILON RESTAURANT CORPORATION,8,1,7,7,1
7574,EL PIPILA,3,1,2,1,2
7575,EL PLAN DE LOBOS,11,4,7,8,3
7576,EL PLAN INC,14,6,8,8,6
7577,EL POLLO BRAVO,14,5,9,9,5
7578,EL POLLO BRAVO INC.,4,0,4,4,0
7579,EL POLLO CRIS CRIS,4,3,1,2,2
7580,EL POLLO CRIS CRIS 2,2,1,1,1,1
7581,EL POLLO FIESTERO,6,1,5,3,3
7582,"EL POLLO GRILL, INC.",12,5,7,7,5
7583,EL POLLO JUGOSO,3,0,3,2,1
7584,EL POLLO RANCHERO,5,3,2,2,3
7585,EL POLLO REAL,17,6,11,6,11
7586,EL POLLO REAL INC,13,9,4,4,9
7587,EL POLLO REGIO,6,0,6,4,2
7588,EL POPOCATEPETL IND INC,6,3,3,1,5
7589,EL POTOSINO GRILL,2,1,1,1,1
7590,EL POTRILLO,3,0,3,3,0
7591,EL POZOLITO #2 RESTAURANT,5,4,1,1,4
7592,EL POZOLITO RESTAURANT,5,1,4,3,2
7593,EL PRESIDENTE RESTAURANT,32,7,25,18,14
7594,EL PROGRESO,25,7,18,15,10
7595,EL PROGRESSO,2,1,1,2,0
7596,EL PUEBLITO,9,3,6,5,4
7597,EL PUEBLITO #1,10,3,7,6,4
7598,EL PUEBLITO #5,3,1,2,2,1
7599,EL PUEBLITO ALIAH,6,2,4,3,3
7600,EL PUEBLITO MEXICAN GRILL,11,3,8,6,5
7601,EL PUEBLO,18,8,10,6,12
7602,EL PUEBLO #1,4,1,3,2,2
7603,EL PUEBLO 5,3,0,3,2,1
7604,EL PUERTO DE SAN BLAS,3,1,2,2,1
7605,EL PUERTO MARISCOS AND GRILL INC.,8,2,6,6,2
7606,EL PUERTO RESTAURANT,16,5,11,9,7
7607,EL PUESTECITO,3,1,2,2,1
7608,EL QUETZAL,6,1,5,3,3
7609,EL QUETZAL RESTAURANT,3,1,2,3,0
7610,EL RANCHITO FOOD,16,7,9,7,9
7611,EL RANCHITO FOOD MARKET,20,9,11,10,10
7612,EL RANCHITO SAN MARCOS RESTAURANT,2,0,2,2,0
7613,EL RANCHITO TACOS,9,5,4,6,3
7614,EL RANCHO,6,2,4,4,2
7615,EL RAYO TACOS INC,7,1,6,4,3
7616,EL REBOZO,5,3,2,3,2
7617,EL REMATE DISCOUNT CHICAGO,2,1,1,2,0
7618,EL RESTAURANTE TINAJON,6,1,5,5,1
7619,EL REY,2,0,2,1,1
7620,EL REY DE LA COSTA,10,1,9,7,3
7621,EL REY DEL MAIZ,10,3,7,7,3
7622,EL REY DEL TACO & BURRITO,19,8,11,9,10
7623,EL REY DEL TACO & BURRITOS,21,11,10,10,11
7624,EL RINCON AZTECA,3,2,1,2,1
7625,EL RINCON DE FABIO,4,1,3,2,2
7626,EL RINCON DE JALISCO,4,2,2,2,2
7627,EL RINCON DE MEXICO,9,0,9,5,4
7628,EL RINCON DE TABASCO,3,0,3,3,0
7629,EL RINCON DEL ELOTE Y NEVERIA,5,0,5,4,1
7630,"EL RINCON DEL SABOR INC.,",10,4,6,7,3
7631,EL RINCON DEL SABOR Y ALGO MAS CORP.,6,4,2,2,4
7632,EL RINCON NORTENO  INC,11,5,6,4,7
7633,EL RINCONCITO DE ARANDAS,2,2,0,0,2
7634,EL RIO RESTAURANT,5,3,2,1,4
7635,EL RODEO INC,13,7,6,6,7
7636,EL RODEO SUPER MERCADO,5,4,1,2,3
7637,EL RODEO SUPER MERCADO INC.,2,1,1,1,1
7638,"EL RODEO, INC.",7,5,2,3,4
7639,EL RUISENOR - DAYCARE CENTER,16,9,7,5,11
7640,EL RUISENOR AZUL ACADEMY,12,4,8,4,8
7641,EL RUISENOR DAY CARE CENTER CORP.,3,2,1,0,3
7642,EL RUISENOR ROJO ACADEMY,6,4,2,1,5
7643,EL RUISENOR Y EL SOL ACADEMY,7,1,6,2,5
7644,EL SABOR DE MI COMDA MEXICANA,3,1,2,2,1
7645,EL SABOR DEL TRIUNFO,15,4,11,10,5
7646,EL SABOR LA MICHOACANITA LLC,4,2,2,3,1
7647,EL SABOR PIZZERIA AND ROASTED CHICKEN,4,2,2,2,2
7648,EL SABOR POBLANO,8,2,6,4,4
7649,EL SALSERIN,3,1,2,2,1
7650,EL SALVADOR RESTAURANT,13,2,11,8,5
7651,EL SAMARITANO GRILL,5,1,4,3,2
7652,EL SANTO TAQUERIA,3,1,2,3,0
7653,"EL SAZON BORICUA, INC.",3,0,3,2,1
7654,EL SAZON DE VICTORIA,12,3,9,8,4
7655,EL SAZON RESTAURANT,3,0,3,1,2
7656,"EL SELECTO PRODUCTS, L.L.C.",5,3,2,3,2
7657,EL SEMBRADOR,2,0,2,1,1
7658,EL SENOR PAN CAFE EXPRESS,2,0,2,2,0
7659,EL SENOR TAMAL,10,2,8,7,3
7660,EL SIETE CATERING,2,1,1,1,1
7661,EL SITIO,2,0,2,1,1
7662,EL SOL DE MICHOACAN,9,3,6,6,3
7663,EL SOL RESTAURANT INC.,2,2,0,1,1
7664,EL SOLAZO,30,11,19,13,17
7665,EL SOMBRERO,8,3,5,5,3
7666,"EL SOUK RESTAURANT, INC",7,2,5,6,1
7667,EL SPOT CAFE LLC,4,1,3,3,1
7668,EL SUPER TACAZO,3,2,1,1,2
7669,EL SUPER TACO LOCO,3,1,2,1,2
7670,EL SUPERMERCADO MARTINEZ,9,4,5,6,3
7671,EL SUR FOODS,4,3,1,1,3
7672,EL SURTIDAZO BOTANERO,5,3,2,3,2
7673,EL TACO AZTECA,18,6,12,12,6
7674,EL TACO AZTECA BRIDGEPORT,8,2,6,6,2
7675,EL TACO AZTECA INC.,6,1,5,4,2
7676,EL TACO EXPRESS,5,2,3,4,1
7677,EL TACO FELIZ TAQUERIA,5,1,4,4,1
7678,"EL TACO FELIZ, INC.",9,5,4,5,4
7679,EL TACO NACO,10,4,6,4,6
7680,EL TACO SABROSO #1 INC,12,7,5,5,7
7681,EL TACO SABROSO INC.,9,5,4,3,6
7682,EL TACO VELOZ TAQUERIA,20,7,13,10,10
7683,EL TACONAZO  LA FIESTA INC.,17,4,13,12,5
7684,EL TACONAZO EXPRESS INC,11,3,8,5,6
7685,EL TACONAZO JR.,18,7,11,11,7
7686,EL TACONAZO LA FIESTA,10,2,8,9,1
7687,EL TACONAZO RESTAURANT,51,20,31,32,19
7688,EL TACONCITO,12,5,7,6,6
7689,EL TACONZAZO,24,10,14,13,11
7690,EL TACOTOTE RESTAURANT,3,0,3,2,1
7691,EL TAINO RESTAURANT,6,2,4,4,2
7692,EL TARASCO,29,11,18,16,13
7693,EL TAZON LATINO GRILL,2,1,1,2,0
7694,EL TEJADO MEXICAN GRILL,11,4,7,4,7
7695,EL TEQUILAS,9,5,4,5,4
7696,EL TERCO LEON TAQUERIA,4,1,3,2,2
7697,EL TEXCAL RESTAURANT,10,5,5,7,3
7698,EL TIO CHAMOY,2,0,2,2,0
7699,EL TIO MARIO,9,3,6,4,5
7700,EL TIPICO,5,2,3,3,2
7701,EL TIPICO MEXICAN GRILL,21,8,13,13,8
7702,EL TRAGON TAQUERIA,7,4,3,4,3
7703,EL TRIGAL FOOD AND BAKERY,6,1,5,3,3
7704,EL TRIGAL MEXICANA BAKERY,7,5,2,3,4
7705,EL TROMPO,2,0,2,1,1
7706,EL VALLE RESTAURANT,11,6,5,5,6
7707,EL VALOR CORPORATION,13,7,6,3,10
7708,"EL VASO LOKO, INC.",5,2,3,3,2
7709,EL VELERO DE NAYARIT,14,4,10,8,6
7710,EL VENENO DE LA VILLITA,5,1,4,4,1
7711,EL VIGIA RESTAURANT,19,5,14,11,8
7712,"EL VITOR NACATACOS #2, INC.",3,1,2,2,1
7713,EL VOLCANAZZOO,4,1,3,3,1
7714,EL XANGARRITO MEX RESTAURANT,7,1,6,3,4
7715,EL ZAZON DE LOLA,2,0,2,1,1
7716,EL ZURDO RESTAURANT,4,0,4,4,0
7717,EL-JEEB GROCERY & MEAT,6,2,4,1,5
7718,EL-MONT TAP,4,3,1,2,2
7719,EL-SHADDAI FOOD MARKET,3,0,3,2,1
7720,ELAINE CHOP SUEY,20,4,16,12,8
7721,ELAINE CHOP SUEY INC,9,5,4,2,7
7722,ELAINE'S CHOP SUEY 1,3,0,3,2,1
7723,ELAINE'S COFFEE CALL,3,2,1,1,2
7724,"ELBO FOOD MART, INC.,",10,3,7,8,2
7725,ELBRUS RESTAURANT,3,1,2,2,1
7726,ELEA MEDITERRANEAN FOOD MARKET,7,2,5,2,5
7727,ELEAVEN FOOD COMPANY,21,11,10,9,12
7728,ELECTRIC GARDEN,10,3,7,6,4
7729,ELECTRIC HOTEL,6,3,3,3,3
7730,ELECTRIC MUD COFFEE BAR,3,0,3,2,1
7731,ELEGANCE,4,1,3,3,1
7732,ELEMENT,5,2,3,4,1
7733,"ELEMENTS, INC.",2,1,1,1,1
7734,ELENI'S CAFE,5,2,3,1,4
7735,ELENIS CAFE,7,3,4,3,4
7736,ELEPHANT & CASTLE,3,3,0,1,2
7737,ELEPHANT & CASTLE PUB & RESTAURANT,39,18,21,11,28
7738,ELEPHANT & CASTLE PUB RESTAURANT,13,8,5,5,8
7739,ELEPHANT + VINE,3,1,2,2,1
7740,ELEPHANTS ETC INC,2,0,2,1,1
7741,"ELEVATE CARE CHICAGO NORTH, LLC",4,1,3,1,3
7742,"ELEVATE CARE IRVING PARK, LLC",4,0,4,2,2
7743,ELEVATE COFFEE,5,0,5,5,0
7744,ELEVATED NOURISHMENT,4,1,3,3,1
7745,ELEVATION 46 CAFE,3,0,3,2,1
7746,ELEVEN CITY DINER,34,11,23,11,23
7747,ELEVEN ELEVEN,20,4,16,18,2
7748,ELGEEB GROCERY,3,2,1,1,2
7749,ELI TEA BAR,4,2,2,2,2
7750,ELI WHITNEY ELEMENTARY SCHOOL,20,11,9,6,14
7751,ELI WHITNEY ELEMENTARY SCHOOL/ANNEX,20,8,12,7,13
7752,ELI'S CHEESECAKE,13,6,7,2,11
7753,ELI'S CHEESECAKE WORLD,27,9,18,11,16
7754,ELI'S GRAB-N-GO,4,1,3,3,1
7755,ELIAS ENTERPRISE INC,9,4,5,2,7
7756,ELIAS RESTAURANT,11,2,9,5,6
7757,ELINA'S,8,1,7,4,4
7758,ELIO PIZZA ON FIRE II INC,2,1,1,1,1
7759,ELIS ARK,5,3,2,3,2
7760,ELITE BOBA,3,1,2,2,1
7761,ELITE CAR SERVICE,2,0,2,1,1
7762,ELITED,2,0,2,2,0
7763,ELIZABETH RESTAURANT,24,10,14,15,9
7764,ELLA ELLI,12,5,7,8,4
7765,"ELLA'S BBQ, INC.",9,1,8,7,2
7766,ELLA'S CORNER,14,6,8,6,8
7767,ELLAS GYROS,3,1,2,3,0
7768,ELLEN'S KITCHEN,22,7,15,14,8
7769,ELLIE'S,13,7,6,6,7
7770,ELLIOTT'S SEAFOOD AND CHOP HOUSE GRILL,20,5,15,12,8
7771,ELLIPSIS COFFEEHOUSE,2,1,1,1,1
7772,ELLIPSIS COFFEEHOUSE LLC,7,6,1,2,5
7773,ELLY'S PANCAKE HOUSE,45,17,28,28,17
7774,ELM STREET LIQUORS,4,1,3,3,1
7775,ELMOUINE1122 CORP.,3,0,3,2,1
7776,ELNORA'S HEALTH UNLIMITED,3,3,0,2,1
7777,ELOTES GUY SUPER BOTANAS,2,0,2,2,0
7778,ELSIETECATERING,6,1,5,4,2
7779,ELSKE,15,6,9,8,7
7780,ELSTON & KIMBALL LIQUOR,4,3,1,4,0
7781,ELSTON AVENUE FOOD COMPANY,18,6,12,8,10
7782,ELSTON CHICKEN POULTRY,9,5,4,4,5
7783,ELSTON GROCERS,5,2,3,2,3
7784,ELSTON MARKET,2,0,2,2,0
7785,ELSTON NUGGET INC,20,9,11,9,11
7786,ELVIA GAMA,16,4,12,8,8
7787,ELYSIA ROOT CAKES,9,2,7,3,6
7788,ELYSIAN HOTEL CHICAGO,9,3,6,4,5
7789,EM LOUNGE,9,0,9,6,3
7790,EMA,11,5,6,2,9
7791,EMAN GAS & FOOD INC.,2,0,2,1,1
7792,EMBASSY GIFTS,3,1,2,2,1
7793,EMBASSY PUBLIC HOUSE,8,0,8,4,4
7794,EMBASSY SUITES,22,5,17,11,11
7795,EMBASSY SUITES BY HILTON CHICAGO DOWNTOWN RIVER NO,4,1,3,0,4
7796,EMBEYA,10,3,7,4,6
7797,EMECHE CAKERY & CAFE,5,1,4,3,2
7798,EMELIA OCAMPO,2,2,0,2,0
7799,EMERALD CITY CO,9,6,3,2,7
7800,EMERALD CITY COFFEE,27,11,16,11,16
7801,EMERALD LOOP BAR & GRILL,18,6,12,7,11
7802,EMILIANO ZAPATA ACADEMY,19,8,11,7,12
7803,EMILIANO'S RESTAURANT INC.,3,1,2,0,3
7804,EMILIO'S PRODUCE,3,1,2,2,1
7805,EMILIO'S TAPAS,11,4,7,6,5
7806,EMILS,2,2,0,1,1
7807,EMMA'S BREAKFAST AND LUNCH,11,7,4,6,5
7808,EMMANUEL CHRISTIAN SCHOOL,4,1,3,2,2
7809,EMMANUEL ICE CREAM,3,2,1,2,1
7810,EMMET ELEMENTARY,7,2,5,4,3
7811,EMMIT'S ON CLYBOURN,15,2,13,10,5
7812,EMPANADA MAMA AND THE PIE MAN,4,0,4,3,1
7813,EMPANADAS BURGERS & MORE,2,1,1,1,1
7814,EMPEROR CUISINE,7,2,5,5,2
7815,EMPEROR WOK,11,3,8,4,7
7816,EMPEROR'S CHOICE RESTAURANT,16,9,7,5,11
7817,EMPIRE FOOD MART INC.,3,1,2,2,1
7818,EMPIRE RESTAURANT,11,4,7,7,4
7819,EMPIRICAL BREW PUB,4,2,2,2,2
7820,EMPIRICAL BREWERY,4,0,4,2,2
7821,EMPORIUM ARCADE BAR,6,0,6,4,2
7822,EMPORIUM LOGAN SQUARE,10,6,4,5,5
7823,"EMPOWERING YOUNG MINDS, LLC",7,3,4,3,4
7824,EMPTY BOTTLE INC,2,0,2,2,0
7825,EN HAKKORE,2,0,2,1,1
7826,EN HAKKORE 2.0,10,4,6,7,3
7827,EN HAKKORE DAMEN,9,5,4,8,1
7828,EN HAKKORE INC.,8,3,5,4,4
7829,"EN LAI ASIAN GRILL, INC.",16,11,5,4,12
7830,EN LAI RESTAURANT,2,0,2,2,0
7831,EN MASSE LLC,4,1,3,2,2
7832,EN PASSANT,4,1,3,2,2
7833,ENANO'S FOOD MART INC,3,1,2,2,1
7834,ENCHANTING CAFE AND LOUNGE,2,0,2,1,1
7835,"ENCHILADAS LUPITA, INC.",11,3,8,6,5
7836,ENCORE LIQUOR LOUNGE 7 LUNCH CLUB,5,3,2,1,4
7837,ENDGRAIN,11,4,7,6,5
7838,ENDIS,11,4,7,3,8
7839,ENDY'S DELI INC.,2,2,0,1,1
7840,ENERGIA Y NUTRICION,3,0,3,2,1
7841,ENERGY AND HEALTH CLUB,2,1,1,1,1
7842,ENERGY FIT,6,2,4,4,2
7843,ENERGY HOUSE,4,3,1,3,1
7844,ENERGYM FITNESS CENTER,3,1,2,2,1
7845,ENG'S ASIAN CUISINE,26,11,15,13,13
7846,ENGINE COFFEE,2,0,2,1,1
7847,ENGLEWOOD CITGO,6,2,4,3,3
7848,ENGLEWOOD COMMUNITY MART LLC,4,2,2,2,2
7849,ENGLEWOOD FOOD WHOLESALE MARKET INC.,2,0,2,1,1
7850,ENGLEWOOD GROCERY FOOD,3,1,2,2,1
7851,ENGLEWOOD MARATHON,10,3,7,7,3
7852,ENGLEWOOD MARKET,24,10,14,13,11
7853,"ENGLEWOOD MINI MART,INC",4,1,3,2,2
7854,ENGLEWOOD SATELLITE SENIOR CENTER,16,8,8,5,11
7855,ENGLEWOOD STEM H.S.,5,1,4,1,4
7856,ENGLISH,8,0,8,8,0
7857,ENJOY CHICKEN & FISH,2,0,2,2,0
7858,ENJOYACORN,2,1,1,1,1
7859,ENRICH MARKET,4,2,2,3,1
7860,ENRIQUE CASTILLO,2,0,2,2,0
7861,ENRIQUEZ PRODUCE INC.,2,1,1,1,1
7862,ENSO SUSHI & BAR,11,2,9,8,3
7863,ENTENMANN'S THRIFT BAKERY,2,1,1,1,1
7864,ENTERTAINING COMPANY,12,5,7,3,9
7865,ENTREE GLOBAL,6,2,4,3,3
7866,ENVISION FOODS LLC,8,3,5,2,6
7867,ENZO & EMILIA,4,3,1,1,3
7868,EPIC,17,5,12,9,8
7869,EPIC ACADEMY,19,10,9,4,15
7870,EPIC BANQUET HALL,11,7,4,3,8
7871,EPIC BURGER,59,24,35,24,35
7872,EPIC BURGER INC,18,9,9,10,8
7873,"EPIC BURGER, INC",16,3,13,9,7
7874,EPIC CATERING INC,6,2,4,4,2
7875,EPIC CATERING INC.,11,5,6,4,7
7876,EPIC KITCHENS,5,2,3,3,2
7877,EPIPHANY CENTER FOR THE ARTS,12,1,11,11,1
7878,EPIPHANY ELEMENTARY SCHOOL,18,12,6,5,13
7879,EPIPHANY PARISH/CHURCH,4,0,4,3,1
7880,EPIPHANY RESTAURANT,9,1,8,6,3
7881,EPPLES RESTAURANT,32,9,23,15,17
7882,EPPYS CAFE & DELI,7,3,4,2,5
7883,ERENDIRA MORENO,2,1,1,1,1
7884,ERIC'S FOOD CENTER,16,7,9,9,7
7885,ERICK SOLORIO ACADEMY HIGH SCHOOL,19,9,10,5,14
7886,ERICK'S TACO,3,2,1,1,2
7887,ERICK'S TACOS,13,5,8,7,6
7888,ERICKSONS DELICATESSEN,4,1,3,3,1
7889,ERICSON ELEMENTARY SCHOOL,21,12,9,7,14
7890,ERIE CAFE,21,9,12,11,10
7891,ERIE COMMUNITY CENTER,3,2,1,1,2
7892,ERIE FOOD MART,2,1,1,1,1
7893,ERIE FRESH,3,1,2,2,1
7894,ERIE NEIGHBORHOOD HOUSE,18,8,10,4,14
7895,ERIK'S DELI,26,10,16,13,13
7896,ERIK'S DELI & SOUP BARZ,3,0,3,3,0
7897,ERIKA GRILL,4,3,1,3,1
7898,ERIKS DELI,5,2,3,2,3
7899,ERIS BREWERY AND CIDER HOUSE,11,4,7,4,7
7900,ERMEL'S,4,2,2,1,3
7901,ERNEST & YOUNG CHICAGO COFFEE BAR,2,2,0,1,1
7902,ERNIE'S RESTAURANT,3,0,3,3,0
7903,ERNST PRUSSING ELEMENTARY SCHOOL,21,11,10,7,14
7904,ERSULA HOWARD CHILD CARE CENTER,12,3,9,3,9
7905,ERWIN,2,1,1,1,1
7906,ESAM GROCERY,8,2,6,6,2
7907,ESCUELA DE REPOSTERIA HANNAH CREATIONS LLC,4,0,4,4,0
7908,ESENCIA URBAN KITCHEN,16,6,10,5,11
7909,ESHIKA,2,0,2,2,0
7910,ESMERALDA'S,3,2,1,1,2
7911,"ESPARZA'S TACOS, LLC",4,2,2,2,2
7912,ESPERANZA SCHOOL,18,10,8,6,12
7913,ESPERANZA'S KITCHEN DELIGHTS,8,2,6,4,4
7914,ESPINOZA,4,2,2,2,2
7915,ESPRESSAMENTE ILLY/CITYFRONT CAFE,8,2,6,5,3
7916,ESPRESSO AND MILK,2,0,2,1,1
7917,ESPRESSO THY ART,4,3,1,2,2
7918,ESPRESSO TIME LTD,2,0,2,2,0
7919,ESQUINA BARRA,9,2,7,9,0
7920,ESQUINA DEL SABOR CATROCHO,13,5,8,9,4
7921,ESQUINA DEL SAZON,4,3,1,1,3
7922,"ESQUIRE PETROLEUM, LLC",5,2,3,3,2
7923,ESSENCE OF CARE,4,1,3,3,1
7924,ESSENCE OF INDIA,15,5,10,6,9
7925,ESSENTIAL HEALTHY LIVING INC.,2,1,1,2,0
7926,ESTADIO GRILL,18,8,10,12,6
7927,ESTAR BIEN,4,1,3,3,1
7928,ESTAR BIEN 2,5,2,3,4,1
7929,ESTATE,2,0,2,2,0
7930,ESTATE ULTRA BAR,15,3,12,9,6
7931,ESTELLES CAFE & PUB LTD,5,1,4,4,1
7932,ESTELLES KITCHEN,2,1,1,1,1
7933,ESTEREO,7,1,6,4,3
7934,ESTHER PURNELL,2,1,1,2,0
7935,ESTHER'S ICE CREAM,6,2,4,1,5
7936,ESTILO DE VIDA,2,1,1,1,1
7937,ESTRADA,3,0,3,2,1
7938,ESTRELLA BLANCA,7,2,5,5,2
7939,ESTRELLA BLANCA NIGHT CLUB,8,3,5,6,2
7940,ESTRELLA NEGRA,19,8,11,5,14
7941,ETC. GRILL,2,0,2,0,2
7942,ETERNITY JUICE BAR & DELI,8,3,5,4,4
7943,ETHAN'S CAFE,2,1,1,1,1
7944,ETHEL SOUL FOOD,4,0,4,3,1
7945,ETHEL'S,2,1,1,2,0
7946,ETHIOPIAN DIAMOND RESTAURANT,23,8,15,10,13
7947,ETNO VILLAGE GRILL,6,1,5,4,2
7948,ETO'O,9,3,6,5,4
7949,ETTA,20,6,14,11,9
7950,EUPHRATES CAFE,3,2,1,2,1
7951,EUREST DINING,45,14,31,21,24
7952,EUREST DINING AT ACCENTURE,5,3,2,2,3
7953,EUREST DINING AT BROOKFIELD PROPERTIES,3,1,2,0,3
7954,EUREST DINING SERVICE @ ALBANY BANK & TRUST,8,1,7,1,7
7955,EUREST DINING SERVICES,95,39,56,40,55
7956,EUREST DINING SERVICES @ L'OREAL,2,2,0,1,1
7957,EUREST DINING SERVICES AT CAFE 300,18,6,12,7,11
7958,EURO CAFE',13,4,9,4,9
7959,EURO CAPPUCCINO INC,4,2,2,3,1
7960,EURO CONVENIENT,2,0,2,1,1
7961,EURO CONVENIENT STORE,3,1,2,3,0
7962,EURO USA CHICAGO,2,2,0,1,1
7963,EUROASIA RESTAURANT,9,2,7,6,3
7964,EUROPA GALLERIA INC,10,2,8,7,3
7965,"EUROPEAN AMERICAN GROCERY AND MEAT MARKET, INC..",14,7,7,4,10
7966,EUROPEAN CHALET,13,6,7,3,10
7967,EUROPEAN CLASSIC,17,10,7,4,13
7968,EUROPEAN FOOD MART,7,6,1,1,6
7969,EUROSTARS MAGNIFICENT MILE,9,1,8,2,7
7970,EVA'S CLUB,4,0,4,3,1
7971,"EVA'S COFFEE, INC.",17,8,9,9,8
7972,EVAN STREET LLC,4,1,3,3,1
7973,EVANGELICAL CHRISTIAN SCHOOL,9,4,5,4,5
7974,EVANGELICAL LUTHERAN/ST PHILIP,2,2,0,0,2
7975,EVANGELICAL LUTHERAN/ST PHILLIP,8,2,6,3,5
7976,EVANS FOOD & MORE,3,0,3,2,1
7977,EVANS FOOD MART,2,1,1,1,1
7978,EVELYN J PORTER BERRY,3,0,3,2,1
7979,EVELYN'S,14,6,8,6,8
7980,EVELYN'S FOOD MARKET,6,2,4,3,3
7981,EVER,6,0,6,4,2
7982,"EVERBROOK ACADEMY, LLC",6,2,4,4,2
7983,EVERETT ELEMENTARY,20,10,10,7,13
7984,EVERETTE'S COFFEE,2,1,1,1,1
7985,EVERGREEN CONVENIENT FOOD,15,6,9,7,8
7986,EVERGREEN FOOD STOP,3,0,3,2,1
7987,EVERGREEN FOODMART,2,0,2,1,1
7988,EVERGREEN RESTAURANT,28,9,19,15,13
7989,EVERYBODY SHOW OUT BOUTIQUE THEATER,2,0,2,1,1
7990,EVERYBODY'S COFFEE,12,6,6,4,8
7991,EVERYDAY FRESH PRODUCE,3,1,2,0,3
7992,EVERYDAY MINI MARKET INC.,2,0,2,1,1
7993,EVERYDAY THAI,5,1,4,2,3
7994,EVERYTHING 4 LESS INC.,2,1,1,1,1
7995,EVERYTHING TACOS,10,2,8,7,3
7996,EVETTE'S SHEFFIELD LLC,3,1,2,2,1
7997,EVITA ARGENTINIAN STEAKHOUSE,21,4,17,16,5
7998,EVOLUTION WINE & SPIRITS,8,5,3,3,5
7999,EVOLVE BISTRO,6,1,5,3,3
8000,EVOLVE BY HUDSON,2,0,2,0,2
8001,EWDUARD CORPORATION,15,6,9,10,5
8002,EX LIBRIS SCIENCE DIGEST COFFEE,11,3,8,4,7
8003,EXCALIBUR CHICAGO INC,2,2,0,0,2
8004,EXCEL,4,1,3,2,2
8005,EXCEL ACADEMY OF SOUTH SHORE,7,3,4,2,5
8006,EXCELSIOR GARDEN,20,9,11,5,15
8007,EXCHEQUER RESTAURANT,22,4,18,10,12
8008,EXCLUSION FOOD MARKET,2,0,2,1,1
8009,EXCLUSION FOOD MARKET 2 INC.,4,2,2,2,2
8010,EXCLUSIVELY ROYAL EVENT VENUE LLC,3,2,1,3,0
8011,EXIT,5,3,2,3,2
8012,EXOS WORKS,4,2,2,4,0
8013,EXPERANCA,3,1,2,3,0
8014,EXPLORER CAFE,5,3,2,1,4
8015,EXPOSURE TAPAS SUPPER CLUB & GALLERY,3,1,2,2,1
8016,EXPRESS,2,1,1,1,1
8017,EXPRESS CAFE,8,1,7,2,6
8018,EXPRESS CAFE INC,3,1,2,2,1
8019,EXPRESS CONVIENENCE  & EXPRESS ABC COMMUNICATINS,4,2,2,1,3
8020,EXPRESS CORNER,3,1,2,2,1
8021,"EXPRESS DISCOUNT STORE, INC.",3,0,3,2,1
8022,EXPRESS DOLLAR,5,1,4,3,2
8023,EXPRESS DOLLAR PLUS & GROCERY,3,0,3,2,1
8024,"EXPRESS FAST FOOD CORNER , INC",3,0,3,2,1
8025,EXPRESS FOOD & DELI,6,2,4,4,2
8026,EXPRESS FOOD & GAS,3,1,2,2,1
8027,EXPRESS FOOD AND LIQUOR,15,6,9,10,5
8028,EXPRESS FOOD MARKET,5,3,2,1,4
8029,"EXPRESS FOOD MARKET ON 87TH, INC",2,0,2,1,1
8030,EXPRESS FOOD MART,10,2,8,7,3
8031,EXPRESS FOOD MART & CELLULAR,12,4,8,7,5
8032,"EXPRESS FOOD MART ON 77TH, INC",2,0,2,1,1
8033,EXPRESS FOOD TRUCKS LLC,2,0,2,1,1
8034,EXPRESS FOR LESS,5,2,3,4,1
8035,EXPRESS FRIED CHICKEN,3,0,3,2,1
8036,EXPRESS GRILL INC,34,12,22,14,20
8037,EXPRESS GROCERY MART,2,1,1,1,1
8038,EXPRESS MARKET PLACE,4,1,3,3,1
8039,EXPRESS MART ON MICHIGAN INC.,4,2,2,2,2
8040,EXPRESS MINI MART,3,1,2,2,1
8041,EXPRESSION LAVAZZA,12,8,4,3,9
8042,EXQUISITE CATERING & EVENTS LLC,7,3,4,5,2
8043,EXQUISITE EVENTS,2,1,1,1,1
8044,EXTRA INNINGS-WRIGLEYVILLE,2,1,1,1,1
8045,EXTRA VALUE FOOD & LIQUOR,3,1,2,2,1
8046,EXTRA VALUE LIQUOR,2,1,1,2,0
8047,EXTREMA NUTRICION,4,0,4,3,1
8048,EXTREME CREAM ICE CREAM,2,0,2,2,0
8049,EXXON,2,0,2,1,1
8050,EY CAFE,4,2,2,1,3
8051,EYES ON THE FUTURE,21,14,7,6,15
8052,EZ FOOD MART,7,4,3,4,3
8053,"EZ FOOD MART ON 111, INC.",5,1,4,4,1
8054,EZ SHAWARMA LLC,4,2,2,2,2
8055,"EZ.FOOD MART, INC / MARATHON",4,1,3,3,1
8056,EZI MART,5,2,3,3,2
8057,EZZARD CHARLES DAYCARE CENTER,17,3,14,7,10
8058,EZZARD CHARLES NURSERY,9,7,2,1,8
8059,Earl's BBQ,12,5,7,10,2
8060,Eastman's Jerk Paradise,6,2,4,4,2
8061,"Eastside Soccer Dome, Inc.",8,2,6,4,4
8062,Eat Fit,2,1,1,1,1
8063,Eden Food & Liquor,5,2,3,2,3
8064,Eden's House INC.,3,0,3,3,0
8065,Edge of Sweetness,9,7,2,2,7
8066,Edgebrook,22,7,15,6,16
8067,Edgewater Early Learning Center,15,8,7,7,8
8068,Edible Arrangements,9,2,7,3,6
8069,Edible Arrangements #761,9,5,4,5,4
8070,Edible Arrangements of South Chicago,9,1,8,8,1
8071,Eduardo's Enoteca,2,0,2,1,1
8072,Eggsperience,20,8,12,13,7
8073,"Eggsperience of North Avenue, Inc",5,1,4,4,1
8074,El  Taconzazo,3,0,3,2,1
8075,El Azteca,11,5,6,4,7
8076,El Cafetal Del Tio Corp,2,1,1,1,1
8077,El Gran Burrito Express,21,7,14,7,14
8078,El Molcajete,3,1,2,2,1
8079,El Paiza Restaurant,4,2,2,2,2
8080,El Paraiso Terrenal 1,3,1,2,2,1
8081,El Patron II,7,4,3,3,4
8082,El Publano,13,8,5,2,11
8083,El Pueblito Mexican Grill,18,5,13,9,9
8084,El Sabor Latino,5,2,3,3,2
8085,Ellington Elementary School,19,11,8,5,14
8086,Embassy Gifts,2,1,1,1,1
8087,Embassy Suites Hotel,20,11,9,6,14
8088,Emerald Isle,25,8,17,12,13
8089,"Endy's Delicatessen, Inc",7,3,4,4,3
8090,Englewood  (H/S),4,1,3,2,2
8091,Englewood Grocery Food,2,1,1,1,1
8092,"Enrique Jiminez Foods, Inc.",2,2,0,0,2
8093,Erie Food Mart Meat and Produce,4,1,3,3,1
8094,Erie House,17,9,8,4,13
8095,Erie Street Market,5,1,4,3,2
8096,Esme,6,4,2,3,3
8097,Esmond,23,12,11,9,14
8098,Essence Med Spa & Wellness Center,9,1,8,5,4
8099,"Estela Minimarket, Inc.",17,4,13,12,5
8100,Ethiopian Diamond II Restaurant Inc.,14,3,11,7,7
8101,Eurest Dining Services @ Boeing,4,2,2,1,3
8102,Eurest Dining Services @ CCH,7,2,5,3,4
8103,Eurest Dining Services @ Credit Suisse Chicago,5,3,2,2,3
8104,"Eurest Dining Services @ Drinker, Biddle & Reath LLP",11,5,6,3,8
8105,Eurest Dining Services @ General Growth,3,2,1,1,2
8106,Eurest Dining Services @ Quaker Oats,12,6,6,2,10
8107,Eurest Dining Services @ Safer Foundation,18,8,10,6,12
8108,Eurest Dining Services @ USG,26,8,18,6,20
8109,Evergreen,17,7,10,4,13
8110,Evers,18,6,12,5,13
8111,Evette's Lincoln Park,5,2,3,4,1
8112,Extrema Nutricion 2,2,1,1,2,0
8113,"F & F CONCESSION, INC",6,3,3,4,2
8114,F & F FOODS INC,2,1,1,2,0
8115,"F & G FOOD AND MEAT INC,",3,1,2,2,1
8116,F & K TRADING INC.,5,1,4,3,2
8117,F + A FOODMART,3,2,1,2,1
8118,F&F FOODS,4,2,2,2,2
8119,F. STOCK ELEMENTARY SCHOOL,16,8,8,2,14
8120,"F.A.M. FOOD, INC.",2,1,1,1,1
8121,FAB'S NUTRITION,5,2,3,3,2
8122,FABCAKES,15,4,11,8,7
8123,FABI'S RESTAURANT,4,2,2,1,3
8124,FABIANA'S BAKERY,9,2,7,6,3
8125,FACEBOOK,3,0,3,2,1
8126,"FACEBOOK,INC",7,2,5,7,0
8127,FACETS MULTIMEDIA,5,5,0,2,3
8128,FAD FOODS LLC,3,2,1,1,2
8129,FADI #2 MINI MART,6,1,5,4,2
8130,FADI #3 MINI MART & DELI,5,1,4,3,2
8131,FADI DINERO TREE INC.,4,1,3,4,0
8132,FADI FOODS,6,2,4,4,2
8133,FADI MINI MART,7,2,5,6,1
8134,FADO IRISH PUB,15,5,10,7,8
8135,FAHLSTROM'S FRESH FISH MARKET,9,3,6,6,3
8136,FAHRENHEIT RESTAURANT INC.,3,2,1,2,1
8137,FAIR DEALS,4,1,3,3,1
8138,FAIR DISCOUNT INC,2,2,0,1,1
8139,FAIR FOOD MART,12,7,5,8,4
8140,FAIR SHARE FINE FOOD,33,13,20,9,24
8141,FAIRFIELD ACADEMY,23,7,16,8,15
8142,FAIRFIELD AND SUITES CHICAGO DOWNTOWN RIVER NORTH,12,4,8,4,8
8143,FAIRFIELD INN,3,1,2,1,2
8144,FAIRFIELD INN & SUITES - DOWNTOWN CHICAGO,4,1,3,1,3
8145,FAIRGROUNDS,17,4,13,11,6
8146,FAIRGROUNDS ERIE,5,1,4,3,2
8147,FAIRGROUNDS FULTON WEST,6,1,5,3,3
8148,FAIRMONT CARE CENTER,16,3,13,7,9
8149,FAIRPLAY FINER FOOD,49,19,30,18,31
8150,FAIRPLAY FINER FOODS INC,30,17,13,7,23
8151,FAIRPLAY FOODS,43,18,25,12,31
8152,FAIRWAY FOOD,8,4,4,4,4
8153,FAIRWAY FOOD & MEAT MART. INC.,4,0,4,2,2
8154,FAIRWAYS,8,0,8,4,4
8155,FAIRYLAND NURSERY SCHOOL INC,23,13,10,4,19
8156,FAIZA CHICAGO,2,1,1,1,1
8157,FALAFEL & GRILL,24,6,18,12,12
8158,FALAFEL & SHAWARMA CORNER,8,2,6,6,2
8159,FALAFEL BROTHERS,2,2,0,0,2
8160,"FALAFEL DREAM, INC.",19,6,13,11,8
8161,FALAFEL EXPRESS,4,2,2,2,2
8162,FALAFEL GRILL,6,2,4,5,1
8163,FALAFEL ISLAND,14,5,9,8,6
8164,FALAFEL JOINT INC,4,0,4,2,2
8165,FALAFEL KEBAB,3,0,3,1,2
8166,FALAFIL  SHACK,3,0,3,2,1
8167,FALAFILL,20,3,17,10,10
8168,FALAFOUR CORP,5,3,2,3,2
8169,FALCO'S PIZZA,27,11,16,10,17
8170,FALCOLN FUEL,4,0,4,4,0
8171,FALCON,4,2,2,3,1
8172,FALCON # 1,6,4,2,3,3
8173,FALCON 300,3,0,3,2,1
8174,FALCON FOOD & LIQUOR,3,3,0,2,1
8175,FALCON FUEL,54,17,37,35,19
8176,FALCON FUEL #9,2,0,2,2,0
8177,FALCON FUEL & MINI MART,10,2,8,8,2
8178,FALCON FUEL / SALS PHILLY AND SEAFOOD,6,1,5,3,3
8179,FALCON'S HANDCRAFTED SANDWICHES,2,0,2,0,2
8180,FALCOZ GROUP,7,2,5,5,2
8181,FAME,4,2,2,2,2
8182,FAMILIA FOODS 1 INC,3,0,3,1,2
8183,FAMILIA REYES CLUB,3,1,2,2,1
8184,FAMILIES TOGETHER COOPERATIVE NURSERY SCHOOL,15,7,8,5,10
8185,FAMILY  DOLLAR,7,2,5,3,4
8186,FAMILY  DOLLAR  #5834,5,1,4,2,3
8187,FAMILY BARGAINS,2,2,0,0,2
8188,FAMILY BISTRO,2,1,1,1,1
8189,FAMILY CHOICE,7,1,6,4,3
8190,FAMILY DEN,31,7,24,16,15
8191,FAMILY DISCOUNT,2,1,1,1,1
8192,"FAMILY DISCOUNT & FURNITURE, INC",3,1,2,2,1
8193,FAMILY DISCOUNT & GROCERY,4,2,2,2,2
8194,FAMILY DOLLAR,21,8,13,8,13
8195,FAMILY DOLLAR   # 5983,3,1,2,2,1
8196,FAMILY DOLLAR  # 5195,2,1,1,1,1
8197,FAMILY DOLLAR  # 5287,3,1,2,2,1
8198,FAMILY DOLLAR  #5002,3,1,2,1,2
8199,FAMILY DOLLAR  #5392,13,5,8,7,6
8200,FAMILY DOLLAR  #5440,2,2,0,1,1
8201,FAMILY DOLLAR  #5719,7,3,4,4,3
8202,FAMILY DOLLAR # 3952,4,1,3,2,2
8203,FAMILY DOLLAR # 4162,3,1,2,1,2
8204,FAMILY DOLLAR # 4666,10,4,6,4,6
8205,FAMILY DOLLAR # 5734,3,1,2,2,1
8206,FAMILY DOLLAR # 6221,3,1,2,1,2
8207,FAMILY DOLLAR # 7653,3,1,2,2,1
8208,FAMILY DOLLAR #10079,3,2,1,2,1
8209,FAMILY DOLLAR #10224,2,1,1,1,1
8210,FAMILY DOLLAR #10596,3,1,2,2,1
8211,FAMILY DOLLAR #1629,3,0,3,2,1
8212,FAMILY DOLLAR #1708,4,1,3,2,2
8213,FAMILY DOLLAR #1732,2,0,2,2,0
8214,FAMILY DOLLAR #1860,2,1,1,1,1
8215,FAMILY DOLLAR #1940,5,2,3,2,3
8216,FAMILY DOLLAR #21940,4,0,4,3,1
8217,FAMILY DOLLAR #2431,5,1,4,4,1
8218,FAMILY DOLLAR #2465,10,4,6,5,5
8219,FAMILY DOLLAR #2668,3,1,2,1,2
8220,FAMILY DOLLAR #3158    `,6,1,5,4,2
8221,FAMILY DOLLAR #31914,2,0,2,0,2
8222,FAMILY DOLLAR #31944,2,0,2,1,1
8223,FAMILY DOLLAR #31994,6,4,2,2,4
8224,FAMILY DOLLAR #32004,9,3,6,7,2
8225,FAMILY DOLLAR #32151,2,1,1,1,1
8226,FAMILY DOLLAR #32239,4,1,3,2,2
8227,FAMILY DOLLAR #32279,2,1,1,2,0
8228,FAMILY DOLLAR #32601,3,1,2,1,2
8229,FAMILY DOLLAR #3301,2,1,1,1,1
8230,FAMILY DOLLAR #33741,2,1,1,1,1
8231,FAMILY DOLLAR #3895,6,2,4,2,4
8232,FAMILY DOLLAR #5012,2,1,1,1,1
8233,FAMILY DOLLAR #5310,2,1,1,1,1
8234,FAMILY DOLLAR #5319,2,2,0,1,1
8235,FAMILY DOLLAR #5478,7,2,5,4,3
8236,FAMILY DOLLAR #5630,6,2,4,3,3
8237,FAMILY DOLLAR #6083,6,2,4,3,3
8238,FAMILY DOLLAR #6423,8,0,8,5,3
8239,FAMILY DOLLAR #6460,2,1,1,1,1
8240,FAMILY DOLLAR #6514,5,3,2,3,2
8241,FAMILY DOLLAR INC.,6,2,4,2,4
8242,FAMILY DOLLAR STORE  # 6918,6,4,2,2,4
8243,FAMILY DOLLAR STORE  #6573,5,1,4,3,2
8244,FAMILY DOLLAR STORE  #6594,11,7,4,7,4
8245,FAMILY DOLLAR STORE # 6772,5,2,3,2,3
8246,FAMILY DOLLAR STORE # 7178,4,0,4,2,2
8247,FAMILY DOLLAR STORE # 7294,3,0,3,2,1
8248,FAMILY DOLLAR STORE # 7612,10,3,7,7,3
8249,FAMILY DOLLAR STORE #10729,7,1,6,4,3
8250,FAMILY DOLLAR STORE #10874,3,2,1,1,2
8251,FAMILY DOLLAR STORE #6542,2,0,2,2,0
8252,FAMILY DOLLAR STORE #6618,12,1,11,8,4
8253,FAMILY DOLLAR STORE #6642,8,3,5,4,4
8254,FAMILY DOLLAR STORE #6643,2,0,2,2,0
8255,FAMILY DOLLAR STORE #6681,3,2,1,1,2
8256,FAMILY DOLLAR STORE #6730,3,2,1,1,2
8257,FAMILY DOLLAR STORE #6944,7,4,3,4,3
8258,FAMILY DOLLAR STORE #7050,8,4,4,1,7
8259,FAMILY DOLLAR STORE #7056,2,0,2,1,1
8260,FAMILY DOLLAR STORE #7078,2,0,2,1,1
8261,FAMILY DOLLAR STORE #7149,3,2,1,1,2
8262,FAMILY DOLLAR STORE #7156,2,1,1,1,1
8263,FAMILY DOLLAR STORE #7361,2,1,1,1,1
8264,FAMILY DOLLAR STORE #7469,2,1,1,1,1
8265,FAMILY DOLLAR STORE 1938,2,1,1,1,1
8266,FAMILY DOLLAR STORES,6,2,4,5,1
8267,"FAMILY DOLLAR, INC",2,0,2,1,1
8268,"FAMILY DOLLAR, INC.",11,5,6,7,4
8269,"FAMILY DOLLAR, INC.#11064",2,1,1,1,1
8270,"FAMILY DOLLAR,INC.STORE #11319",5,1,4,4,1
8271,FAMILY DOLLARS  #5635,2,0,2,1,1
8272,FAMILY DOLLART #32124,2,0,2,2,0
8273,FAMILY FOOD,9,4,5,7,2
8274,FAMILY FOOD & DOLLAR PLUS,9,3,6,4,5
8275,FAMILY FOOD MART,13,2,11,8,5
8276,FAMILY FOODS INC,2,1,1,1,1
8277,FAMILY FRESH MEAT MART,10,2,8,7,3
8278,FAMILY FRUIT MARKET INC,15,9,6,6,9
8279,FAMILY GROUNDS CAFE,2,1,1,1,1
8280,FAMILY LOUNGE,4,1,3,3,1
8281,FAMILY MEAT MARKET,8,2,6,4,4
8282,"FAMILY MIN MART II, INC.",3,0,3,2,1
8283,FAMILY PRIDE,7,2,5,3,4
8284,FAMILY STYLE PIZZA,4,2,2,3,1
8285,FAMILY TIME EATERY & SNACK SHOP,7,2,5,4,3
8286,FAMILY TIME FOOD MART,6,0,6,5,1
8287,FAMLY DOLLAR STORE #6651,2,0,2,2,0
8288,FAMOSA BAKERY,13,5,8,6,7
8289,FAMOUS DUTCH PANCAKE HUIS,16,6,10,7,9
8290,FAMOUS GRILL,5,2,3,2,3
8291,FAMOUS SHEA'S JERK CHICKEN & BBQ,2,1,1,1,1
8292,FAMOUS SUBS,2,1,1,1,1
8293,FAMOUS UNCLE'S KABOB,2,0,2,1,1
8294,FANCY PLANTS CAFE,10,4,6,7,3
8295,FANCY PLANTS KITCHEN,3,0,3,3,0
8296,FANFARES CATERING,21,6,15,13,8
8297,FANI Y MONSE GROCERIES,4,1,3,3,1
8298,FANNIE EMMANUEL APARTMENTS,2,0,2,1,1
8299,FANNIE MAY,17,8,9,10,7
8300,FANNIE MAY CANDIES,7,3,4,2,5
8301,FANNIE MAY CONFECTIONS #152,11,7,4,4,7
8302,FANNIE SCHMOE'S BAKERY,5,2,3,3,2
8303,FANNIE SCHMOE'S BAKERY LLC,2,1,1,0,2
8304,FANNIE SCHMOE'S BAKERY LLC.,5,2,3,4,1
8305,FANNIE'S FAMOUS FRIED CHICKEN & HOMEMADE BISCUITS,4,3,1,2,2
8306,FANNY MAY CANDIES,6,4,2,1,5
8307,FANTASEA,8,6,2,5,3
8308,FANTASTIC ICE CREAM,9,2,7,6,3
8309,"FANTASY ISLAND SCHOOLS FOR KIDS, LLC",15,10,5,1,14
8310,FANTASY NIGHT CLUB CORP.,7,2,5,6,1
8311,"FAR EAST KITCHEN,LLC",14,4,10,7,7
8312,FARAFINA'S,3,1,2,2,1
8313,FARAFINA'S INC.,4,0,4,3,1
8314,FARAH FAMILY STORE,3,0,3,2,1
8315,FARAH MINI MARKET INC,5,2,3,4,1
8316,FARAH SUPERMARKET,2,1,1,2,0
8317,FARE,3,0,3,2,1
8318,FARES CORPORATION,9,2,7,6,3
8319,FARGO HEALTH CARE CENTER,2,1,1,1,1
8320,FARM BAR EDGEWATER,6,3,3,5,1
8321,FARM BAR LAKEVIEW,5,2,3,2,3
8322,FARM BAR RAVENSWOOD,6,2,4,3,3
8323,FARM MARKET,4,0,4,4,0
8324,FARM ON OGDEN,8,1,7,3,5
8325,FARMAIR KIOSK,2,0,2,1,1
8326,FARMAIR'S MARKET,2,1,1,0,2
8327,"FARMER PRIDE PRODUCE, INC.",15,5,10,6,9
8328,FARMER'S BEST MARKET,14,2,12,7,7
8329,"FARMER'S FRESH MEAT MART,INC.",5,2,3,3,2
8330,FARMER'S FRIDGE,27,6,21,16,11
8331,FARMER'S MARKET,6,2,4,1,5
8332,FARMERS FOOD BASKET,22,7,15,12,10
8333,FARMERS MARKET,3,1,2,1,2
8334,FARMERS PRIDE PRODUCE,6,3,3,6,0
8335,FARMERS PRIDE PRODUCE & MARKET,5,2,3,2,3
8336,FARMERS ZABIHA HALAL MEAT INC.,8,4,4,2,6
8337,FARMHOUSE,10,2,8,7,3
8338,FARMHOUSE CHICKEN STRIPS AND MORE,2,1,1,1,1
8339,FARNSWORTH  SCHOOL,23,9,14,7,16
8340,FASANO'S  HOT  DOGS,2,0,2,1,1
8341,FASANO'S HOT DOGS,2,1,1,1,1
8342,FASIL,3,0,3,2,1
8343,FAST AND FRESH,7,2,5,3,4
8344,FAST BURRITO,18,7,11,11,7
8345,FAST ENTERTAINMENT INC,12,4,8,8,4
8346,FAST FOO'S,7,2,5,4,3
8347,FAST FOOD EL MEXICANO,13,10,3,5,8
8348,FAST FOOD SERVICES,2,1,1,1,1
8349,FAST GRILL,3,0,3,3,0
8350,FAST SUPER BURITTO,15,8,7,6,9
8351,FAST TRACK LTD,14,8,6,4,10
8352,FAST WOK,15,8,7,5,10
8353,FASTA PASTA,6,4,2,2,4
8354,"FASTWAY CITGO,INC",3,1,2,2,1
8355,FASTWAY MART EXXON,2,1,1,2,0
8356,FAT ALBERT,32,11,21,12,20
8357,FAT BABY TACOS,8,4,4,4,4
8358,FAT BOY DELI & FOOD,3,0,3,2,1
8359,FAT BOYS MART,3,0,3,2,1
8360,FAT BOYS STEAK & LEMONADE,2,0,2,2,0
8361,FAT CAT,19,7,12,7,12
8362,FAT CHRIS'S PIZZA AND SUCH,7,1,6,2,5
8363,FAT DADDY STORE,3,1,2,2,1
8364,FAT DADDY'S GRILL INC.,4,2,2,2,2
8365,FAT EDDIE'S EMPLOYEE CAFETERIA,19,8,11,5,14
8366,FAT FISH BAR AND GRILL,5,1,4,2,3
8367,FAT JOHNNIES RED HOTS,14,5,9,5,9
8368,FAT LEE GROCERY STORE,4,2,2,2,2
8369,FAT LEE SUPERMARKET,9,3,6,4,5
8370,FAT MILK UPTOWN,3,0,3,2,1
8371,FAT POUR,16,5,11,7,9
8372,FAT RICE,23,12,11,13,10
8373,FAT SANDWICH,4,0,4,3,1
8374,FAT SHACK,3,1,2,2,1
8375,FAT TOMMY'S INC,11,6,5,2,9
8376,FAT WILLY'S RIB SHACK,16,9,7,7,9
8377,"FAT'S DAWG & BURGER, INC.",6,2,4,3,3
8378,FATA FOOD MART,4,0,4,4,0
8379,FATBOYS,7,3,4,5,2
8380,"FATHER & SON FOOD MART,INC",6,1,5,2,4
8381,FATHER & SON PIZZERIA LTD,20,9,11,9,11
8382,FATHER & SON PIZZERIA NORTH,17,7,10,9,8
8383,FATHER PEREZ K OF C CLUB HOUSE,3,1,2,1,2
8384,"FATO  FAST FOOD,INC",4,1,3,3,1
8385,FATPOUR TAP WORKS,10,2,8,3,7
8386,FATSO HARD KITCHEN,2,0,2,0,2
8387,FATSO'S,6,3,3,4,2
8388,FATSO'S LAST STAND,5,0,5,3,2
8389,FATT BELLIES LLC,3,1,2,2,1
8390,FATTOUSH,2,1,1,1,1
8391,FATTY'S BURGERS AND MORE CHICA,6,1,5,4,2
8392,FATTY'S HOT DOGS,8,3,5,5,3
8393,FAVELA'S RESTAURANT,11,8,3,3,8
8394,FAVIA CAFE & SWEETS SHOP,3,2,1,1,2
8395,FAVOR STEM ACADEMY DAYCARE CORP.,2,1,1,1,1
8396,FAVORITE CAFE,13,6,7,7,6
8397,"FAY'S FOOD & MEAT MARKET, INC.",6,0,6,4,2
8398,FEARLESS COOKING,6,3,3,6,0
8399,FEARLESS FOOD KITCHEN,11,3,8,6,5
8400,FEAST,13,4,9,8,5
8401,FEAST AND THE GODDESS GOLD COAST,10,7,3,7,3
8402,FECO FOOD STORE,2,1,1,1,1
8403,FEDERAL RESERVE BANK,11,5,6,2,9
8404,FEDERALES,18,8,10,7,11
8405,FEDERALES LOGAN SQUARE,8,5,3,4,4
8406,FEDERICO GARCIA LORCA ELEMENTARY SCHOOL,18,4,14,4,14
8407,FEDORA LOUNGE,8,2,6,5,3
8408,FEED,22,9,13,12,10
8409,FEEL IN DUBAI,2,0,2,1,1
8410,FEELINGS GIFT SHOP,3,1,2,1,2
8411,FEFE FAST FOOD,6,4,2,3,3
8412,FELICE'S ROMAN STYLE PIZZA,13,6,7,6,7
8413,FELLOWSHIP HOUSE,16,6,10,8,8
8414,FELT,2,0,2,1,1
8415,FEMATT & FRAUSTOS BAKERY LLC,4,1,3,3,1
8416,FENNEL & IRIS,10,5,5,6,4
8417,FENNIGAN'S,2,1,1,1,1
8418,FERAJNA RESTAURANT,14,6,8,8,6
8419,FERAS FOOD & LIQUOR,4,2,2,2,2
8420,"FERAS FOOD & LIQUOR, INC.",2,0,2,2,0
8421,"FERDINAND FOOD MART, INC",7,3,4,2,5
8422,FERGUSON CPC,15,6,9,1,14
8423,FERMI MULTIPLEX,5,3,2,3,2
8424,FERMIN'S POULTRY,6,2,4,3,3
8425,FERMIN'S POULTRY INC,8,2,6,3,5
8426,FERNANDEZ STORE,4,1,3,2,2
8427,FERNANDO'S MEXICAN GRILL & PIZZA,4,1,3,2,2
8428,FERNANDO'S RESTAURANT,27,8,19,18,9
8429,"FERRERO U.S.A., INC.",9,4,5,2,7
8430,FERRO'S,18,6,12,4,14
8431,FESTA PIZZARIA,5,2,3,1,4
8432,FESTA PIZZERIA INC.,14,8,6,5,9
8433,FESTI BOWL,2,1,1,1,1
8434,FESTIVAL FOODS,2,0,2,2,0
8435,FESTUS ENTERPRISES CORP,2,1,1,1,1
8436,FEYROUS PASTRIES,20,9,11,10,10
8437,FFC WEST LOOP,15,3,12,7,8
8438,"FFT AT SABW, LLC",18,7,11,8,10
8439,FFT CAFE,21,10,11,5,16
8440,"FFT401, LLC",9,5,4,4,5
8441,"FFT@350, LLC",12,4,8,5,7
8442,"FFT@SEYFARTH,LLC",2,0,2,0,2
8443,FFT@Tribune LLC,11,4,7,5,6
8444,FIANCO (WWINTER MARKET),2,0,2,2,0
8445,FIELDHOUSE JONES,10,3,7,7,3
8446,FIESOLE RESTAURANT,3,2,1,1,2
8447,"FIESTA BURGER HEAVEN, INC.",13,4,9,5,8
8448,FIESTA DEL SOL RESTAURANTE,5,2,3,3,2
8449,FIESTA GRILL,17,6,11,10,7
8450,FIESTA MAGICA,17,2,15,8,9
8451,FIESTA MEXICANA CORP,19,3,16,7,12
8452,FIESTA MEXICANA GRILL INC.,5,3,2,2,3
8453,FIESTA MEXICANA RESTAURANT,14,4,10,10,4
8454,"FIESTA TAMALERIA EL BARRIO, INC.",10,4,6,2,8
8455,FIESTA TAPATIA,15,8,7,5,10
8456,FIESTA WASH LAUNDROMAT,2,2,0,0,2
8457,FIESTA-ECUA FOOD MARKET,5,1,4,2,3
8458,FIFA FOOD MART,4,1,3,2,2
8459,FIFTH CAMPUS,10,3,7,3,7
8460,FIFTH CITY CHILD DEVELOPMENT,19,8,11,7,12
8461,FIFTY FOUR ELEVEN,28,11,17,17,11
8462,FIFTY-ONE 50 FUSION,10,3,7,6,4
8463,FIG & OLIVE,14,5,9,7,7
8464,"FIG CATERING, LLC",14,8,6,5,9
8465,FIGO WINE BAR,7,2,5,4,3
8466,FIGO'S FROZEN YOGURT,3,3,0,2,1
8467,FIGUEROA  NUTRITION,4,1,3,3,1
8468,FIL-AM DELIGHT RESTAURANT,2,0,2,1,1
8469,FILICHIA FOOD & IMPORTS,3,1,2,2,1
8470,FILIPINO AMERICAN COUNCIL,10,2,8,6,4
8471,FILIPPO'S,10,3,7,6,4
8472,FILLING STATION  & CONVENIENCE  STORE,6,2,4,3,3
8473,FILO,4,1,3,3,1
8474,FILONEK'S,13,5,8,5,8
8475,FILTER COFFEE LOUNGE,16,6,10,9,7
8476,FIN SUSHI BAR,26,11,15,10,16
8477,FINA ESTAMPA PERU INC.,7,2,5,4,3
8478,FINE AFGHAN CUISINE,2,1,1,1,1
8479,FINE CARRIBEAN DINING,9,2,7,6,3
8480,FINE FAIR FOOD & LIQUOR,20,7,13,9,11
8481,FINE FOOD & LIQUOR,4,1,3,1,3
8482,FINE FOOD & LIQUOR INC.,2,0,2,1,1
8483,FINE FOODS,2,1,1,1,1
8484,FINESSE CUISINE,4,2,2,3,1
8485,FINEST FOOD & SUBS,10,3,7,6,4
8486,FINEST FOOD BASKET INC,13,8,5,7,6
8487,"FINGA LICKING CHICAGO, LLC",14,3,11,8,6
8488,FINKI ELEMENTARY ACADEMY,18,10,8,4,14
8489,FINLEY DUNNE'S,20,4,16,13,7
8490,FINLEY MAHONY'S,23,7,16,14,9
8491,FINN MC COOL'S / ALUMNI CLUB,5,2,3,2,3
8492,FINNIGAN'S ICE CREAM PARLOR,2,0,2,1,1
8493,FINOM,3,1,2,3,0
8494,FIORE DELICATESSEN,9,6,3,1,8
8495,FIORE'S DELICATESSEN,12,6,6,5,7
8496,FIORELLI PIZZA,6,0,6,4,2
8497,FIORENTINO'S,4,2,2,1,3
8498,FIORENZA RISTORANTE,4,3,1,2,2
8499,FIORETTA,5,0,5,4,1
8500,FIRE HOUSE GRILL,4,2,2,2,2
8501,FIRE JERK,8,3,5,5,3
8502,FIRE N ICE,9,4,5,6,3
8503,FIRE NUTRITION,2,1,1,0,2
8504,FIRE SUBS,2,1,1,2,0
8505,FIRE-N-ICE & HOOK INC.,3,2,1,2,1
8506,FIRE-N-ICE STEAK & LEMONADE,10,5,5,2,8
8507,FIRE-UP-GRILL,2,0,2,2,0
8508,FIRECAKES,13,8,5,3,10
8509,FIRECAKES TRUCK,7,3,4,1,6
8510,FIREFIN,3,2,1,2,1
8511,FIREFIN POKE SHOP,16,5,11,9,7
8512,FIREFLY BURGER,3,2,1,2,1
8513,FIREHOUSE / CAPTAIN HOOKS,9,3,6,7,2
8514,FIREHOUSE BAKERY & GRILL,2,0,2,1,1
8515,FIREHOUSE BAKERY AND GRILL,9,3,6,6,3
8516,FIREHOUSE CAPTAIN HOOKS,14,7,7,9,5
8517,FIREHOUSE GRILL,7,4,3,2,5
8518,"FIREHOUSE OF DAN RYAN, INC.",24,5,19,16,8
8519,FIREHOUSE STEAK & LEMONADE,11,6,5,4,7
8520,FIREHOUSE SUBS,6,1,5,4,2
8521,FIRENZE ITALIAN STREET FOOD,4,1,3,2,2
8522,FIRENZE- ITALIAN STREET FOOD,8,4,4,5,3
8523,FIREPLACE INN,12,7,5,7,5
8524,"FIRESIDE PUB, INC",11,5,6,5,6
8525,FIRESIDE TAVERN AND GRILL,19,6,13,11,8
8526,FIREWATER SALOON,16,2,14,7,9
8527,FIREWATER SALOON MOUNT GREENWOOD,12,4,8,7,5
8528,"FIREWINGS, LLC",9,1,8,8,1
8529,FIREWOOD BBQ,3,2,1,1,2
8530,FIRKIN AND PHEASANT,3,3,0,1,2
8531,FIRMAN COMMUNITY SERVICES,19,9,10,9,10
8532,FIRST  ACADEMY,26,9,17,8,18
8533,FIRST ACADEMY,11,5,6,3,8
8534,FIRST CHOICE MARKET,33,16,17,11,22
8535,FIRST CHURCH OF LOVE & FAITH,3,2,1,1,2
8536,FIRST CHURCH OF LOVE AND FAITH,17,7,10,8,9
8537,FIRST CLARK NUTRITION,3,0,3,3,0
8538,FIRST CONGREGATIONAL CHURCH OF,2,1,1,1,1
8539,FIRST DRAFT,14,7,7,5,9
8540,FIRST EUROPEAN DELI,2,0,2,2,0
8541,FIRST FACTORY FOODS,3,0,3,3,0
8542,FIRST IMPRESSIONS POPCORN & SWEETS,3,2,1,2,1
8543,FIRST MERIT PAVILION,18,7,11,13,5
8544,FIRST SIP CAFE,6,1,5,4,2
8545,FIRST SLICE PIE CAFE,6,2,4,3,3
8546,"FIRST SLICE, LLC",17,7,10,7,10
8547,FIRST START  CHILDCARE ACADEMY,10,5,5,3,7
8548,FIRST START CHILDCARE ACADEMY,19,10,9,8,11
8549,"FIRST STEP LEARNING DAYCARE, INCORPORATED",25,16,9,10,15
8550,FIRST STEPS TO SUCCESS,8,4,4,6,2
8551,FIRST STOP DOLLAR PLUS,3,1,2,2,1
8552,FIRST WHEEL MARATHON,4,1,3,2,2
8553,FIRST ZABIHA MEAT BAZAAR,11,4,7,7,4
8554,FISCHMAN BOTTLE SHOP,2,1,1,1,1
8555,FISCHMAN PUBLIC HOUSE,7,3,4,5,2
8556,FISCHMANS WAGYU WAGON,5,0,5,4,1
8557,FISH  N GO,13,8,5,4,9
8558,"FISH & CHICKEN ON ROOSEVELT, INC.",7,2,5,5,2
8559,"FISH & CHICKEN PLACE, INC",3,1,2,2,1
8560,FISH BAR,6,0,6,2,4
8561,FISH CORNER,10,2,8,4,6
8562,FISH MAKERS INC,6,1,5,5,1
8563,FISH MARKET INC.,14,3,11,8,6
8564,FISH UNLIMITED,12,2,10,7,5
8565,FISHBAR,26,11,15,15,11
8566,FISHER APARTMENT,15,4,11,3,12
8567,FISHER'S TAKE OUT STATION RESTAURANT,2,1,1,1,1
8568,FISHERMAN'S CHOICE SEAFOOD,2,0,2,1,1
8569,FISHERMAN'S ISLAND,34,19,15,15,19
8570,FISHERMAN'S iSLAND,4,2,2,3,1
8571,FISHERMANS ISLAND,7,1,6,3,4
8572,"FISHING  CAT , INC",3,1,2,2,1
8573,FISHSCALE,2,0,2,1,1
8574,FISKE,21,6,15,7,14
8575,FISTA UNO,5,1,4,2,3
8576,FIT AND ACTIVE FAMILY NUTRITION,2,1,1,1,1
8577,FIT CITY KIDS,2,0,2,1,1
8578,FIT FOR LIFE,2,1,1,2,0
8579,FIT PRO WEST,2,1,1,1,1
8580,"FITFRESH, INC.",5,0,5,3,2
8581,FITNESS FORMULA CLUB,7,2,5,4,3
8582,FITNESS FORMULA CLUBS - GOLD COAST,12,5,7,6,6
8583,FITNESS FORMULA CLUBS - HALSTED STREET,4,2,2,2,2
8584,FITNESS FORMULA CLUBS - UNION STATION,3,2,1,1,2
8585,FITNESS FORMULA CLUBS-SOUTH LOOP,10,3,7,5,5
8586,FITNESS RX. CAFE AND PRO SHOP,2,0,2,1,1
8587,"FITNESS STUDIO, WORK HARD, DREAM BIG",3,1,2,2,1
8588,"FITTINGLY DELICIOUS, LLC",12,1,11,7,5
8589,"FITZGERALD FOOD, WINE & SPIRITS INC",2,2,0,0,2
8590,FITZGERALD LIQUOR,5,2,3,2,3
8591,FIVE FACES,4,0,4,3,1
8592,FIVE FACES ICE CREAM SHOP INC,17,10,7,7,10
8593,FIVE GUYS BURGER & FRIES,15,7,8,6,9
8594,FIVE GUYS BURGERS & FRIES,26,15,11,9,17
8595,FIVE GUYS BURGERS AND FRIES,45,18,27,15,30
8596,FIVE IRON GOLF,6,2,4,3,3
8597,FIVE IRON GOLF CHICAGO,13,4,9,4,9
8598,FIVE LOAVES EATERY TOO,21,10,11,10,11
8599,"FIVE NINE FOOD & GROCERIES, LLC",2,1,1,2,0
8600,FIVE ONE FOOD MART INC,19,4,15,12,7
8601,FIVE SQUARED FOOD TRUCK,3,1,2,1,2
8602,FIVE STAR BAR,7,1,6,5,2
8603,FIVE STAR BAR & GRILL,20,5,15,8,12
8604,FIVE STAR BURGER,4,2,2,1,3
8605,FIVE STAR CERTIFIED,2,1,1,2,0
8606,FIVE STAR CERTIFIED INC,7,2,5,3,4
8607,FIVE STAR GENERAL MERCHANT,2,1,1,1,1
8608,FIVE STAR RETAILS INC.,3,0,3,2,1
8609,FIVE STARZ FOOD MART COMPANY,6,3,3,4,2
8610,FIVE STARZ FOODS,3,1,2,1,2
8611,"FIXIN' FRANKS, LLC",16,4,12,7,9
8612,FIXTURE,5,1,4,3,2
8613,FIYA RESTAURANT,4,0,4,2,2
8614,FIZZ,5,0,5,3,2
8615,FIZZ BAR & GRILL,13,3,10,9,4
8616,FLA'VA,2,2,0,1,1
8617,FLACO'S TACOS,41,12,29,21,20
8618,"FLACO'S TACOS, LLC",25,12,13,11,14
8619,"FLAGSHIP FACILITY SERVICES, INC.",2,1,1,0,2
8620,FLAGSHIP TAVERN & GRILL,21,7,14,12,9
8621,FLAJAE CAFE,7,2,5,5,2
8622,FLAMBOYAN HEAD START,3,1,2,1,2
8623,FLAME N HOT CONVENIENCE,4,1,3,2,2
8624,"FLAME'N CHICKEN & FISH, LTD",3,2,1,2,1
8625,FLAME'S FISH & CHICKEN,4,1,3,4,0
8626,FLAME'S GRILL INC,3,1,2,2,1
8627,FLAMES GRILL,7,2,5,5,2
8628,FLAMES JAMICAN JERK LLC,5,3,2,4,1
8629,FLAMING HOT FOOD & RESTAURANT,4,0,4,3,1
8630,FLAMING WINGS & IC CREAM SHOP,3,1,2,2,1
8631,FLAMING WOK & GRILL,25,6,19,19,6
8632,FLAMINGO BAR & GRILL,13,7,6,3,10
8633,FLAMINGO CAFE,21,7,14,14,7
8634,FLAMINGO RUM CLUB,9,1,8,5,4
8635,FLAMMIN COMPANY,10,4,6,4,6
8636,FLASH FOOD MART,10,6,4,6,4
8637,FLASH TACO -N- UNDERDOGG,18,4,14,7,11
8638,FLASH TACO SOUTHSHORE,7,4,3,2,5
8639,FLAT & POINT,7,3,4,7,0
8640,FLAT GRILL,3,1,2,3,0
8641,FLAT TOP GRILL,67,19,48,29,38
8642,FLAV-O-RICIOUS,4,3,1,0,4
8643,FLAVA FOOD 4 THE SOUL,8,1,7,8,0
8644,FLAVOR 180,14,4,10,5,9
8645,FLAVOR SHACK,2,1,1,1,1
8646,FLAVOR'S SOUTHERN COOKING,9,4,5,5,4
8647,"FLECKS COFFEE COMPANY, INC.",6,2,4,4,2
8648,FLEMING BRANCH,18,8,10,6,12
8649,FLEMING'S PRIME STEAKHOUSE & WINEBAR,16,9,7,7,9
8650,FLETCHER JONES AUDI,3,1,2,1,2
8651,FLEXLI INC.,7,5,2,5,2
8652,FLIGHT 1551,5,1,4,3,2
8653,FLIK INTERNATIONAL,5,3,2,2,3
8654,FLIK INTERNATIONAL CORP.,11,5,6,6,5
8655,FLIK INTERNATIONAL CORPREED,4,1,3,0,4
8656,FLIK International Corp @ Chapman and Cutler LLP,2,0,2,2,0
8657,FLINTSTONE SMOKEPIT BBQ,4,3,1,3,1
8658,FLIP CREPES,14,7,7,5,9
8659,FLIP N D'S INC,4,2,2,2,2
8660,FLIP RESTAURANT,2,1,1,1,1
8661,FLIP SIGI,5,0,5,2,3
8662,FLIPPIN & DIPPIN,3,0,3,2,1
8663,FLIPPIN FLAVORS,8,4,4,4,4
8664,FLIRTY CUPCAKES,20,10,10,5,15
8665,FLIRTY GIRL FITNESS,7,3,4,3,4
8666,FLIRTY GIRL FITNESS CHICAGO,4,2,2,1,3
8667,FLO,24,12,12,13,11
8668,FLO & SANTO,33,12,21,16,17
8669,FLO CAFE AND BAR,3,0,3,1,2
8670,FLO'S KITCHEN,2,0,2,2,0
8671,FLO-CLAR'S,3,1,2,2,1
8672,FLOATING WORLD GALLERY,2,0,2,1,1
8673,FLORA CONFECTIONS,4,1,3,2,2
8674,FLORAFAUNA,5,2,3,4,1
8675,FLORBENDER MIDDLE EAST FAST GRILLED FOOD INC.,2,0,2,1,1
8676,FLORENCE FOSTER INFANT TODDLER,11,5,6,7,4
8677,FLORENCE G. HELLER JCC,14,8,6,2,12
8678,FLORERIA EL EDEN Y GROCERY,9,4,5,6,3
8679,FLORIDA FOOD & LIQUOR,6,2,4,3,3
8680,FLOUNDER,6,3,3,4,2
8681,FLOUR & STONE,9,6,3,4,5
8682,FLOUR AND WATER,3,1,2,2,1
8683,FLOUR LLC,3,0,3,2,1
8684,FLOUR POWER,3,0,3,2,1
8685,FLOUR POWER PASTA,4,0,4,2,2
8686,FLOURISH BAKERY CAFE,5,2,3,3,2
8687,FLOURISH CAKE DESIGN,3,0,3,2,1
8688,FLOWERS NUTRITION LLC,2,0,2,1,1
8689,FLOYD'S PUB,20,6,14,10,10
8690,FLUB A DUB CHUB'S,17,8,9,8,9
8691,FLY GIRL FLY,6,2,4,3,3
8692,FLYING CHICKEN,7,4,3,4,3
8693,FLYING TACOS,3,1,2,2,1
8694,FLYING WOK INC.,14,1,13,10,4
8695,FM ASIAN SPOON INC.,3,0,3,3,0
8696,FMP PHARMACY SCMS,2,0,2,1,1
8697,FOCUS CHILD CARE CENTER,3,1,2,2,1
8698,"FOGATA VILLAGE, INC",14,7,7,4,10
8699,FOGO DE CHAO CHURRASCARIA (CHICAGO) LLC,25,11,14,9,16
8700,FOGO TO GO,12,3,9,8,4
8701,FOGON,3,2,1,3,0
8702,FOLKLORE,21,5,16,11,10
8703,FON FON,5,2,3,2,3
8704,FON FON CHINESE CUISINE,15,6,9,4,11
8705,FON FON CHINESE CUSINE,9,0,9,5,4
8706,FONDA DONA CHIO,6,2,4,4,2
8707,FONS - PLANT BASED CAFE,2,1,1,1,1
8708,FONS EMPANADAS,4,2,2,0,4
8709,FONSECA NUTRISION,11,3,8,6,5
8710,FONTANA GRILL,5,1,4,4,1
8711,FONTANO  SUBS,4,2,2,1,3
8712,FONTANO FOODS,20,7,13,5,15
8713,FONTANO SUBS,20,10,10,4,16
8714,FONTANO'S SUB,13,3,10,8,5
8715,FONTANO'S SUBS,8,3,5,2,6
8716,FOOD 4 LESS,36,12,24,10,26
8717,FOOD 4 LESS MIDWEST # 567,19,10,9,5,14
8718,FOOD 4 LESS MIDWEST #789,30,15,15,9,21
8719,FOOD AND LIQUOR EXPRESS,2,1,1,0,2
8720,FOOD BASKET,14,8,6,8,6
8721,FOOD CONVENIENCE & CELLULAR,2,1,1,1,1
8722,FOOD EMPIRE,12,4,8,7,5
8723,FOOD EXPRESS RESTAURANT,11,5,6,2,9
8724,FOOD FIRST CHICAGO,22,9,13,13,9
8725,FOOD FROM SPAIN,2,2,0,1,1
8726,FOOD LIFE / FOODEASE,9,4,5,7,2
8727,"FOOD LIFE/LETTUCE OFF PREM, CA",24,13,11,12,12
8728,FOOD MARKET AND FLOWERS,2,1,1,1,1
8729,FOOD MARKET SANTA FE,8,5,3,2,6
8730,FOOD ON THE RUN,15,4,11,10,5
8731,FOOD ON THE RUN EXPRESS,2,0,2,1,1
8732,FOOD ROCKET,13,2,11,7,6
8733,"FOOD SENSE, INC.",3,2,1,2,1
8734,FOOD STOP,7,3,4,5,2
8735,FOOD TOWN,14,3,11,8,6
8736,FOOD TOWN II,3,1,2,1,2
8737,FOOD TOWN ONE INC.,10,3,7,6,4
8738,"FOOD VENTURES NORTH AMERICA, INC",2,0,2,1,1
8739,FOOD XPRESS,8,6,2,2,6
8740,"FOOD2YOU MAPLEWOOD, INC.",10,4,6,3,7
8741,FOODA,4,0,4,3,1
8742,FOODA - 180 N LASALLE,2,0,2,1,1
8743,FOODA - 29 E MADISON,2,0,2,1,1
8744,FOODA - 303 E WACKER,2,0,2,2,0
8745,FOODA - 515 N STATE,2,1,1,1,1
8746,FOODA - 600 W CHICAGO PLAZA,2,0,2,1,1
8747,FOODA - 737 N MICHIGAN,3,0,3,2,1
8748,FOODA - BRADLEY BUSINESS CENTER,2,1,1,2,0
8749,FOODA - COOK COUNTY,3,1,2,2,1
8750,FOODA -UIC,2,1,1,2,0
8751,"FOODA, INC.",7,4,3,1,6
8752,FOODA- 10- 30 S Wacker,3,0,3,2,1
8753,FOODA- 150 N RIVERSIDE,2,0,2,2,0
8754,FOODHERO,6,3,3,3,3
8755,FOODSMART,24,8,16,13,11
8756,FOODSTUFFS GOURMET SAUSAGES & SALADS,3,1,2,2,1
8757,FOOTMAN HOSPITALITY 15 WW LLC,4,1,3,2,2
8758,FOR THE GOOD TIMES LOUNGE,2,0,2,2,0
8759,"FOR YOUR CHILD II, INC.",11,5,6,2,9
8760,FOR YOUR CHILD PRESCHOOL,13,5,8,4,9
8761,FORASTERO RESTAURANT,7,4,3,3,4
8762,"FORASTERO, LLC",4,0,4,3,1
8763,FORBIDDEN ROOT,13,5,8,7,6
8764,"FORBIS PIZZA, INC.",4,2,2,2,2
8765,FORD CITY NEWS STAND,3,0,3,2,1
8766,FORD MOTOR COMPANY,5,2,3,5,0
8767,FOREMOST LIQUORS,11,3,8,8,3
8768,FORESIGHT CHILDREN LEARNING CENTER INC.,10,0,10,5,5
8769,FOREST VIEW BAKERY,27,14,13,14,13
8770,"FOREVER GREEN FOOD GROUP, INC",4,2,2,3,1
8771,FOREVER LADY,2,0,2,2,0
8772,FOREVER THAI,2,0,2,1,1
8773,FOREVER YOGURT,76,27,49,48,28
8774,FOREVER YOGURT - LOGAN SQUARE,6,2,4,4,2
8775,FOREVER YOGURT 001,3,1,2,2,1
8776,FOREVER YOGURT ANDERSONVILLE L,3,0,3,2,1
8777,FORJAY INC.,2,2,0,1,1
8778,FORK,28,9,19,18,10
8779,FORK FANTASY,3,0,3,1,2
8780,FORK LIFT,4,1,3,3,1
8781,FORMAN MILLS INC.,2,0,2,1,1
8782,FORMENTO'S,21,6,15,12,9
8783,FORNELLO TRATTORIA,20,5,15,11,9
8784,FORNETTO & MEI'S CORNER,6,1,5,4,2
8785,FORNO DIABLO,3,1,2,2,1
8786,FORNO ROSSO,23,8,15,14,9
8787,FORNO ROSSO ON RANDOLPH,15,7,8,9,6
8788,FORT DEARBORN ELEMENTARY,23,10,13,9,14
8789,FORT WILLOW,16,3,13,12,4
8790,FORTE AT SYMPHONY CENTER,4,1,3,0,4
8791,"FORTUNA MARKET, GRILL, & DELI",4,2,2,2,2
8792,FORZA,15,8,7,10,5
8793,FOSS FOOD TRUCKS,13,5,8,7,6
8794,FOSTER & BROADWAY BP/AUTOTECH,4,1,3,1,3
8795,FOSTER CICERO MARATHON,2,1,1,2,0
8796,FOSTER FOOD & LIQUOR,3,1,2,1,2
8797,FOSTER GROCERY & DOLLAR PLUS,4,2,2,2,2
8798,FOSTER GROCERY PLUS,8,3,5,4,4
8799,"FOSTER HEALTH & REHABILITATION CENTER, LLC",15,8,7,8,7
8800,FOSTER PANTRY,6,2,4,4,2
8801,FOSTER PARK ELEMENTARY SCHOOL,20,8,12,6,14
8802,FOSTER SHELL,12,5,7,10,2
8803,FOUNDATIONS COLLEGE PREP,12,3,9,9,3
8804,FOUNTAIN BBQ CAFE,4,0,4,3,1
8805,FOUNTAIN HEAD,21,4,17,10,11
8806,FOUNTAINHEAD MARKET,9,2,7,5,4
8807,FOUR A'S FOOD INC,11,3,8,5,6
8808,FOUR BELLY,5,3,2,1,4
8809,FOUR BELLY RAMEN AND SUSHI,7,1,6,5,2
8810,FOUR BROTHERS 1 INC,2,1,1,1,1
8811,FOUR BROTHERS FOOD & LIQUOR INC,9,5,4,3,6
8812,FOUR BROTHERS MEXICAN RESTAURANT,4,1,3,3,1
8813,FOUR FARTHINGS TAVERN & GRILL,17,4,13,11,6
8814,FOUR LETTER WORD COFFEE,2,1,1,1,1
8815,FOUR MOON TAVERN,16,7,9,9,7
8816,FOUR SEASONS DUMPLING RESTAURANT,9,3,6,5,4
8817,FOUR SEASONS NOODLES,4,1,3,2,2
8818,FOUR SHADOWS,23,7,16,14,9
8819,FOUR STAR LOUNGE,8,3,5,4,4
8820,FOUR STAR MUSHROOMS,2,1,1,1,1
8821,FOUR STAR WINGS,3,1,2,3,0
8822,FOURTH CHURCH DAY SCHOOL,17,7,10,7,10
8823,FOURTH PRESBYTERIAN CHILD CARE CENTER,10,4,6,6,4
8824,FOX & OBEL,18,7,11,9,9
8825,FOX LIQUORS,2,0,2,2,0
8826,FOX'S BEVERLY PUB,23,11,12,12,11
8827,FOXGLOVE COFFEE,2,0,2,2,0
8828,FOXTROT,55,19,36,27,28
8829,FOXTROT MARKET,12,3,9,6,6
8830,"FQ, French Quiche",5,1,4,4,1
8831,FRAGOLA YOGURT AND ICE CREAM,7,2,5,2,5
8832,FRAN'S BEEF,11,4,7,5,6
8833,FRANCES COCKTAIL LOUNGE,4,1,3,3,1
8834,FRANCES ICE CREAME & SWEET SHOP,4,0,4,3,1
8835,FRANCES SCOTT KEY ELEM.SCHOOL,6,3,3,3,3
8836,FRANCES XAVIER WARDE SCHOOL,19,4,15,9,10
8837,"FRANCES XAVIER WARDE SCHOOL, HOLY NAME CATHEDRAL",2,0,2,1,1
8838,FRANCES' REST & DELI INC,26,13,13,16,10
8839,FRANCESCA'S BRYN MAWR,19,3,16,11,8
8840,FRANCESCA'S CAFE,14,3,11,8,6
8841,FRANCESCA'S ON CHESTNUT,20,8,12,10,10
8842,FRANCESCA'S ON TAYLOR,16,5,11,7,9
8843,FRANCIS W. PARKER SCHOOL,2,0,2,1,1
8844,FRANCISCO BONILLA,10,4,6,5,5
8845,FRANCISCO ESPINOZA,20,9,11,9,11
8846,FRANCISCO I. MADERO MIDDLE SCHOOL,17,9,8,4,13
8847,FRANCISCO POLLO VIVO,14,4,10,6,8
8848,FRANCISO & CELIA BONILLA,2,0,2,2,0
8849,"FRANCO'S PIZZA PLACE, INC.",3,0,3,2,1
8850,FRANCO'S RISTORANTE,18,13,5,3,15
8851,FRANCOIS FRANKIE,9,3,6,4,5
8852,FRANCONELLO,12,7,5,4,8
8853,FRANCONELLO'S,12,3,9,9,3
8854,FRANK COFFEE STATION INC,2,0,2,1,1
8855,FRANK FOOD #4,10,3,7,6,4
8856,FRANK FOOD MARKET,3,0,3,2,1
8857,FRANK FOOD MART,12,6,6,7,5
8858,FRANK MEATS PATTY,3,1,2,2,1
8859,FRANK W  REILLY ELEMENTARY SCHOOL,13,4,9,2,11
8860,FRANK W REILLY ELEMENTARY SCHOOL,16,11,5,1,15
8861,FRANK'S  FRANKS,6,2,4,4,2
8862,FRANK'S BP SERVICE,2,1,1,1,1
8863,FRANK'S CHICAGO SHRIMP HOUSE,12,6,6,5,7
8864,"FRANK'S CHICAGO SHRIMP HOUSE, INC.",15,7,8,5,10
8865,FRANK'S DELI & GROCERY INC.,11,5,6,6,5
8866,"FRANK'S FOOD MART, INC.",2,1,1,1,1
8867,FRANK'S PIZZERIA,21,7,14,13,8
8868,FRANK'S RIB PLACE INC.,5,1,4,3,2
8869,FRANK'S TAP & GRILL,4,2,2,2,2
8870,FRANKIE J'S ON BROADWAY,2,0,2,2,0
8871,FRANKIE Z' CLARK BAR,2,1,1,1,1
8872,FRANKIE Z'S CLARK BAR,5,1,4,5,0
8873,FRANKIE'S FAST FOOD CORNER,3,0,3,3,0
8874,FRANKIE'S PIZZA BY THE SLICE,10,5,5,2,8
8875,FRANKIE'S PLACE,2,0,2,1,1
8876,FRANKIE'S PLACE INC,2,0,2,2,0
8877,FRANKIE'S SCALOPPINE,14,6,8,5,9
8878,FRANKIES PIZZARIA RESTAURANT,5,1,4,3,2
8879,FRANKINS BAKERY,9,2,7,4,5
8880,FRANKLIN NEWSSTAND INC.,2,1,1,2,0
8881,FRANKLIN ROOM,13,4,9,7,6
8882,FRANKLIN SUPER FOODS & LIQUORS INC,5,1,4,2,3
8883,FRANKO'S PIZZERIA,2,0,2,2,0
8884,FRANKS 'N' DAWGS,8,2,6,5,3
8885,FRANKS DELI & GROCERY 2,3,0,3,1,2
8886,FRANKS FOOD & LIQUOR,5,3,2,2,3
8887,FRANKS FOOD GROCERY,2,2,0,1,1
8888,FRANNIE'S CAFE,14,7,7,8,6
8889,"FRAPPE COFFEE, LLC",3,1,2,2,1
8890,FRASCA,17,9,8,8,9
8891,FRATERNITE NOTRE DAME INC,4,1,3,3,1
8892,FRAZIER  INTERNATIONAL,18,10,8,4,14
8893,FRED & JACK'S EL GRAN BURRITO,24,10,14,10,14
8894,FRED'S AT BARNEYS NEW YORK,13,8,5,5,8
8895,FRED'S MOBIL,3,0,3,2,1
8896,FREDDIES,31,16,15,11,20
8897,FREDDY'S CRAB HOUSE,3,1,2,3,0
8898,FREDDY'S FAST FOOD,8,4,4,4,4
8899,FREDY'S INN,16,7,9,5,11
8900,FREE HOT MEALS,5,0,5,4,1
8901,FREEHAND CHICAGO,16,7,9,9,7
8902,FREEZING POINT,2,1,1,1,1
8903,FREMONT BAR,17,7,10,9,8
8904,FRENCH ACCENT,14,6,8,7,7
8905,FRENCH PASTRY SCHOOL INC,14,4,10,5,9
8906,FRENTE AL SOL,7,1,6,5,2
8907,"FRESCA PANINI & COFFEE, INC.",2,1,1,1,1
8908,FRESCASITA   MARKET,3,1,2,2,1
8909,FRESCO DELICIOSO,2,1,1,1,1
8910,FRESCO SUPERMARKET INC.,5,1,4,3,2
8911,FRESCO SWEETS & SNACKS INC.,9,3,6,7,2
8912,FRESCO SWEETS &SNACKS,2,1,1,1,1
8913,FRESCO'S TACOS,4,1,3,2,2
8914,FRESH  START PRODUCE INC,2,1,1,1,1
8915,FRESH  TO  GO,2,1,1,1,1
8916,FRESH 82 LLC,4,1,3,2,2
8917,FRESH BREW,5,2,3,4,1
8918,FRESH BUY FOODS INC,6,1,5,3,3
8919,FRESH CASITA,3,1,2,2,1
8920,"FRESH CATCH FISH & SEAFOOD, INC.",20,5,15,11,9
8921,FRESH CHIOCE,5,0,5,3,2
8922,FRESH CHOICE,6,2,4,4,2
8923,FRESH CHOICE GROCERY & MERCHANDISE,4,1,3,3,1
8924,"FRESH CORNER,INC",2,0,2,2,0
8925,FRESH FAMILY FOODS,2,2,0,2,0
8926,FRESH FARMS INTERNATIONAL,16,5,11,7,9
8927,"FRESH FOOD MART, INC.",9,3,6,4,5
8928,"FRESH GROCERY, INC",3,1,2,2,1
8929,FRESH K MART INC.,3,1,2,2,1
8930,FRESH LINE CHOICES,6,3,3,4,2
8931,FRESH MARKET,6,2,4,0,6
8932,FRESH MARKET ON JEFFERY INC.,11,4,7,9,2
8933,FRESH MARKET PLACE,62,24,38,38,24
8934,FRESH MARKET PLACE #3,6,2,4,4,2
8935,FRESH MART FOODS,19,5,14,11,8
8936,FRESH OFF THE GRILL,9,4,5,3,6
8937,FRESH ON THE FLY,5,0,5,3,2
8938,FRESH ROASTED ALMOND,3,2,1,1,2
8939,FRESH SMOOTHIES CHI,2,0,2,2,0
8940,"FRESH START DAYCARE, INC.",18,6,12,7,11
8941,FRESH STOP,7,4,3,4,3
8942,FRESH SUSHI & NOODLE LOVERS,2,0,2,1,1
8943,FRESH SUSHI CHICAGO,4,3,1,1,3
8944,FRESH THYME FARMERS MARKET LLC,13,4,9,6,7
8945,FRESH WAY FOODS,2,0,2,1,1
8946,FRESH ZABIHA HALAL MEAT,5,3,2,2,3
8947,FRESH ZABIHA HALAL SUPER MARKET,6,2,4,4,2
8948,FRESHA PLACE,3,1,2,1,2
8949,FRESHBERRY,3,1,2,1,2
8950,FRESHII,257,91,166,137,120
8951,FRESHII 1871,5,1,4,3,2
8952,FRESHII RESTAURANT,16,3,13,9,7
8953,FRIDA RESTAURANT,2,0,2,2,0
8954,FRIDA ROOM,9,2,7,5,4
8955,FRIDA'S,2,0,2,2,0
8956,FRIDA'S PIZZA CORPORATION,6,1,5,6,0
8957,FRIDAS CAFE-GALERIA,4,0,4,4,0
8958,FRIED RICE EXPRESS,26,13,13,12,14
8959,FRIED RICE EXPRESS II CORP.,10,4,6,7,3
8960,FRIEDMAN PLACE,27,15,12,11,16
8961,FRIEND BBQ,3,1,2,3,0
8962,FRIEND'S BBQ,2,0,2,1,1
8963,FRIEND'S SOUL FOOD RESTAURANT,2,1,1,1,1
8964,FRIENDLY FOOD MARKET,5,2,3,4,1
8965,FRIENDLY TAVERN,3,1,2,2,1
8966,FRIENDS  CAFE,4,1,3,3,1
8967,FRIENDS OF WASHBURNE CULINARY INSTITUTE,8,0,8,5,3
8968,FRIENDS SUSHI,25,12,13,10,15
8969,FRIENDS SUSHI ON STATE/FRIENDS RAMEN,9,4,5,6,3
8970,FRIENDS SUSHI ON STATE/FRIENDS RAMEN/FRIENDS STATI,4,1,3,0,4
8971,FRIENDSHIP COMMUNITY PLACE,4,1,3,2,2
8972,FRIENDSHIP ON THE LAKE,8,3,5,5,3
8973,FRIENDSHIP RESTAURANT,23,10,13,17,6
8974,FRIETKOTEN,17,8,9,7,10
8975,FRIISTYLE,8,6,2,5,3
8976,FRIO GELATO,7,2,5,7,0
8977,FRIO GELATO LLC,5,1,4,4,1
8978,FRISCO'S DOUBLE EAGLE STEA,13,6,7,6,7
8979,FRITE STREET,4,2,2,2,2
8980,FRITZ,6,3,3,3,3
8981,"FRITZ PASTRY, INC.",7,3,4,4,3
8982,FRITZY'S,3,0,3,2,1
8983,FRITZY'S OF LINCOLN PARK,3,1,2,2,1
8984,FRO-YO-N-THINGS,7,0,7,5,2
8985,FROG N SNAIL,18,5,13,10,8
8986,FROM HERE ON FOOD HALL & MARKET,6,1,5,0,6
8987,FROM MY HANDS TO YOUR SOUL FOOD,3,1,2,2,1
8988,FRONT STREET KAFE,2,1,1,2,0
8989,FRONT YARD JERK GRILLE,16,9,7,8,8
8990,FRONTERA GRILL/TOPOLOBAMBO,18,5,13,8,10
8991,FRONTERA GRILL/TOPOLOBAMBO/BAR SOTANO,9,2,7,3,6
8992,FRONTERA GRILL/TOPOLOBAMPO,6,2,4,4,2
8993,FRONTERA TORTAS  BY RICK BAYLESS GATE K4 T3,36,20,16,10,26
8994,FRONTERA TORTAS BY RICK  BAYLESS,34,13,21,10,24
8995,FROYO,5,1,4,3,2
8996,FROYO CHICAGO CAFE,5,1,4,3,2
8997,FROYO CHICAGO CORPORATION,6,3,3,3,3
8998,FROZEN ASSETS COLD STORAGE,4,1,3,2,2
8999,FROZEN ASSETS COLD STORAGE LLC,2,0,2,2,0
9000,FROZEN FOODIES,3,1,2,2,1
9001,FRUIT FLOWERS,2,1,1,1,1
9002,FRUIT GOD,4,1,3,4,0
9003,FRUIT GOD INC.,2,0,2,2,0
9004,FRUIT ISLAND,4,0,4,3,1
9005,FRUIT MARKET,3,0,3,3,0
9006,FRUIT PARADISE,7,3,4,4,3
9007,FRUITD'LICIOUS,5,1,4,4,1
9008,FRUITERIA EL SERRANITO,8,5,3,4,4
9009,FRUITFLOWERS,3,0,3,2,1
9010,"FRUITMANIA, INC.",5,2,3,1,4
9011,FRULLATI CAFE & BAKERY,2,0,2,2,0
9012,FRUNCHROOM,6,2,4,5,1
9013,FRUTA ORGANICA  ORGANIC FRUIT,3,1,2,2,1
9014,FRUTERIA ANDREA,2,0,2,2,0
9015,FRUTERIA ANDY #2,3,1,2,3,0
9016,FRUTERIA EL MERCADO,4,2,2,3,1
9017,FRUTERIA EL MERCADO OF CHICAGO INC.,3,1,2,1,2
9018,FRUTERIA FAVELA,6,3,3,4,2
9019,"FRUTERIA FAVELA, INC.",7,1,6,5,2
9020,FRUTERIA MARTINEZ,2,0,2,2,0
9021,FRUTERIA SAN JOSE,7,2,5,3,4
9022,FRUTERIA ZAVALA,4,0,4,4,0
9023,FRUTTY BOMBA,4,2,2,3,1
9024,FRUTYLAND,14,6,8,5,9
9025,FRUVE EXPRESS JUICERY,5,3,2,2,3
9026,FRUVE XPRESS JUICERY,18,7,11,9,9
9027,FRY THE COOP,20,5,15,10,10
9028,FT Fast Food,7,4,3,4,3
9029,FT WICKER PARK,14,7,7,11,3
9030,FTEX FOODS & LIQUOR INC,3,1,2,2,1
9031,FUDY T'S,2,0,2,2,0
9032,FUEL BAR,9,1,8,2,7
9033,FUEL PREMIUM EATERY,3,1,2,2,1
9034,FUEL SPACE,10,2,8,9,1
9035,FUEL STAR,3,2,1,1,2
9036,FUEL STATION,4,3,1,2,2
9037,FUEL ZONE,9,3,6,6,3
9038,FUGU TEI JAPANEESE RESTAURANT,4,1,3,3,1
9039,FUH,9,3,6,5,4
9040,FUJI SUSHI BUFFET,4,1,3,3,1
9041,FUL,3,1,2,2,1
9042,FULL SHILLING,35,4,31,21,14
9043,FULLA BOLOGNA #1,4,1,3,3,1
9044,FULLER PARK BEVERAGE,2,0,2,2,0
9045,FULLERTON - MOBIL,3,1,2,2,1
9046,"FULLERTON DOLLAR PLUS, INC.",3,1,2,2,1
9047,FULLERTON FOODMART INC.,3,2,1,1,2
9048,FULLERTON GROCERY,8,3,5,5,3
9049,FULLERTON MINI MART,2,0,2,2,0
9050,FULLERTON PULASKI INCORPORATED,3,0,3,2,1
9051,FULLERTON PULASKI SHELL,3,2,1,2,1
9052,FULLERTON RESTAURANT,22,8,14,6,16
9053,FULLWEST BP GAS & SUBWAY,11,7,4,2,9
9054,FULTON FOODMART,4,0,4,3,1
9055,FULTON GALLEY,5,1,4,5,0
9056,FULTON MARKET KITCHEN,26,5,21,18,8
9057,FULTON'S CHICKEN,2,1,1,1,1
9058,FULTON'S ON THE RIVER,5,3,2,1,4
9059,FUMA LLC,3,1,2,2,1
9060,FUMARE MEATS,6,3,3,2,4
9061,FUMARE MEATS AND DELI,7,3,4,2,5
9062,"FUN & GAMES PLAY SCHOOL, INC",12,6,6,4,8
9063,FUN FUN CHINESE,10,5,5,5,5
9064,FUN OL' CAKES INC.,2,1,1,1,1
9065,FUN WASH,8,5,3,3,5
9066,FUNG'S CHOP SUEY,35,16,19,13,22
9067,FUNGS INTERNATIONAL CUISINE,9,3,6,4,5
9068,FUNKY FRANKS & BURGERS,4,1,3,2,2
9069,FUNNEL CAKE & ICEE MAN,2,1,1,0,2
9070,FUNNEL WORLD & CAFE,2,1,1,1,1
9071,FUNSTON  ELEMENTARY  SCHOOL,4,3,1,1,3
9072,FUNSTON (MAIN BUILDING),17,6,11,7,10
9073,FUNSTON ANNEX ELEM. SCHOOL,21,10,11,9,12
9074,FURAMA RESTAURANT INC,26,12,14,13,13
9075,FURIOUS  SPOON,6,1,5,4,2
9076,FURIOUS SPOON,49,10,39,29,20
9077,FUSHING CO,16,8,8,5,11
9078,FUSION 58,3,1,2,2,1
9079,FUSION POKE,8,2,6,4,4
9080,FUTATSUKI RAMEN,10,2,8,7,3
9081,FUTURE FOCUS DAY CARE,9,4,5,5,4
9082,"FUTURE LEADERS EARLY LEARNING CENTER, INCORPORATED",2,0,2,1,1
9083,FUTUREWORLD,7,1,6,5,2
9084,FUZZE COFFEE AND GRILL,3,2,1,2,1
9085,FUZZIWIG'S CANDY FACTORY,5,2,3,2,3
9086,Falconer Elementary School,20,11,9,7,13
9087,Family Dollar,6,1,5,3,3
9088,Farm Super Market,24,9,15,14,10
9089,FatPour,15,9,6,8,7
9090,Fatburger,3,0,3,3,0
9091,Fathis Dollar Store,3,2,1,2,1
9092,Felony Franks #1,3,0,3,1,2
9093,Fenger Acad. (H/S)(Board of Education),26,6,20,11,15
9094,Fermi Elementary,3,3,0,1,2
9095,Fernwood,23,12,11,9,14
9096,Field,19,16,3,3,16
9097,Fifolet Cajun,11,2,9,8,3
9098,Fire Nutrition,2,0,2,1,1
9099,Firehouse Steak and Lemonade,5,2,3,3,2
9100,First Slice Pie Cafe,2,1,1,1,1
9101,Fischman Liquors,4,0,4,3,1
9102,"Flat Iron, Pita-Grill & More, Inc.",2,0,2,1,1
9103,Flat Top Grill,14,6,8,8,6
9104,Flight Club,6,2,4,2,4
9105,Flirty Cupcakes,5,4,1,1,4
9106,Floriole Bakery LLC,24,8,16,13,11
9107,Flying Saucer,13,8,5,4,9
9108,Food 4 Less #570,33,18,15,11,22
9109,Food 4 Less Midwest #552,56,27,29,21,35
9110,Food Mart At 75th Street,3,1,2,2,1
9111,Foreman (H/S),25,7,18,13,12
9112,Fornetto-Mei on Grant,23,7,16,13,10
9113,Forum 55,22,12,10,12,10
9114,Foster Cicero Marathon,3,3,0,2,1
9115,Four Points by Sheraton Chicago Downtown,4,1,3,2,2
9116,Francesca's Forno,8,3,5,3,5
9117,Francis Xavier Warde School,16,8,8,4,12
9118,Frank's,8,3,5,3,5
9119,Franklin Magnet,15,6,9,3,12
9120,Fresco Pasta,3,2,1,2,1
9121,Fresh Stack Burger,2,0,2,2,0
9122,Fresh Start Mini Mart,6,2,4,5,1
9123,Fresh Street,3,2,1,1,2
9124,Friedrich L. Jahn Elementary,18,9,9,5,13
9125,Friendly Food & Liquors,3,1,2,1,2
9126,Fruteria Lina,4,0,4,3,1
9127,Frutisandwich,3,2,1,2,1
9128,Fuji Hibachi & Sushi,4,1,3,3,1
9129,Fulton,19,7,12,4,15
9130,G & B,2,1,1,1,1
9131,G & E NUTRITION,2,1,1,1,1
9132,G & F PRODUCE,13,4,9,8,5
9133,G & G 59TH ST INC,3,0,3,1,2
9134,G & G FOOD MARKET,3,1,2,1,2
9135,G & J ICE CREAM,6,1,5,4,2
9136,G & M FOOD MART,6,3,3,4,2
9137,G & N FOOD & LIQUOR INC,5,2,3,3,2
9138,G & N SNACK SHOP,26,9,17,13,13
9139,G & O,19,6,13,11,8
9140,G & S FOOD MART INC,6,1,5,5,1
9141,G & V SUPERMARKET INC.,2,0,2,2,0
9142,G AND L MINI MART,7,1,6,5,2
9143,G Cue Billiards,14,8,6,3,11
9144,G GYROS,3,0,3,2,1
9145,G N P H #ELEVEN INC,17,6,11,4,13
9146,G N P H #NINE INC,24,11,13,8,16
9147,G N P H #TWO INC,21,6,15,10,11
9148,G T XPRESS CATERING,2,1,1,1,1
9149,G&G RESTAURANT,4,3,1,1,3
9150,G'S LOUNGE INC,2,2,0,2,0
9151,"G.N.P.H. #EIGHT, INC.",26,10,16,10,16
9152,G.R. CLARK ELEMENTARY,15,6,9,0,15
9153,G.T.S.,15,6,9,8,7
9154,G9 EXPRESS 2,2,2,0,1,1
9155,"GABBY'S SMOKIN GRILLZ, INC.",4,1,3,2,2
9156,GABOS RESTAURANT,2,1,1,1,1
9157,GABRIELA'S CARNITAS,2,0,2,2,0
9158,GABY'S  PIZZA  &  GRILL,11,7,4,3,8
9159,GABY'S FUNNEL CAKES,3,1,2,2,1
9160,GABY'S FUNNEL CAKES #1 INC.,2,1,1,0,2
9161,"GABY'S FUNNEL CAKES, INC.",2,1,1,1,1
9162,GABY'S PANADERIA Y PIZZERIA,9,4,5,5,4
9163,GADABOUT,7,1,6,6,1
9164,GADS HILL CENTER,18,7,11,6,12
9165,GADS HILL CHILD CARE CENTER,11,5,6,2,9
9166,"GAELIC FIRE BRIGADE, INC",3,2,1,1,2
9167,GAELIC IMPORTS,14,6,8,5,9
9168,GAGE PARK CITGO & FOOD MART,4,1,3,3,1
9169,GAGE PARK FOOD,8,2,6,2,6
9170,GAIJIN,5,2,3,3,2
9171,GAIN CHANGERS,5,2,3,2,3
9172,GALA BANQUETS,20,9,11,9,11
9173,GALAPAGOS CAFE,22,8,14,10,12
9174,GALATA LLC,6,4,2,1,5
9175,"GALAXY CITGO GAS AND FOOD, INC.",3,1,2,1,2
9176,GALAXY FOOD MART,3,0,3,2,1
9177,GALAXY MART,2,1,1,1,1
9178,GALBEE CITY,5,2,3,3,2
9179,GALE STREET INN,26,11,15,12,14
9180,GALILEO BAR,13,4,9,2,11
9181,GALIT RESTAURANT,10,1,9,5,5
9182,GALLAGHERS,2,1,1,1,1
9183,GALLERIA LIQUEURS,3,0,3,1,2
9184,GALLERIA MARCHETTI,16,3,13,10,6
9185,GALLERIA MARKET,19,5,14,13,6
9186,GALLERY 37 CAFE,3,2,1,1,2
9187,GALLERY BAR,8,4,4,4,4
9188,GALLERY CABARET,2,1,1,1,1
9189,GALLERY CAFE,5,3,2,3,2
9190,GALLERY FAST FOOD,3,1,2,2,1
9191,GALLERY GUICHARD,2,0,2,0,2
9192,GALLISTEL LANGUAGE ACADEMY,35,20,15,14,21
9193,GALLUCCI PIZZERIA NAPOLETANA,7,2,5,6,1
9194,GALVIN'S PUBLIC HOUSE,22,3,19,13,9
9195,GALWAY ARMS,21,10,11,12,9
9196,GALWAY BAY,2,1,1,1,1
9197,GAMBLE'S MINI MARKET AND QUICK BITES,8,3,5,5,3
9198,GAMBLERS,3,0,3,1,2
9199,GAMEKEEPERS,16,5,11,10,6
9200,GAMERS HALL,3,1,2,2,1
9201,GAN SHALOM (TEMPLE SHOLOM) OF,18,5,13,8,10
9202,GANBEII,2,0,2,1,1
9203,GANGNAM MARKET,5,1,4,1,4
9204,GANNON'S PUB,23,2,21,16,7
9205,GAO'S KABOB,16,5,11,12,4
9206,GAOKU IZAKAYA & CRAFT DRINKS,3,0,3,1,2
9207,GARCIA MINI MARKET,3,0,3,2,1
9208,GARCIA'S INC,39,14,25,19,20
9209,GARDEN BUFFET,2,0,2,2,0
9210,GARDEN CHOP SUEY,6,3,3,3,3
9211,GARDEN FAST FOOD,14,4,10,9,5
9212,GARDEN GOURMET MARKET,8,3,5,6,2
9213,GARDEN GRILL,4,1,3,3,1
9214,GARDEN GRILL INN,2,1,1,1,1
9215,GARDEN GRILL MEXICAN,3,0,3,3,0
9216,"GARDEN GRILL MEXICAN CUISINE, INC.",6,1,5,5,1
9217,GARDEN MANOR,12,5,7,3,9
9218,GARDEN OF EDEN MEDITERRANEAN RESTAURANT,17,10,7,5,12
9219,GARDEN TERRACE,17,6,11,8,9
9220,GARDEN VILLAGE,2,0,2,1,1
9221,GARDO'S 1 MARKET,2,0,2,1,1
9222,GARETT POPCORN SHOPS T-5,7,1,6,5,2
9223,GARFIELD  FOOD,5,0,5,2,3
9224,GARFIELD APARTMENTS,15,8,7,3,12
9225,GARFIELD CITGO,3,1,2,2,1
9226,GARFIELD ENTERPRISE INC,5,1,4,3,2
9227,GARFIELD FOOD,4,2,2,3,1
9228,GARFIELD GAS,2,0,2,2,0
9229,GARFIELD GYROS,15,5,10,5,10
9230,GARFIELD GYROS PIZZA,7,2,5,4,3
9231,GARFIELD PARK HOSPITAL,9,4,5,2,7
9232,GARFIELD SHELL,3,0,3,2,1
9233,GARFIELD SUPER SAVER,4,2,2,2,2
9234,GARFIELD'S BEVERAGE,2,1,1,1,1
9235,GARFIELD300 INC.,2,0,2,1,1
9236,GARFIELDS BEVERAGE,2,0,2,0,2
9237,GARGOYLE CAFE,7,2,5,3,4
9238,"GARI SUSHI, INC.",4,0,4,3,1
9239,GARIBAY BIRRIA Y CARNITAS,3,1,2,1,2
9240,GARIBAY POULTRY,11,5,6,5,6
9241,GARIFUNA FLAVA CARIBBEAN RESTAURANT,19,9,10,8,11
9242,GARLIC & CHILI THAI CUISINE,12,8,4,2,10
9243,GARPER IMPORTS LLC,2,2,0,0,2
9244,GARRETT LLC FOR LEARNING & GROWTH,3,0,3,2,1
9245,GARRETT POPCORN SHOP MDW-B,2,1,1,0,2
9246,GARRETT POPCORN SHOP MDW-CM,4,1,3,1,3
9247,GARRETT POPCORN SHOPS,68,25,43,26,42
9248,GARRETT'S POPCORN SHOPS,42,20,22,12,30
9249,GARY COMER COLLEGE PREP,3,1,2,1,2
9250,GARY COMER COLLEGE PREP HIGH SCHOOL,6,0,6,4,2
9251,GARY COMER COLLEGE PREP MIDDLE SCHOOL,11,7,4,1,10
9252,GARY COMER MIDDLE SCHOOL,5,2,3,3,2
9253,GARY COMER YOUTH CENTER,15,5,10,6,9
9254,GAS  CENTER,2,1,1,1,1
9255,GAS & FOOD,6,1,5,4,2
9256,GAS CENTER,4,1,3,3,1
9257,GAS CITY,4,2,2,2,2
9258,GAS EXPRESS INC,9,5,4,2,7
9259,GAS N MART,3,0,3,2,1
9260,GAS PLUS INC.,2,1,1,1,1
9261,GAS PLUS MOBIL/BUDDY BEAR CAR WASH,5,1,4,4,1
9262,GAS SHOP AND MINI MART,3,1,2,2,1
9263,GASLIGHT,6,3,3,2,4
9264,GASLIGHT BAR & GRILLE,17,4,13,10,7
9265,GASLIGHT COFFEE ROASTERS,9,4,5,2,7
9266,GASPACHOTES,3,0,3,2,1
9267,"GATELY SEAFOOD MARKET, INC.",4,1,3,3,1
9268,GATEWAY,13,3,10,8,5
9269,GATEWAY FOUNDATION RESIDENTIAL,22,11,11,9,13
9270,GATEWAY FOUNDATION-KEDZIE CENT,11,5,6,4,7
9271,GATEWAY MONTESSORI SCHOOL,8,4,4,2,6
9272,"GATEWAY MONTESSORI SCHOOL, INC",9,4,5,2,7
9273,GATEWAY NEWS,3,2,1,1,2
9274,GATEWAY NEWS STAND,13,3,10,10,3
9275,GATEWAY NEWS STANDS,6,1,5,3,3
9276,GATEWAY NEWSSTAND,5,2,3,4,1
9277,GATEWAY NEWSTAND,85,31,54,36,49
9278,GATEWAY NEWSTANDS,30,7,23,16,14
9279,GATEWAY NEWSTANDS & CIGAR STOR,3,1,2,3,0
9280,GATEWAY TO LEARNING,18,8,10,5,13
9281,GATEWAY TO LEARNING SPECIAL EDUCATION AND TRAINING,14,9,5,4,10
9282,GATHER CHICAGO,13,5,8,5,8
9283,GATHERS TEA BAR,4,3,1,1,3
9284,GATOR'S RESTAURANT,6,2,4,5,1
9285,GAUDI CAFE,10,2,8,5,5
9286,GAUDI COFFEE & GRILL,7,3,4,2,5
9287,GAVIOTA,3,1,2,2,1
9288,GAYLE'S BEST EVER GRILLED CHEESE,15,7,8,4,11
9289,GAYLORD INDIA RESTAURANT,31,10,21,20,11
9290,GAZTRO - WAGON,9,5,4,4,5
9291,GBD CAKES AND SWEETS,10,3,7,7,3
9292,GBD Cakes and Sweets,3,0,3,2,1
9293,GEB,12,4,8,4,8
9294,"GEE GEE FOOD MART, LTD",2,1,1,2,0
9295,GEE JAYS,5,4,1,2,3
9296,GEES FOOD MARKET,3,2,1,2,1
9297,GEJA'S CAFE,23,8,15,12,11
9298,"GELATINA'S CRIS RESTAURANT, INC.",11,5,6,6,5
9299,GELATINA'S CRIS#2,11,6,5,4,7
9300,GELATINAS CRIS,7,1,6,5,2
9301,GELATO GRECO,7,1,6,5,2
9302,GEMELLATO RISTORANTE,7,4,3,4,3
9303,GEMINI BISTRO,18,6,12,7,11
9304,GEMINI GRILL,4,3,1,1,3
9305,GEMMA FOODS,5,1,4,2,3
9306,GEMS WORLD ACADEMY CHICAGO,2,1,1,1,1
9307,GEN HOE,5,3,2,3,2
9308,"GEN HOE 3 RESTAURANT,INC",3,1,2,2,1
9309,GENE TURNER I,4,1,3,3,1
9310,GENE'S BISTRO/BIG BOWL/TALL BOY,13,2,11,4,9
9311,GENE'S SAUSAGE SHOP & DELI INC,14,6,8,3,11
9312,GENE'S SNACKS & SUNDRIES,4,0,4,3,1
9313,GENERAL GROWTH MANAGEMENT INC,7,5,2,1,6
9314,GENERAL NUTRITION CENTER,3,0,3,2,1
9315,GENERATIONS AT COLUMBUS PARK,10,5,5,4,6
9316,GENES SAUSAGE SHOP AT DELI MEYER,22,6,16,9,13
9317,"GENESIS BAKERY, INC",4,0,4,3,1
9318,GENESIS ON THE AVENUE,6,2,4,4,2
9319,GENEVIEVE MELODY ELEMENTARY,6,2,4,3,3
9320,GENIE'S DISCOUNT FOOD AND LIQUOR,4,0,4,2,2
9321,GENIE'S DISCOUNT LIQUOR & GROCERY,5,4,1,3,2
9322,GENNARO'S MEAT MARKET,3,0,3,2,1
9323,GENOVA PIZZA,3,0,3,2,1
9324,GENTLE PERSUASION INC,2,0,2,2,0
9325,GEO'S HOT DOG,5,3,2,2,3
9326,GEO'S PIZZA INC,12,3,9,7,5
9327,"GEO.  NOTTOLI & SON, INC.",19,7,12,8,11
9328,GEORGE ARMSTRONG PUBLIC SCHOOL,18,10,8,5,13
9329,GEORGE E TAYLOR CHILD DEVELOPMENT CENTER,20,10,10,8,12
9330,GEORGE HOT DOGS,22,8,14,15,7
9331,GEORGE LELAND ELEMENTARY SCHOOL,5,2,3,2,3
9332,GEORGE LELAND MODULAR,14,4,10,6,8
9333,GEORGE STREET PUB,20,7,13,11,9
9334,GEORGE SUPER TACOS,2,1,1,2,0
9335,GEORGE TILTON,20,14,6,7,13
9336,GEORGE WASHINGTON ELEMENTARY,18,9,9,4,14
9337,GEORGE'S,12,4,8,8,4
9338,GEORGE'S CARRYOUTS,9,3,6,2,7
9339,GEORGE'S DEEP DISH,4,0,4,1,3
9340,GEORGE'S GRILL KABAB INC,8,3,5,3,5
9341,GEORGE'S GRILL KABOB,3,2,1,3,0
9342,GEORGE'S HOT DOG,10,6,4,3,7
9343,GEORGE'S LIQUOR & FOOD,3,0,3,1,2
9344,GEORGE'S PITA KABOB,3,0,3,3,0
9345,GEORGE'S RESTAURANT,19,8,11,6,13
9346,GEORGES CHICKEN AND SHRIMP 1 INC,4,0,4,3,1
9347,GEORGES ICE CREAM SWEETS,12,8,4,7,5
9348,GEORGES SUNSHINE PRE SCHOOL,13,7,6,4,9
9349,GEORGIA'S FOOD DEPOT,12,8,4,8,4
9350,GEORGIA'S SOUL FOOD,6,1,5,6,0
9351,GEORGIAN BAKERY,11,3,8,9,2
9352,GEORGINOS PIZZA,3,1,2,1,2
9353,GEORGIO'S GOURMET PIZZA,4,2,2,2,2
9354,GEORGIOS ON DIVISION,17,5,12,16,1
9355,GEORGIS CATERING,24,8,16,11,13
9356,GEPADE CAFFE,9,2,7,5,4
9357,GEPPERTH'S MARKET INC,13,8,5,8,5
9358,GERALD DELGADO KANOON ELEMENTARY,23,9,14,6,17
9359,GERALD RATNER ATHLETIC CENTER JUICE BAR,4,1,3,1,3
9360,GERARDOS CARNICERIA,6,3,3,3,3
9361,GERMANIA PLACE,17,3,14,10,7
9362,GERRY'S FISH & CHICKEN,15,5,10,9,6
9363,GERRY;S FISH & CHICKEN,3,1,2,1,2
9364,GERTIE'S ICE CREAM INC,22,11,11,9,13
9365,GET CONNECTED CELL & MINIMART INC,7,2,5,3,4
9366,"GET IT 'N GO, LLC",7,2,5,3,4
9367,GET OFF THE COUCH CATERING: DIA DE LOS TAMALES,16,7,9,6,10
9368,GETIR,29,10,19,12,17
9369,GETTA POLPETTA,6,2,4,3,3
9370,GFC,6,1,5,3,3
9371,GHAREEB NAWAZ,6,0,6,4,2
9372,GHAREEB NAWAZ EXPRESS,27,5,22,15,12
9373,GHAREEB NAWAZ RESTAURANT,72,29,43,38,34
9374,GHAZZEL TOBACCO,5,0,5,4,1
9375,GHIN KHAO EAT RICE,7,3,4,5,2
9376,GHIRARDELLI CHOCOLATE CO,4,4,0,1,3
9377,GHIRARDELLI CHOCOLATE SHOP & SODA FOUNTAIN,10,8,2,4,6
9378,GHYNAROS GRILL,4,0,4,3,1
9379,GIANNA'S PIZZA,25,10,15,11,14
9380,GIANT,13,3,10,8,5
9381,GIANT LEAPS LEARNING CENTER,8,3,5,4,4
9382,GIBSONS ITALIA,13,5,8,7,6
9383,GIBSONS STEAK HOUSE,22,9,13,8,14
9384,GIDEON SWEET,6,2,4,4,2
9385,GIDEON WELLES,16,3,13,11,5
9386,GIFT 4 KIDS,6,2,4,3,3
9387,GIFT 4 KIDS BABY ACADEMY LLC,4,1,3,3,1
9388,GIFT 4 KIDS DAYCARE CENTER LLC,19,8,11,11,8
9389,GIFTED CHILDREN ACADEMY,11,5,6,7,4
9390,"GIFTED CHILDREN ACADEMY, INC.",16,6,10,6,10
9391,GIGI'S BAKE SHOP,4,4,0,2,2
9392,GIGI'S FOOD MART INC.,3,1,2,2,1
9393,GIGI'S PIZZA,3,0,3,3,0
9394,GIGIO'S PIZZA,24,12,12,8,16
9395,GIGIS FOOD MARKET,6,2,4,4,2
9396,GIGIS KITCHEN,5,1,4,5,0
9397,GIL-TIKIE LOUNGE,2,0,2,1,1
9398,GILBERT WOODS,3,0,3,3,0
9399,GILCHRIST MARCHMAN HEAD START,7,2,5,2,5
9400,GILCHRIST-MARCHMAN CHILD DEVELOPMENT CENTER,14,7,7,5,9
9401,GILHOOLEY'S,16,3,13,8,8
9402,GILHOOLEY'S GRANDE SALOON,15,11,4,6,9
9403,GILMART'S  FOOD & LIQUOR,7,2,5,6,1
9404,GILT BAR/ DOUGHNUT VAULT/ CICCIO MIO,10,1,9,6,4
9405,GILT BAR/DOUGHNUT  VAULT,13,6,7,7,6
9406,GIMENAS CLUB BIENESTAR TOTAL,4,1,3,3,1
9407,GINA'S CHICKEN,13,3,10,5,8
9408,GINA'S UNBELIEVABLE LEARNING CENTER,17,7,10,4,13
9409,GINAS CUISINE II,2,1,1,1,1
9410,GINGER ALE HOUSE,5,2,3,4,1
9411,GINGERSNAP SWEETS & SUCH,7,3,4,5,2
9412,GINO & MARTY'S,2,0,2,1,1
9413,GINO & MARTYS,3,1,2,1,2
9414,GINO'S EAST,8,3,5,4,4
9415,GINO'S EAST OF CHICAGO,14,5,9,9,5
9416,GINO'S EAST PIZZERIA,38,17,21,20,18
9417,GINO'S EAST PIZZERIA/RAINBOW CONE/GOTHAM BAGELS/TH,2,0,2,2,0
9418,GINO'S NORTH PIZZERIA,27,9,18,15,12
9419,GINO'S STEAKS TRUCK,7,3,4,1,6
9420,GINO'S STEAKS TRUCK BRIDGEPORT,8,2,6,6,2
9421,GINZA RESTAURANT,7,2,5,3,4
9422,GIO'S,12,5,7,3,9
9423,GIO'S ON 31ST ST AUTHENTIC MEXICAN FOOD INC,7,5,2,1,6
9424,GIO'S SPORTS BAR,24,10,14,16,8
9425,GIO'S TACOS,5,0,5,4,1
9426,GIOCO,15,3,12,7,8
9427,GIOIA CANDY,13,7,6,4,9
9428,GIOIA RISTORANTE E PASTIFICIO,6,2,4,4,2
9429,GIORBONY'S,4,1,3,3,1
9430,GIORDANO'S,15,3,12,8,7
9431,GIORDANO'S ANDERSONVILLE,8,4,4,2,6
9432,GIORDANO'S ENTERPRISES INC,5,1,4,4,1
9433,GIORDANO'S GREEKTOWN,13,5,8,4,9
9434,GIORDANO'S NAVY PIER,12,6,6,3,9
9435,GIORDANO'S OF BEVERLY,21,9,12,5,16
9436,GIORDANO'S OF GREEKTOWN,7,3,4,2,5
9437,GIORDANO'S OF LINCOLN SQUARE,11,4,7,2,9
9438,GIORDANO'S OF LOGAN SQUARE,28,10,18,9,19
9439,GIORDANO'S OF MIDWAY,6,4,2,1,5
9440,GIORDANO'S OF PRUDENTIAL PLAZA,29,16,13,12,17
9441,GIORDANO'S OF RUSH,14,8,6,3,11
9442,GIORDANO'S ON BELMONT,28,11,17,9,19
9443,GIORDANO'S ON JACKSON,32,14,18,14,18
9444,GIORDANO'S ON PULASKI,6,3,3,2,4
9445,GIORDANO'S ON RUSH,27,10,17,11,16
9446,GIORDANO'S ON SHERIDAN,26,15,11,9,17
9447,GIORDANO'S PIZZA,62,25,37,25,37
9448,GIORDANO'S REST. & PIZZERIA,10,6,4,5,5
9449,GIORDANO'S RESTAURANT,63,32,31,10,53
9450,GIORDANO'S RESTAURANT & PIZZ,4,0,4,3,1
9451,GIORDANO'S RESTAURANT & PIZZAERIA,2,2,0,2,0
9452,GIORGINOS PIZZA,14,5,9,5,9
9453,GIORGIO'S PIZZA,3,1,2,2,1
9454,GIORGIOS,2,0,2,2,0
9455,GIORNO'S PIZZA INCORPORATED,5,2,3,3,2
9456,GIOVANNI LIQUORS INC,2,0,2,1,1
9457,GIOVANNI'S PIZZA,12,3,9,9,3
9458,GIRL & THE GOAT,31,10,21,13,18
9459,GIVE ME SOME SUGAH,20,5,15,11,9
9460,GIVE ME SOME SUGAR,3,1,2,2,1
9461,"GIVE ME SOME SUGAR, LLC",6,3,3,1,5
9462,GJK PETROLEUM INC.,4,2,2,2,2
9463,GLADSTONE FOOD MART,4,1,3,2,2
9464,GLADY'S RESTAURANT,5,1,4,3,2
9465,GLADYS,4,1,3,4,0
9466,GLAZE TERIYAKI GRILL,7,5,2,2,5
9467,GLAZED AND INFUSED,36,13,23,18,18
9468,"GLAZED AND INFUSED, LLC",4,1,3,2,2
9469,GLEN ELSTON NURSNG & REHAB CENTER,10,3,7,8,2
9470,GLEN ELSTON NURSNG & REHAB CTR,3,2,1,1,2
9471,GLENCREST NURSING & REHAB CTR,13,2,11,10,3
9472,GLENN'S DINER,26,11,15,13,13
9473,GLG MEAT WEST DISTRIBUTORS LLC,4,0,4,3,1
9474,GLO ACADEMY,3,1,2,1,2
9475,GLOBAL COFFEE & CARGO,4,1,3,2,2
9476,GLOBAL GROCERIES,3,1,2,2,1
9477,GLOBAL KITCHEN,6,1,5,4,2
9478,GLOBAL MARKET,3,1,2,1,2
9479,GLOBE RESTAURANT,4,2,2,3,1
9480,GLORIA DEI LUTHERAN CHURCH,9,1,8,4,5
9481,GLORIA ENTERPRISES,4,2,2,1,3
9482,GLORIA JEANS COFFEE,7,3,4,4,3
9483,GLORIA'S CAFE,6,2,4,3,3
9484,GLORIOUS  CONFECTIONERY,3,2,1,2,1
9485,GLUTTON FORCE FIVE,4,2,2,3,1
9486,GMAN TAVERN,2,1,1,1,1
9487,GNS MARKET,4,0,4,1,3
9488,GO 4 FOOD INC.,12,6,6,3,9
9489,GO FISH GROUP INC,7,2,5,6,1
9490,GO GO FISH & STEAK,2,0,2,2,0
9491,GO GO FISH AND STEAK,3,1,2,1,2
9492,GO GO RESTAURANT,8,2,6,6,2
9493,GO GREEN,2,0,2,2,0
9494,GO GREEN COMMUNITY FRESH MARKET,4,3,1,1,3
9495,GO GROCER,16,5,11,11,5
9496,GO GROCERY INC,2,2,0,1,1
9497,GO LO,13,4,9,8,5
9498,GO LO FUEL MARKET,4,1,3,2,2
9499,GO! COMMISSARY AND WHOLESALE,11,2,9,6,5
9500,GO! GROCER,39,10,29,21,18
9501,GO! GROCER #4,6,2,4,4,2
9502,GO! GROCER LOYOLA,4,3,1,1,3
9503,GO-GO WHITE SOX GRILL,13,6,7,5,8
9504,GOBBLE DOGGS,6,4,2,2,4
9505,"GOBBLE DOGGS, LLC",2,0,2,1,1
9506,GOBLINBAT INC.,2,1,1,1,1
9507,GOC PHO CAFE,3,0,3,2,1
9508,GOD'S BATTLE AXE PRAYER ACADEMY,3,1,2,2,1
9509,GOD'S LITTLE HELPER INC. DAYCARE,8,2,6,4,4
9510,GOD'S SPOT 4 U DAYCARE,10,4,6,3,7
9511,GODDESS AND THE BAKER,36,12,24,18,18
9512,"GODDESS AND THE BAKER GRAND, LLC",8,2,6,2,6
9513,"GODDESS AND THE BAKER MADISON, LLC",7,2,5,2,5
9514,GODDESS IN THE NUTRITION,2,0,2,2,0
9515,GODDESS ON THE GO 2,3,0,3,1,2
9516,GODDESS ROCKS,10,4,6,6,4
9517,GODFATHER'S PIZZA,11,2,9,4,7
9518,GODIVA CHOCOLATIER,7,1,6,6,1
9519,"GODIVA CHOCOLATIER, INC",4,2,2,2,2
9520,GODZILLA SUSHI,2,1,1,1,1
9521,GOETHE ELEMENTARY SCHOOL,21,7,14,8,13
9522,GOGI NARA,21,7,14,13,8
9523,"GOGO DOGS, LLC",6,2,4,4,2
9524,GOGO FOOD MARKET,17,6,11,11,6
9525,GOGO FOOD PLUS INC,3,1,2,2,1
9526,GOHYANG FOOD CORPORATION,17,3,14,10,7
9527,"GOLD BUG ENTERPRISES,LLC.",2,1,1,1,1
9528,GOLD COAST,3,1,2,2,1
9529,GOLD COAST CAR WASH&OIL CHANGE,3,2,1,2,1
9530,GOLD COAST DELI & CAFE,4,0,4,4,0
9531,GOLD COAST DOGS,93,40,53,36,57
9532,GOLD COAST MARKET,9,0,9,6,3
9533,GOLD COAST PIZZA COMPANY,6,2,4,3,3
9534,GOLD CROWN LIQUORS,10,5,5,7,3
9535,GOLD LADLE THAI CUISINE,2,0,2,1,1
9536,GOLD LEAF FLOWER STUDIO,2,1,1,1,1
9537,GOLD MEDAL LIQUORS,2,0,2,1,1
9538,GOLD MOOR FOOD MARKET,2,0,2,2,0
9539,GOLD STANDARD/BINNYS,4,2,2,2,2
9540,"GOLDEN ANGEL RESTAURANT, INC.",4,2,2,3,1
9541,GOLDEN APPLE CAFE & BAKERY,13,4,9,6,7
9542,GOLDEN APPLE RESTAURANT,25,9,16,11,14
9543,"GOLDEN BEGINNINGS ADULT DAY CENTER, INC",3,1,2,2,1
9544,GOLDEN BUCKS,3,0,3,2,1
9545,GOLDEN BUN,3,2,1,2,1
9546,GOLDEN CHEF,2,0,2,2,0
9547,GOLDEN CHEF CHINESE KITCHEN,20,10,10,8,12
9548,GOLDEN CROWN RESTAURANT,10,7,3,4,6
9549,GOLDEN CROWN RESTAURANT INC,2,1,1,0,2
9550,GOLDEN CRUST PIZZERIA,28,8,20,16,12
9551,GOLDEN DAGGER,2,1,1,0,2
9552,GOLDEN DEAL,3,1,2,1,2
9553,GOLDEN DINER,18,10,8,7,11
9554,GOLDEN DRAGON CHINESE RESTAURANT,16,5,11,11,5
9555,GOLDEN FARM FOOD MARKET INC,2,1,1,1,1
9556,GOLDEN FISH,18,8,10,3,15
9557,GOLDEN FISH & CHICKEN,26,4,22,12,14
9558,GOLDEN FISH & CHICKEN 1,3,2,1,1,2
9559,GOLDEN FISH + CHICKEN,4,2,2,2,2
9560,GOLDEN GAI SUSHI,8,2,6,5,3
9561,GOLDEN GATE,7,1,6,3,4
9562,GOLDEN GATE DAY CARE,16,6,10,6,10
9563,GOLDEN GATE FOOD MARKET,4,0,4,2,2
9564,GOLDEN GIRLS LOUNGE INC,2,1,1,0,2
9565,GOLDEN GRAIN BAKERY AND DONUTS CORPORATION,17,9,8,10,7
9566,"GOLDEN GROCERY STORE, LLC",2,2,0,2,0
9567,GOLDEN HEART RESTAURANT,20,7,13,11,9
9568,"GOLDEN HOOK FISH, CHICKEN",24,7,17,13,11
9569,"GOLDEN HOOK FISH, CHICKEN, STEAK & BEEF, INC.",9,3,6,3,6
9570,GOLDEN HOOKS FISH & CHICAGO,2,0,2,2,0
9571,GOLDEN HOOKS FISH & CHICKEN,4,1,3,2,2
9572,GOLDEN HORSE CARRIAGE CAFE,6,4,2,3,3
9573,GOLDEN HOUSE RESTAURANT,16,11,5,5,11
9574,GOLDEN MINI MART,3,0,3,2,1
9575,GOLDEN NUGGET,23,9,14,8,15
9576,GOLDEN PACIFIC MARKET LLC,12,5,7,5,7
9577,GOLDEN RISE BAKERY,4,0,4,3,1
9578,GOLDEN SHARK FISH & CHICKEN,3,1,2,2,1
9579,GOLDEN SPICE BAKERY,3,1,2,3,0
9580,GOLDEN STAR TOBACCO & GROCERY INC,2,1,1,1,1
9581,GOLDEN TEARDROPS,18,5,13,9,9
9582,GOLDEN THAI,14,7,7,4,10
9583,GOLDEN TIARA LTD,3,0,3,2,1
9584,GOLDEN WOK CORPORATION,6,4,2,2,4
9585,GOLDEN WOK RESTAURANT,13,4,9,7,6
9586,GOLDER COLLEGE PREP,5,0,5,1,4
9587,GOLDMORE FOOD,2,2,0,1,1
9588,GOLDSTAR LIQUOR,2,2,0,2,0
9589,GOLDY FAST FOOD,5,0,5,4,1
9590,GOLO,19,9,10,11,8
9591,GOLO FUEL MINI MART,3,1,2,2,1
9592,GOLO GAS,6,1,5,5,1
9593,GOLOCITO,5,1,4,4,1
9594,GOMEZ TACOS REST,22,10,12,10,12
9595,GONG CHA,5,1,4,1,4
9596,GONG MING FOOD MARKET,6,2,4,2,4
9597,GONZALEZ MEXICAN FOOD,3,1,2,2,1
9598,GONZALEZ RESTAURANT,2,1,1,1,1
9599,GOOD BBQ INC,3,1,2,1,2
9600,GOOD BLESSINGS DISCOUNT STORE,3,0,3,2,1
9601,GOOD EARTH MARKET,3,0,3,2,1
9602,GOOD FOOD HEALTH CENTER,2,0,2,1,1
9603,GOOD FOODS HEALTH CENTER LLC,8,4,4,1,7
9604,GOOD FOODS VEGAN / VEGETARIAN,7,3,4,2,5
9605,GOOD FORTUNE,4,1,3,4,0
9606,GOOD HANDS DAY CARE INCORPORATED,3,1,2,1,2
9607,GOOD LIFE,3,1,2,2,1
9608,GOOD MEASURE,5,1,4,3,2
9609,GOOD MOOD,4,0,4,4,0
9610,GOOD MORNING FOOD STOP,4,1,3,1,3
9611,GOOD SHEPHERD CHRISTIAN ACADEMY,6,1,5,2,4
9612,GOOD SHEPHERD/ZAPATA ACADEMY BRANCH,14,9,5,4,10
9613,GOOD STUFF EATERY,25,8,17,15,10
9614,GOOD TIMES SPORTS BAR,2,0,2,1,1
9615,GOOD TO GO JAMAICAN CUISINE LLC,14,4,10,5,9
9616,"GOODFELLAS FOOD & MEAT MART, I",4,1,3,3,1
9617,GOODHART GROUP CORP.,13,5,8,5,8
9618,GOODIE GOODIE CHINESE FOOD,4,3,1,1,3
9619,GOODIE TACOS,5,2,3,2,3
9620,GOODIES SUPERMARKET,6,3,3,4,2
9621,"GOODIES, INC..",2,1,1,1,1
9622,GOODTIMES BREWERY,6,4,2,3,3
9623,GOODWIN'S,22,5,17,12,10
9624,GOODWIN'S RESTAURANT,6,0,6,3,3
9625,GOODY MART,3,2,1,2,1
9626,GOOGOO'S TABLE,14,4,10,7,7
9627,GOOSE ISLAND,15,8,7,4,11
9628,"GOOSE ISLAND BAR - T1, B4",9,2,7,2,7
9629,GOOSE ISLAND BEER  CO.,9,3,6,3,6
9630,GOOSE ISLAND BEER CO,16,5,11,9,7
9631,GOOSE ISLAND BEER COMPANY,12,5,7,2,10
9632,GOOSE ISLAND BREWING CO,17,8,9,10,7
9633,GOOSE ISLAND SHRIMP HOUSE INC,13,4,9,3,10
9634,GOOSE ISLAND WRIGLEYVILLE,7,3,4,4,3
9635,GOOSEFOOT,16,10,6,6,10
9636,GOOSEFOOT FOOD & WINE,11,8,3,1,10
9637,GOPUFF,16,5,11,11,5
9638,GORA RETAURANT AND FOOD MARKET,2,0,2,2,0
9639,GORDILLAS,21,7,14,14,7
9640,GORDITAS ADRIAN'S,10,2,8,7,3
9641,GORDITAS AGUASCALIENTES,14,7,7,5,9
9642,GORDITAS COLOTLAN NINAS & CHRIS CHRIS LLC,10,2,8,7,3
9643,GORDITAS LA TIA,26,13,13,8,18
9644,GORDITAS LA TIA SUSY,12,4,8,4,8
9645,GORDITAS LA TIA SUZY ESTILO DURANGO,3,2,1,1,2
9646,GORDITAS LOLI'S #2,9,2,7,5,4
9647,GORDITAS LOLI'S INC,10,8,2,4,6
9648,GORDITAS MARIA INC.,2,0,2,2,0
9649,GORDITAS SALAZAR,5,2,3,3,2
9650,GORDITAS SAN MARCOS,5,3,2,3,2
9651,GORDITAS SAN MARCOS OF CHICAGO,2,0,2,0,2
9652,GORDITAS SANTIAGO,14,5,9,6,8
9653,GORDITAS SANTIAGO NO. 2,7,2,5,4,3
9654,GORDITAS Y TACOS JULI,2,2,0,1,1
9655,GORDO TAMALES,7,4,3,3,4
9656,GORDO'S,4,1,3,3,1
9657,GORDO'S HOMEMADE ICE CREAM BARS,2,0,2,0,2
9658,GORDO'S ITALIAN ICE,3,1,2,2,1
9659,"GORDO'S MARKET, INC.",2,0,2,1,1
9660,GORDO'S TAMALES,10,4,6,5,5
9661,GORDO'S TINY TACO BAR,5,0,5,2,3
9662,GORDON FOOD SERVICE STORE LLC,2,2,0,1,1
9663,GORDON RAMSAY BURGER,9,3,6,7,2
9664,GORDON TECH HIGH SCHOOL,7,4,3,2,5
9665,"GOREE CUISINE, LLC",3,1,2,1,2
9666,GORILLA KING SUSHI,3,1,2,2,1
9667,GORILLA SUSHI,37,18,19,18,19
9668,GORILLA SUSHI BAR ON CLARK,12,4,8,6,6
9669,GORILLA SUSHI LOGAN SQUARE,11,3,8,7,4
9670,GORILLA SUSHI WESTERN,11,3,8,6,5
9671,GORILLA SUSHI WICKER PARK,2,2,0,1,1
9672,GORILLA'S LAKEVIEW,2,0,2,2,0
9673,GORILLAS CHICAGO RIVER NORTH,2,0,2,2,0
9674,GORILLAS WEST LOOP,2,0,2,2,0
9675,GORKHA KITCHEN LLC,6,0,6,2,4
9676,GORSKI BAKERY,8,2,6,5,3
9677,GOSA TEA,8,2,6,6,2
9678,GOSU,16,2,14,11,5
9679,GOTHAM BAGELS,6,1,5,4,2
9680,GOUDY ELEMENTARY,19,9,10,8,11
9681,GOURMET CORTEZ RESTAURANT,2,1,1,1,1
9682,GOURMET DELI & SUBS,7,1,6,6,1
9683,GOURMET GORILLA,52,14,38,29,23
9684,"GOURMET GORILLA,INC.",8,3,5,4,4
9685,"GOURMET GRAM,FILET GRAM & GRAM",2,1,1,1,1
9686,GOVERNOR'S,6,2,4,3,3
9687,GQ DOLLAR STORE,2,1,1,1,1
9688,"GQ GROCERY & FAST FOOD, INC.",2,0,2,1,1
9689,GRAB A  BITE,3,0,3,2,1
9690,GRAB N GO,2,1,1,1,1
9691,GRAB-A-BITE INC.,3,1,2,2,1
9692,GRACE,7,0,7,4,3
9693,GRACE AFRICAN RESTAURANT,20,10,10,14,6
9694,GRACE CHRISTIAN ACADEMY,9,7,2,2,7
9695,GRACE MARKET,4,0,4,3,1
9696,GRACE MARKET INC,2,1,1,1,1
9697,GRACE MISSION DAY CARE CENTER,7,5,2,2,5
9698,GRACE O'MALLEY'S,2,1,1,1,1
9699,GRACE TEMPLE,2,1,1,1,1
9700,GRACIE O'MALLEY'S,13,7,6,5,8
9701,GRACIE'S CAFE,4,3,1,1,3
9702,GRAFFITI PIZZA,5,1,4,3,2
9703,"GRAHAM CRACKER'S DAYCARE CENTER II, INC",6,2,4,1,5
9704,GRAHAM CRACKER'S DAYCARE CENTER INC,11,5,6,3,8
9705,"GRAHAM CRACKERS DAYCARE CENTER III, INC",4,1,3,1,3
9706,"GRAHAM CRACKERS DAYCARE CENTER IV, INC.",3,2,1,1,2
9707,GRAHAM ELLIOT,6,2,4,2,4
9708,GRAHAM TRAINING CENTER,14,7,7,2,12
9709,GRAHAMWICH,4,2,2,2,2
9710,GRAMI,5,2,3,2,3
9711,GRAMPS PICKLES CHICAGO,3,2,1,1,2
9712,"GRAN FUEL MART, INC. / CITGO GAS & MINI MART",2,2,0,1,1
9713,GRANADO'S SUPERMERCADO,22,6,16,11,11
9714,GRAND  FOOD  MART,3,3,0,1,2
9715,GRAND & PULASKI CITGO,10,4,6,5,5
9716,GRAND AVE FOOD MARKET,3,0,3,3,0
9717,GRAND AVENUE SHRIMP HOUSE,7,4,3,3,4
9718,GRAND AVENUE STATION LLC,4,1,3,2,2
9719,GRAND BEER WINE SPIRITS,2,1,1,0,2
9720,GRAND BP,2,1,1,2,0
9721,GRAND CAFE,2,0,2,1,1
9722,GRAND CENTRAL RESTAURANT,7,1,6,5,2
9723,GRAND CHILD CARE CENTER,7,4,3,4,3
9724,GRAND CHINA,4,0,4,3,1
9725,GRAND CHINA EXPRESS,11,4,7,6,5
9726,GRAND CHINESE KITCHEN,42,24,18,13,29
9727,"GRAND CHINESE KITCHEN , CHICAGO",25,10,15,11,14
9728,GRAND CITGO/ MR. SUB / DUNKIN DONUTS,13,4,9,7,6
9729,GRAND DIVISION GYROS INC,2,0,2,2,0
9730,GRAND FOOD & LIQUOR MART,18,7,11,8,10
9731,GRAND FOOD MARKET,25,9,16,13,12
9732,"GRAND FOOD MARKETE,INC.",3,1,2,2,1
9733,GRAND FOOD MART,6,2,4,3,3
9734,GRAND KATACHI,16,3,13,12,4
9735,GRAND LUX CAFE,42,15,27,15,27
9736,GRAND MA JUST JUICE INC.,2,0,2,2,0
9737,GRAND MONGOLIAN HOT POT,3,1,2,3,0
9738,GRAND PALACE,28,5,23,12,16
9739,"GRAND PALACE SUPERMARKET, INC",8,1,7,7,1
9740,"GRAND PALACE SUPERMARKET, INC.",9,5,4,5,4
9741,GRAND PERSONAL CHEF,2,2,0,0,2
9742,GRAND POOBAH,3,2,1,1,2
9743,GRAND REGENCY OF SOUTH SHORE,12,3,9,7,5
9744,GRAND RIVER,9,3,6,7,2
9745,GRAND SHELL,7,3,4,4,3
9746,GRAND SUB,13,8,5,7,6
9747,GRAND TERRACE BANQUETS,21,8,13,14,7
9748,GRAND TOUR RESTAURANT,4,0,4,2,2
9749,GRAND TRIPLE CROWN,27,11,16,14,13
9750,GRANDADDYS SUBS INC.,10,6,4,2,8
9751,GRANDBAR,7,3,4,4,3
9752,GRANDE NODDLES & SUSHI BAR,2,0,2,1,1
9753,GRANDE NOODLES,8,3,5,4,4
9754,GRANDMA CHEESE CAKE'S CATERING,10,2,8,5,5
9755,GRANDMA GEBHARDS,3,3,0,1,2
9756,GRANDMA J'S INC.,10,5,5,5,5
9757,GRANDMA MARIE'S LEARNING CENTER LLC/GMLC,6,0,6,2,4
9758,"GRANDMA MARIE'S LEARNING CENTER, INC.",7,2,5,4,3
9759,GRANDMA'S PIEROGI INC,5,2,3,2,3
9760,"GRANDPA'S DELIGHT, INC",5,1,4,3,2
9761,GRANDSLAM-MARATHON,7,4,3,2,5
9762,GRANDVIEW TAVERN & BEER GARDEN,10,5,5,4,6
9763,GRANERO,4,1,3,4,0
9764,GRANGE HALL BURGER BAR,13,2,11,6,7
9765,GRANGE HALL BURGER BAR / BACK DOOR SALOON,8,0,8,3,5
9766,GRANNY B'S,28,13,15,16,12
9767,GRANNY'S DAYCARE CENTER,31,9,22,21,10
9768,GRANNY'S DAYCARE CENTER II,6,3,3,3,3
9769,GRANNY'S KITCHEN,2,1,1,2,0
9770,GRANNYS DEVELOPMENTAL CENTER INC,9,4,5,6,3
9771,GRANT DAY CARE INC,10,4,6,6,4
9772,GRANT PARK BISTRO/PETITE VANILLE,7,2,5,2,5
9773,GRANT PARK PACKING CO.,8,2,6,4,4
9774,GRANT'S TAPROOM,2,0,2,2,0
9775,"GRANVILLE DONUTS, INC. DBA DUNKIN DONUTS",6,0,6,4,2
9776,GRANVILLE FOOD MART INC.,4,2,2,2,2
9777,GRANVILLE FRUITS,3,1,2,2,1
9778,GRASMERE PLACE LLC,22,8,14,12,10
9779,GRASS FED,5,2,3,2,3
9780,GRASSROOTS,11,6,5,6,5
9781,GRATTO PIZZERIA N DELI,7,1,6,6,1
9782,GRAY ELEMENTARY SCHOOL,20,10,10,4,16
9783,GRAZE,6,1,5,4,2
9784,GRAZE AT STUDIO THREE,5,2,3,3,2
9785,GRAZE KITCHENETTE,4,2,2,1,3
9786,"GRAZIE COFFEE SHOP, LLC",2,0,2,1,1
9787,GREALY'S PUB & GRILL,2,1,1,1,1
9788,GREAT AMERICAN BAGEL,23,7,16,18,5
9789,GREAT BEGINNING DAYCARE,10,5,5,3,7
9790,GREAT BUFFET,38,14,24,23,15
9791,GREAT CENTRAL BREWERY COMPANY,2,1,1,1,1
9792,"GREAT CHINA HOUSE, INC.",15,6,9,7,8
9793,GREAT DRAGON,8,1,7,5,3
9794,GREAT DRAGON 28 INC.,6,2,4,3,3
9795,GREAT DRAGON 78,10,4,6,4,6
9796,GREAT EXPECTATIONS LEARNING ACADEMY INCORPORATED,22,7,15,10,12
9797,GREAT FALAFEL,4,1,3,3,1
9798,GREAT FOUNDATION CHILDCARE,4,3,1,1,3
9799,GREAT LAKE,3,0,3,2,1
9800,GREAT LAKE MEAT CO. / COUNTY BBQ,2,1,1,1,1
9801,GREAT LAKES ACADEMY,16,1,15,7,9
9802,GREAT LAKES FISH & CHICKEN SHRIMP,5,1,4,3,2
9803,"GREAT LAKES FISH & CHICKEN, INC.",5,3,2,3,2
9804,GREAT PHILLY STEAK,5,2,3,4,1
9805,GREAT SEA CHINESE RESTAURANT,6,1,5,6,0
9806,GREAT SEA RESTAURANT,7,4,3,5,2
9807,GREAT SHARK,2,1,1,1,1
9808,GREAT STEAK & FRY,2,0,2,2,0
9809,GREAT TASTE HOUSE,6,3,3,3,3
9810,"GREAT WALL ASIAN BISTRO, INC.",6,1,5,3,3
9811,GREAT WALL CHINESE RESTAURANT,4,2,2,2,2
9812,"GREAT WALL CHINESE RESTAURANT, INC.",11,6,5,3,8
9813,GREAT WALL GIFTS AND GROCERY,11,3,8,7,4
9814,GREATER BETHEL ACADEMY,17,6,11,9,8
9815,GREATER CHICAGO FOOD DEPOSITORY,5,4,1,1,4
9816,GREATER INSTITUTE AME CHURCH,16,8,8,9,7
9817,GREATER LEARNING OPPORTUNITY ACADEMY INC.,8,3,5,2,6
9818,GREATER ROCK YOUTH DEVELOPMENT CENTER,7,5,2,4,3
9819,GRECIA'S BAKERY,8,5,3,3,5
9820,GRECIA'S PIZZA,5,3,2,3,2
9821,GREEK CORNER GYROS,4,1,3,2,2
9822,GREEK CORNER RESTAURANT CAFE,17,7,10,6,11
9823,GREEK DELIGHT INC,13,6,7,5,8
9824,GREEK ISLANDS RESTAURANT,19,8,11,6,13
9825,GREEK PRIME,13,4,9,11,2
9826,GREEKTOWN GYROS,8,2,6,3,5
9827,GREEN AESTHETICS INC.,3,0,3,2,1
9828,GREEN APPLE CAFE & JUICE BAR,12,5,7,5,7
9829,"GREEN APPLE MINI MART, INC",7,2,5,3,4
9830,GREEN APPLE PHOEVER,15,6,9,7,8
9831,GREEN APPLE YOUGURT,2,1,1,1,1
9832,GREEN APPLE YOUGURT & MORE,10,2,8,7,3
9833,GREEN ARCH FOOD MART,5,0,5,3,2
9834,GREEN BEAN,7,1,6,5,2
9835,GREEN BEAN DAY SCHOOL + NURSERY,3,0,3,2,1
9836,GREEN BEAN DAY SCHOOL AND NURSERY,3,1,2,2,1
9837,GREEN BEGINNINGS,5,3,2,1,4
9838,GREEN BEGINNINGS LLC,8,2,6,4,4
9839,GREEN CORNER JUICE BAR/COFFEE,9,1,8,6,3
9840,GREEN DISCOUNT,5,1,4,3,2
9841,GREEN DOLLAR PLUS & FOOD MART,2,1,1,1,1
9842,GREEN DRAGON,8,2,6,5,3
9843,GREEN EYE LOUNGE,4,1,3,2,2
9844,GREEN FOOD MART,10,4,6,6,4
9845,"GREEN FOODS & LIQUOR, INC.",12,5,7,6,6
9846,GREEN GARDEN CAFE,5,1,4,2,3
9847,GREEN GROCER CHICAGO,10,4,6,3,7
9848,GREEN GROCERY,4,3,1,2,2
9849,GREEN HOUSE,2,1,1,1,1
9850,GREEN LAND FOOD,2,1,1,1,1
9851,GREEN LEAF THAI CUISINE,9,5,4,6,3
9852,"GREEN LINE FOOD MART, INC",12,2,10,8,4
9853,GREEN MARKET,6,3,3,5,1
9854,GREEN MONKEY INC.,14,4,10,7,7
9855,GREEN OAK FOOD & LIQUOR INC,3,2,1,1,2
9856,GREEN PALACE FOODS,2,0,2,1,1
9857,GREEN RIVER CHICAGO,7,3,4,1,6
9858,GREEN SPIRIT LLC,7,2,5,5,2
9859,GREEN ST. SMOKED MEATS,7,3,4,2,5
9860,GREEN STREET LOCAL,10,3,7,5,5
9861,GREEN STREET SMOKED MEATS/HIGH FIVE RAMEN/SAWADA C,15,2,13,8,7
9862,GREEN TEA JAPANESE RESTAURANT,17,6,11,9,8
9863,GREEN TOMATO CAFE,23,5,18,13,10
9864,GREEN TOMATO DELI,2,1,1,1,1
9865,GREENE NATHANIEL,17,8,9,2,15
9866,GREENLINE COFFEE,16,7,9,8,8
9867,GREENLINE FOOD,7,4,3,4,3
9868,"GREENS & GILLS, LLC.",2,1,1,1,1
9869,GREENVIEW PLACE,12,3,9,4,8
9870,GREENVIEW ROGERS PARK,6,1,5,3,3
9871,GRESHAM ELEMENTARY SCHOOL,28,11,17,14,14
9872,GRETEL,3,2,1,2,1
9873,GREYHOUND LINES INC,20,6,14,9,11
9874,GRIDDLE 24,16,7,9,8,8
9875,GRILL  ZONE,5,3,2,3,2
9876,GRILL & SUB,3,1,2,2,1
9877,GRILL 72 INC.,2,0,2,1,1
9878,GRILL 87,8,1,7,5,3
9879,GRILL AND GARDEN,13,6,7,8,5
9880,GRILL INN,16,8,8,7,9
9881,GRILL MASTER,2,1,1,1,1
9882,GRILL MASTER'S,2,1,1,2,0
9883,GRILL N GRIDDLE,3,1,2,1,2
9884,GRILL TO CHILL INC.,4,2,2,3,1
9885,GRILL-N-CHILL CAFE,9,3,6,3,6
9886,GRILLER'S,8,5,3,2,6
9887,GRILLERS CAFE,2,1,1,1,1
9888,GRILLICIOUS BITE,3,1,2,1,2
9889,GRINNELL CAFE LLC,3,1,2,3,0
9890,GRK GREEK KITCHEN,38,15,23,17,21
9891,GROCERIES FLORES,6,4,2,0,6
9892,GROCERIES MI CUBA,2,2,0,2,0
9893,GROCERY & MEAT MARKET,7,2,5,5,2
9894,GROCERY ALVAREZ,6,2,4,2,4
9895,GROCERY AND MORE,4,1,3,3,1
9896,GROCERY BASKET,28,14,14,10,18
9897,GROCERY ELENAS,3,1,2,2,1
9898,GROCERY ELMILAGRO,3,1,2,2,1
9899,GROCERY MOMAX,2,1,1,2,0
9900,GROSSINGER CITY TOYOTA/GROSSINGER AUTOPLEX,2,0,2,1,1
9901,GROTA RESTAURANT,25,9,16,12,13
9902,GROUCHO'S BAR & GRILL,12,5,7,6,6
9903,"GROUND CONTROL RESTAURANT, LLC",21,7,14,10,11
9904,GROUND UP CAFE,3,1,2,0,3
9905,GROUNDSWELL COFFEE ROASTERS,6,1,5,4,2
9906,GROUNDSWELL LLC,9,3,6,4,5
9907,GROUNDSWELLCOFFEE ROASTERS,12,1,11,6,6
9908,GROUPON (0848-01),6,0,6,5,1
9909,GROVE FOOD MART INC.,3,1,2,1,2
9910,GROVE LIQUORS,2,0,2,1,1
9911,GROVER CLEVELAND ELEMENTARY SCHOOL,20,8,12,5,15
9912,GROWING POWER,3,1,2,2,1
9913,"GROWING SEEDS PRESCHOOL,LLC.",9,4,5,4,5
9914,GRUB BERRY,6,0,6,6,0
9915,GRUB RESTAURANT CHICAGO,8,2,6,7,1
9916,GRUPPO DI AMICI,5,0,5,4,1
9917,GSB CAFE,25,8,17,11,14
9918,GT FISH & OYSTERS,20,8,12,9,11
9919,GT MARGIES MAXWELL STREET POLISH,6,1,5,5,1
9920,GT PRIME,13,2,11,5,8
9921,GT's Fast Food,7,2,5,3,4
9922,GUAC TACOS,3,2,1,3,0
9923,"GUAC, TACOS AND TEQUILA",4,1,3,4,0
9924,GUADALAJARA BAKERY,12,7,5,6,6
9925,GUADALAJARA DOLLAR STORE,2,0,2,2,0
9926,GUADALUPANA BAKERY,4,1,3,3,1
9927,GUANAJUATO GROCERY INC.,5,2,3,4,1
9928,GUAPO TACO,9,2,7,3,6
9929,"GUARANTEED RATE, INC",9,4,5,5,4
9930,"GUARANTEED RATE, INC.",2,1,1,2,0
9931,GUATALINDA BAKERY,13,5,8,4,9
9932,GUATELINDA BAKERY,7,1,6,2,5
9933,GUCCI FOOD MART,3,2,1,1,2
9934,GUCKENHEIMER & CNA,18,7,11,8,10
9935,GUCKENHEIMER & GROUPON,11,4,7,6,5
9936,GUCKENHEIMER & WRIGLEY,2,0,2,1,1
9937,GUCKENHEIMER AT JENNER & BLOCK,12,6,6,3,9
9938,GUCKENHEIMER ENTERPRISES AT BA,3,1,2,2,1
9939,GUCKENHEIMER SERVICES LLC,2,0,2,0,2
9940,"GUCKENHEIMER SERVICES, LLC",5,1,4,1,4
9941,GUERRERENSE RESTAURANT,9,6,3,3,6
9942,GUERRERO FOODS INC.,2,0,2,1,1
9943,GUERRERO'S TACOS AND PIZZA,16,10,6,4,12
9944,GUERREROS PIZZA INC,22,12,10,9,13
9945,GUESS HOOKAH,2,0,2,2,0
9946,GUEY LON RESTAURANT,16,6,10,6,10
9947,GUGGENHEIM ELEMENTARY,9,5,4,5,4
9948,GUIDE'S SPORTS CLUB,6,3,3,1,5
9949,GUIDEPOST FIC B LLC,7,4,3,0,7
9950,GUIDEPOST MONTESSORI AT MAGNIFICENT MILE,8,4,4,4,4
9951,GUIDEPOST MONTESSORI AT OLD TOWN,3,0,3,2,1
9952,GUIDEPOST MONTESSORI AT WEST LOOP,4,0,4,1,3
9953,GUILD ROW,15,5,10,7,8
9954,GUISADOS Y MAS,2,0,2,2,0
9955,GULF,9,0,9,7,2
9956,GULF FUEL & MINI MART,5,2,3,4,1
9957,GULF GAS & FOOD,4,1,3,3,1
9958,GULF OF ADEN FOOD MART,5,0,5,4,1
9959,GULF OIL OF 63RD,6,2,4,5,1
9960,GULLIVER'S INC,16,4,12,9,7
9961,GUNSAULUS ELEMENTARY,19,4,15,4,15
9962,GUS INTERNATIONAL RESTAURANT,3,1,2,2,1
9963,GUS REMUS,17,5,12,9,8
9964,GUS' RIBS,4,2,2,2,2
9965,GUS'S WORLD FAMOUS FRIED CHICKEN,23,7,16,10,13
9966,GUSES FOOD,2,0,2,1,1
9967,GUSHAL INC.,3,2,1,1,2
9968,GUSI'S PIZZA,8,4,4,6,2
9969,GUSSIE'S HANDMADE ITALIAN,3,0,3,2,1
9970,GUTHRIES TAVERN,8,3,5,5,3
9971,GUTIERREZ PRODUCE SERVICES INC,2,1,1,1,1
9972,GUY AND THE GOAT,2,1,1,2,0
9973,"GUY'S PIZZERIA, LLC",3,1,2,1,2
9974,GUYJEAN/ GAIJIN JAPANESE RESTAURANT,6,2,4,6,0
9975,GUYS AND WOK,3,1,2,2,1
9976,GUYS PIZZA INC.,4,2,2,3,1
9977,GUZMAN GROCERY INC.,7,4,3,2,5
9978,GWACAMOLE RESTAURANT,2,1,1,2,0
9979,GWENDOLYN BROOKS PREP,30,13,17,17,13
9980,GWON LEE INC.,6,2,4,3,3
9981,GYOOD,2,1,1,1,1
9982,GYOOD!,3,1,2,2,1
9983,GYRO EATS INC,5,0,5,5,0
9984,"GYRO GRILL MG, INC",9,0,9,4,5
9985,GYRO MENA,13,6,7,5,8
9986,GYRO-MENA,7,3,4,3,4
9987,GYROS 47,11,7,4,5,6
9988,GYROS AND BEEF,7,1,6,3,4
9989,GYROS HOUSE STEAK & LEMONADE,3,2,1,2,1
9990,"GYROS JOINT, LLC",2,0,2,2,0
9991,"GYROS MANA 1, INC.",2,0,2,1,1
9992,GYROS ON THE SPIT,5,3,2,1,4
9993,GYROS SUBE,3,1,2,2,1
9994,GYU-KAKU RESTAURANT,56,22,34,25,31
9995,GYURO RAMEN LLC,4,2,2,3,1
9996,GZN INFANT SUITE,14,3,11,8,6
9997,Gage Park (H/S),14,10,4,1,13
9998,Galapagos Charter School,9,2,7,3,6
9999,Gale Community Academy,27,14,13,14,13
10000,Gale Community Academy Annex,17,10,7,2,15
10001,Galileo Elementary / ATP,19,10,9,3,16
10002,Galileo's,17,8,9,7,10
10003,Galleria Liqueurs,3,3,0,2,1
10004,Gallery Food Express Inc.,13,3,10,9,4
10005,"Garfield Food & Fuel,INC",5,2,3,5,0
10006,Gari Sushi & Asian Bistro,8,3,5,4,4
10007,Garrett Popcorn Shops,18,10,8,4,14
10008,"Garvey, M.",21,10,11,6,15
10009,Gate Gourmet,4,2,2,1,3
10010,Gategourmet,32,13,19,15,17
10011,Gateway Newstand,2,0,2,2,0
10012,Gee Jay's Wine & Liquor,3,2,1,1,2
10013,George Boys Grill,2,2,0,0,2
10014,Getta Polpetta,2,1,1,1,1
10015,Gillespie,24,10,14,11,13
10016,Gin Sen,2,0,2,2,0
10017,Giordano's of Lincoln Square,6,3,3,2,4
10018,Global Taste Corp.,4,2,2,3,1
10019,Go Roma Italian Kitchen,8,5,3,3,5
10020,GoBrands,3,1,2,0,3
10021,God's Little Helper ll,4,2,2,3,1
10022,Goddess on the Go,6,3,3,3,3
10023,Godiva Chocolatier,10,5,5,5,5
10024,Goldblatt,7,4,3,2,5
10025,Golden Bun,4,0,4,3,1
10026,"Golden Hook Fish,Chicken, Steak",2,1,1,0,2
10027,Golder College Prep,3,1,2,2,1
10028,Gomez Lounge Inc,2,0,2,2,0
10029,Gompers,5,2,3,2,3
10030,Goodlow Magnet,8,4,4,1,7
10031,Goudy,2,1,1,0,2
10032,"Gourmet 45, Inc.",2,1,1,0,2
10033,Graham,19,8,11,4,15
10034,Graham Branch,18,13,5,4,14
10035,Gramma Lucia's,2,1,1,1,1
10036,Grandma Annie's Pizza,2,0,2,1,1
10037,Grape Street & Vine,2,1,1,2,0
10038,Great Sea Chinese Restaurant,8,2,6,4,4
10039,Greater Rock Church,12,4,8,4,8
10040,Greeley,20,6,14,5,15
10041,Green Zebra,16,3,13,11,5
10042,"Green, W.",21,10,11,7,14
10043,Grill On Grand,4,1,3,3,1
10044,Grissom,18,6,12,6,12
10045,Grubbs Grill,3,1,2,2,1
10046,Guckenheimer @ mars itc.,8,2,6,6,2
10047,Guerreros Pizza 2,3,0,3,3,0
10048,Guidepost Montessori at Edgewater,6,1,5,3,3
10049,Guidepost Montessori at Lincoln Park,4,1,3,2,2
10050,Gusi's Pizza,13,7,6,5,8
10051,H & A CORNER STORE,2,1,1,2,0
10052,"H & A FOOD MARKET, INC.",2,0,2,1,1
10053,H & B CATERING LLC,4,2,2,2,2
10054,H & D FOOD MART,2,1,1,2,0
10055,H & D GROCERY,4,2,2,3,1
10056,H & H FAMILY FOOD MART,5,1,4,4,1
10057,H & J WAREHOUSE,2,0,2,2,0
10058,H & M FOOD,3,0,3,3,0
10059,H & M FOOD MART,12,3,9,9,3
10060,H & M GYROS,2,1,1,1,1
10061,H & M WAREHOUSE,2,0,2,1,1
10062,H & N FOODS LLC,4,1,3,2,2
10063,H & Z GROCERY STORE,8,3,5,6,2
10064,H MART,16,5,11,8,8
10065,H TOWN FOOD MART INC.,2,1,1,1,1
10066,H& S FOOD & COFFEE SHOP,4,2,2,2,2
10067,H-DOGS,10,4,6,3,7
10068,"H.O.M.E. CHILDCARE, LLC",9,3,6,3,6
10069,HAAGEN DAZS CAFE,7,3,4,4,3
10070,HABANA LIBRE,12,5,7,3,9
10071,HABANERO BAJA GRILL,22,3,19,12,10
10072,HABANERO GRILL 1 INC.,5,1,4,4,1
10073,HABETLER BOWL INC.,12,8,4,4,8
10074,HABIBI  GROCERY & FOOD,5,3,2,2,3
10075,"HABIBI GROCERY, INC",2,1,1,1,1
10076,HABIBI MIX GRILL,2,0,2,2,0
10077,"HABIBI RESTAURANT & CUISINE, INC.",14,4,10,9,5
10078,HABIBI'S MEDITERRANEAN & MEXICAN GRILL,5,2,3,3,2
10079,HABILITATIVE SYSTEMS INC,14,4,10,5,9
10080,HACHI SUSHI,8,3,5,3,5
10081,"HACHI SUSHI, LLC",33,15,18,14,19
10082,HACHI'S KITCHEN,14,6,8,6,8
10083,HACIENDA D'SUAREZ,10,3,7,7,3
10084,HACIENDA LA AMISTAD,4,2,2,1,3
10085,"HACIENDA LA AMISTAD RESTAURANT, CORPORATION",12,3,9,6,6
10086,HACIENDA LOS TORRES,11,3,8,3,8
10087,"HACIENDA MEMOS RESTAURANT, INC.",6,3,3,3,3
10088,HACIENDA PUEBLO VIEJO,8,2,6,6,2
10089,HACIENDA RESTAURANT,8,4,4,1,7
10090,HACIENDA SANTA ISABEL INC.,2,1,1,1,1
10091,HACKNEY'S PRINTERS' ROW,15,10,5,5,10
10092,HADAYA,4,2,2,2,2
10093,HADERMOAT RESTAURANT,6,2,4,4,2
10094,HAE WOON DAE RESTAURANT,5,3,2,2,3
10095,"HAFI FOOD INC.,",3,1,2,3,0
10096,"HAGEN'S FISH MARKET,INC",15,11,4,4,11
10097,HAI YEN,24,9,15,12,12
10098,HAIDILAO HOT POT CHICAGO INC,8,3,5,4,4
10099,HAIFA CAFE,18,7,11,10,8
10100,HAIFA CAFE AND FIRE CHICKEN,5,2,3,3,2
10101,"HAIFA MINI MART, INC.",3,0,3,2,1
10102,"HAIFA ON CLINTON, INC.",13,4,9,5,8
10103,HAILEY'S HOAGIES,8,2,6,6,2
10104,HAIRE'S GULF SHRIMP,30,11,19,17,13
10105,HAIRE'S GULF SHRIMP #3,2,1,1,1,1
10106,HAISOUS,12,6,6,6,6
10107,HAKKA BAKKA,21,7,14,15,6
10108,HAKUNA MATATA INC.,8,6,2,4,4
10109,HALA IN,16,6,10,6,10
10110,HALA IN LAKEVIEW,9,3,6,6,3
10111,HALAL BURGER,24,8,16,13,11
10112,HALAL CHICAGO MEAT MARKET,4,2,2,2,2
10113,HALAL DZ HOUSE INC,5,0,5,5,0
10114,HALAL FRIED CHICKEN AND SEAFOOD,3,1,2,3,0
10115,HALAL GRILL,2,1,1,2,0
10116,HALAL MEAT SKOKIE,3,0,3,3,0
10117,HALAL N GO INC,3,1,2,3,0
10118,HALAL PERI PERI CHICKEN,7,4,3,4,3
10119,HALAL PITTA LTD.,3,2,1,3,0
10120,HALAL PIZZA & CHICKEN INC,7,1,6,6,1
10121,HALE FAMILY MC DONALD'S,7,0,7,1,6
10122,HALE FAMILY MCDONALD'S,46,13,33,28,18
10123,HALE MCDONALD'S,19,9,10,7,12
10124,HALE McDONALD'S,4,3,1,1,3
10125,HALES FRANCISCAN HIGH SCHOOL,23,8,15,13,10
10126,HALF ACRE BEER COMPANY,26,8,18,15,11
10127,HALF ITALIAN,14,4,10,8,6
10128,HALF SHELL INC,18,8,10,8,10
10129,HALF SOUR,11,5,6,7,4
10130,HALFWIT COFFEE ROASTERS,4,0,4,3,1
10131,HALINA'S POLISH DELIGHT REST,4,2,2,2,2
10132,HALLIGAN BAR,2,1,1,1,1
10133,HALO ASIAN MIX,8,2,6,6,2
10134,HALSTED 1 STOP,2,0,2,2,0
10135,HALSTED BOWL,8,3,5,4,4
10136,HALSTED BP,4,0,4,3,1
10137,HALSTED BP TO GO,3,1,2,1,2
10138,"HALSTED C STORE,INC",2,1,1,1,1
10139,HALSTED CHICKEN AND WAFFLES,3,1,2,2,1
10140,HALSTED CITGO,3,2,1,2,1
10141,HALSTED DISCOUNT,3,1,2,2,1
10142,HALSTED FOOD,5,1,4,3,2
10143,HALSTED FOOD & FRESH MEAT,12,5,7,7,5
10144,HALSTED FOOD MARKET,5,1,4,4,1
10145,HALSTED FOOD MART INC,3,1,2,2,1
10146,HALSTED FOODS,11,6,5,4,7
10147,HALSTED GROCERIES INC.,11,6,5,5,6
10148,HALSTED GROCERY,2,1,1,1,1
10149,HALSTED HARP,8,2,6,5,3
10150,"HALSTED MARKET STORE, INC",2,1,1,1,1
10151,HALSTED MINI-MART,2,1,1,1,1
10152,HALSTED PACKING HOUSE,6,3,3,3,3
10153,HALSTED QUICK MART & CELLULAR,5,0,5,4,1
10154,HALSTED QUICK SHOP,3,1,2,3,0
10155,"HALSTED SHELL, DUNKIN DONUTS, MR SUB",22,4,18,13,9
10156,HALSTED STREET DEL,6,3,3,2,4
10157,HALSTED STREET DELI,132,53,79,68,64
10158,HALSTED STREET DELI & BAGEL,50,21,29,32,18
10159,"HALSTED STREET DELI 233, INC.",4,2,2,3,1
10160,"HALSTED STREET DELI HOLDINGS, LLC - 222 N. LASALLE",3,1,2,1,2
10161,HALSTED WAY FOOD MART,2,1,1,1,1
10162,HALSTED9900 BUSINESS INC,5,2,3,3,2
10163,HAMA MATSU,2,0,2,2,0
10164,HAMACHI,15,5,10,7,8
10165,HAMBURGER HEAVEN,14,5,9,9,5
10166,HAMBURGER HEAVEN EXPRESS INC.,16,9,7,8,8
10167,HAMBURGER MARY'S CHICAGO,22,8,14,12,10
10168,HAMBURGER MARY'S CHICAGO/MARY'S REC ROOM,20,8,12,10,10
10169,HAMILTON'S A CHICAGO BAR AND GRILL,4,0,4,2,2
10170,HAMLIN CITGO,2,1,1,1,1
10171,HAMLIN FOOD MART,3,2,1,2,1
10172,"HAMLIN FOOD MART, INC.",2,0,2,1,1
10173,HAMLIN FOODS,4,2,2,3,1
10174,HAMLINE,21,12,9,6,15
10175,HAMLINE ECC,9,7,2,2,7
10176,HAMMOND HOUSE,16,6,10,8,8
10177,HAMPTON INN,9,2,7,2,7
10178,HAMPTON INN & SUITES,14,3,11,5,9
10179,HAMPTON INN AND HOMEWOOD SUITES CHICAGODOWNTOWN/MA,20,6,14,10,10
10180,HAMPTON INN CHICAGO DOWNTOWN,7,3,4,1,6
10181,HAMPTON INN CHICAGO-DOWNTOWN/WEST LOOP,10,4,6,4,6
10182,HAMPTON INN CHICAGO/ LOYOLA STATION,7,2,5,3,4
10183,HAMPTON INN/HILTON GARDEN INN/HOME 2 SUITES,17,8,9,11,6
10184,HAMPTON'S BRINE LLC,3,1,2,1,2
10185,HAN / CITGO,4,0,4,3,1
10186,HAN 202,20,6,14,10,10
10187,HAN BAT RESTAURANT,23,10,13,14,9
10188,HANA,5,3,2,2,3
10189,HANA RESTAURANT,28,12,16,16,12
10190,HANA SUSHI AND EXPRESS,4,1,3,3,1
10191,HANABI JAPANESE RESTAURANT,6,2,4,3,3
10192,HANABUSA CAFE,7,2,5,4,3
10193,HANAMI,10,3,7,6,4
10194,HANAS FINER FOOD AND LIQUOR,7,4,3,2,5
10195,HANCOCK HIGH SCHOOL,3,2,1,0,3
10196,HANDCUT FOODS,69,32,37,35,34
10197,HANDCUT FOODS LLC,19,6,13,9,10
10198,"HANDCUT FOODS,LLC",10,4,6,4,6
10199,HANDLEBAR CHICAGO,19,9,10,7,12
10200,HANDS ON THAI & SUSHI,12,4,8,7,5
10201,HANGOUT HUB CORP.,2,0,2,2,0
10202,HANGRY JOE'S HOT CHICKEN & WINGS,2,1,1,1,1
10203,HANGRY'S,7,4,3,5,2
10204,HANK'S PARTY STORE INC,3,1,2,2,1
10205,HANNAH'S BRETZEL,58,21,37,25,33
10206,HANNAH'S BRETZEL 161 N. CLARK LLC,8,6,2,3,5
10207,HANNAH'S BRETZEL 227 W. MONROE LLC,11,4,7,4,7
10208,HANNAH'S BRETZEL LLC,15,10,5,6,9
10209,HANNAH'S BREZEL 233 N MICHIGAN LLC,15,5,10,4,11
10210,HANNAH'S GRILL,3,0,3,3,0
10211,HANSA CLIPPER,3,1,2,2,1
10212,HANSBERRY COLLEGE PREP,5,2,3,3,2
10213,"HANUL FAMILY ALLIANCE,INC",16,7,9,6,10
10214,HAP'S GRILL,4,1,3,3,1
10215,HAPPINESS IS CAFE,3,1,2,2,1
10216,HAPPINESS RESTAURANT,11,2,9,5,6
10217,"HAPPINESS RESTAURANT, INC.",22,12,10,10,12
10218,HAPPY ARTS,5,2,3,2,3
10219,HAPPY CAFE,11,1,10,7,4
10220,"HAPPY CAFE OF CHICAGO, INC",10,4,6,6,4
10221,HAPPY CAKE,8,3,5,5,3
10222,HAPPY CAKE LA BAGUETTE,14,4,10,8,6
10223,HAPPY CAMPER,25,10,15,6,19
10224,HAPPY CHILD DAY CARE,12,5,7,4,8
10225,"HAPPY CHILD DAY CARE CENTER, A MONTESSORI SCHOOL L",6,2,4,4,2
10226,HAPPY CHINESE KITCHEN,8,3,5,3,5
10227,HAPPY CONVENIENT DISCOUNT MARKET,2,0,2,1,1
10228,HAPPY CRACOVIA LOUNGE,8,1,7,4,4
10229,HAPPY DAY FOOD & LIQUOR,6,2,4,1,5
10230,HAPPY DAY TAVERN,2,0,2,0,2
10231,HAPPY DOG AVENUE,2,1,1,1,1
10232,HAPPY DOLLAR,2,2,0,1,1
10233,HAPPY FAST FOOD,2,2,0,0,2
10234,HAPPY FISH & CHICKEN,35,11,24,20,15
10235,HAPPY FISH AND CHICKEN,2,0,2,2,0
10236,HAPPY FOOD - LIQUOR,6,2,4,3,3
10237,HAPPY FOOD MART,2,0,2,1,1
10238,HAPPY FOOD WAY INC.,6,2,4,3,3
10239,HAPPY FOODS,48,18,30,22,26
10240,HAPPY GARDEN,14,6,8,6,8
10241,HAPPY GARDEN 1,4,1,3,2,2
10242,HAPPY GROCERY,2,1,1,2,0
10243,HAPPY GROCERY & DOLLAR,2,1,1,1,1
10244,HAPPY GROCERY AND DOLLAR,2,1,1,2,0
10245,HAPPY HOLIDAY NURSERY & KINDERGARTEN,15,7,8,5,10
10246,HAPPY HOUR MARKET TOBACCO & GROCERY,3,1,2,3,0
10247,HAPPY KAMPERS DAYCARE AND LEAR,4,3,1,3,1
10248,HAPPY KIDS DAYCARE CENTER LLC,5,2,3,4,1
10249,HAPPY KIDS LEARNING CENTER INC.,9,5,4,1,8
10250,HAPPY KIDS PRESCHOOL & DAYCARE CENTER,30,12,18,8,22
10251,HAPPY LAMB HOT POT #1,13,4,9,8,5
10252,HAPPY LAMB HOT POT #3,2,1,1,0,2
10253,HAPPY LAMB HOT POT #5,4,4,0,2,2
10254,HAPPY LEMON,3,1,2,1,2
10255,HAPPY LIFE,4,0,4,3,1
10256,HAPPY MARKET,5,2,3,4,1
10257,HAPPY MART,7,2,5,5,2
10258,"HAPPY MINI MART, INC",6,3,3,2,4
10259,HAPPY MONDAY,2,1,1,1,1
10260,HAPPY MONDAY COFFEE,3,0,3,2,1
10261,HAPPY MOUTH FOOD AND BEVERAGE,2,1,1,1,1
10262,HAPPY PANDA INC.,5,1,4,4,1
10263,HAPPY PIZZA,3,1,2,2,1
10264,HAPPY POLLO INC.,7,2,5,5,2
10265,HAPPY SNACKS,2,2,0,1,1
10266,HAPPY VILLAGE CORP,2,0,2,2,0
10267,HAPPY WINGS,3,1,2,1,2
10268,HAPPY WINGS FISH & CHICKEN,5,1,4,3,2
10269,HAPPY'S PIZZA CHICAGO #2,3,0,3,3,0
10270,HAPPY'S PIZZA CHICAGO #3,6,3,3,4,2
10271,HAPPYFISH & CHICKEN,11,5,6,7,4
10272,"HARAMBEE HOUSE BANQUETS & DUSTIES BUFFETS, INC.",12,6,6,8,4
10273,HARBOR CHICAGO,5,1,4,5,0
10274,HARBOR MARKET,4,2,2,1,3
10275,HARBOR SEAFOOD MARKET,2,0,2,2,0
10276,HARBORSIDE INTERNATIONAL GOLF CENTER & PIER 37 BAR,16,6,10,9,7
10277,HARCZAK SAUSAGES,16,9,7,3,13
10278,HARD ROCK CAFE,17,11,6,4,13
10279,HARD ROCK HOTEL,22,8,14,9,13
10280,HARD WATER BAR & GRILL,5,0,5,4,1
10281,HARDBOILED COFFEE COMPANY,2,1,1,1,1
10282,HARDEE'S 1506026,2,1,1,1,1
10283,HARDING CAFE,4,0,4,2,2
10284,HARDING GROCERY,2,1,1,1,1
10285,HAREER FOOD & LIQUOR,16,3,13,11,5
10286,HARIKA FOODS,2,2,0,1,1
10287,HARLEM BAKERY LLC,7,1,6,5,2
10288,HARLEM GAS &  FOOD INC.,5,1,4,4,1
10289,HARLEM HIGGINS SHELL,8,3,5,6,2
10290,HARLEM NEWSTAND,3,1,2,2,1
10291,"HARLEM-HIGGINS, MOBIL",4,1,3,3,1
10292,HARMONY COMMUNITY CHURCH,3,1,2,1,2
10293,HARMONY HAMBURGERS,5,1,4,2,3
10294,HARMONY HEALTH,2,0,2,2,0
10295,HARMONY NURSING & REHAB CTR,14,3,11,7,7
10296,HARMONY PALACE,5,1,4,2,3
10297,HARMONY RESTAURANT,31,8,23,16,15
10298,HAROLD WASHINGTON COLLEGE,5,0,5,4,1
10299,HAROLD'S  CHICKEN,5,3,2,2,3
10300,HAROLD'S  CHICKEN SHACK,15,6,9,5,10
10301,HAROLD'S CHICKEN,82,27,55,42,40
10302,HAROLD'S CHICKEN # 13 SHACK,4,2,2,2,2
10303,HAROLD'S CHICKEN # 71,9,5,4,5,4
10304,HAROLD'S CHICKEN #19,3,0,3,2,1
10305,HAROLD'S CHICKEN #22,9,3,6,6,3
10306,HAROLD'S CHICKEN #24,28,18,10,9,19
10307,HAROLD'S CHICKEN #41,2,0,2,2,0
10308,HAROLD'S CHICKEN #41B,4,1,3,2,2
10309,HAROLD'S CHICKEN #5,11,4,7,3,8
10310,HAROLD'S CHICKEN #55,10,4,6,3,7
10311,HAROLD'S CHICKEN #69,2,1,1,1,1
10312,HAROLD'S CHICKEN #71,9,3,6,3,6
10313,HAROLD'S CHICKEN #88,11,5,6,6,5
10314,HAROLD'S CHICKEN & FAMILY,7,3,4,5,2
10315,HAROLD'S CHICKEN & RIBS,2,0,2,2,0
10316,HAROLD'S CHICKEN 23,6,1,5,3,3
10317,HAROLD'S CHICKEN 57 LLC.,7,4,3,2,5
10318,HAROLD'S CHICKEN BRONZEVILLE,3,0,3,2,1
10319,HAROLD'S CHICKEN COOP LLC,6,0,6,4,2
10320,HAROLD'S CHICKEN IN PILSEN,4,1,3,3,1
10321,HAROLD'S CHICKEN RESTAURANT,4,0,4,1,3
10322,HAROLD'S CHICKEN SHACK,204,88,116,102,102
10323,HAROLD'S CHICKEN SHACK #10,14,4,10,9,5
10324,HAROLD'S CHICKEN SHACK #14,20,7,13,10,10
10325,HAROLD'S CHICKEN SHACK #27,21,9,12,8,13
10326,HAROLD'S CHICKEN SHACK #35,19,3,16,8,11
10327,HAROLD'S CHICKEN SHACK #40,4,1,3,3,1
10328,HAROLD'S CHICKEN SHACK #4B,2,2,0,1,1
10329,HAROLD'S CHICKEN SHACK #52,21,9,12,13,8
10330,HAROLD'S CHICKEN SHACK #55,27,11,16,11,16
10331,HAROLD'S CHICKEN SHACK #82,2,0,2,2,0
10332,HAROLD'S CHICKEN SHACK #84,4,1,3,3,1
10333,HAROLD'S CHICKEN SHACK #87,5,4,1,1,4
10334,HAROLD'S CHICKEN STRIPS AND FOODS INC,7,0,7,5,2
10335,HAROLD'S CHICKEN W & T,6,1,5,5,1
10336,HAROLD'S CHICKEN',15,7,8,5,10
10337,HAROLD'S FRIED CHICKEN,4,3,1,1,3
10338,HAROLD'S HEALTHY CHICKEN SHACK,4,1,3,2,2
10339,HAROLD'S OF CHICAGO,28,11,17,16,12
10340,"HAROLD'S ON WABASH,INC.",12,3,9,6,6
10341,HAROLD'S SHRIMP & CHICKEN 2,2,0,2,1,1
10342,HAROLD'S THE FRIED WING KING,7,0,7,5,2
10343,HAROLDS  CHICKEN,10,2,8,9,1
10344,HAROLDS #82,11,4,7,7,4
10345,HAROLDS 057,3,2,1,2,1
10346,HAROLDS 57,5,1,4,4,1
10347,HAROLDS CHICKEN,27,8,19,16,11
10348,HAROLDS CHICKEN #19,4,1,3,1,3
10349,HAROLDS CHICKEN #2,24,12,12,11,13
10350,HAROLDS CHICKEN #55,16,5,11,8,8
10351,HAROLDS CHICKEN 95TH STREET,10,5,5,4,6
10352,HAROLDS CHICKEN CHATHAM #82,6,2,4,3,3
10353,HAROLDS CHICKEN ON BROADWAY,6,2,4,4,2
10354,HAROLDS CHICKEN SHACK # 41,2,0,2,1,1
10355,HAROLDS CHICKEN WEST LOOP 47,13,1,12,11,2
10356,HAROLDS FAMOUS FRIED CHICKEN,4,0,4,3,1
10357,"HAROLDS II BAR AND GRILL, INC.",7,2,5,2,5
10358,HAROLDS SHRIMP AND CHICKEN,6,1,5,6,0
10359,HAROLDS SHRIMP AND CHICKEN PIZZERIA,3,2,1,3,0
10360,HAROLDS THE FRIED WING KING 2 COMPANY,3,2,1,2,1
10361,HAROLDS THE FRIED WING KING#1,3,2,1,1,2
10362,HAROLDS WING HOUSE 2,3,0,3,3,0
10363,HAROLDS'S CHICKEN SHACK,12,3,9,9,3
10364,HARPER FOODS,8,2,6,5,3
10365,"HARPER FOODS, INC.",5,2,3,3,2
10366,HARPER MINI MART,2,0,2,1,1
10367,HARPER THEATER,10,1,9,7,3
10368,HARRIET TUBMAN ELEMENTARY SCHOOL,3,2,1,1,2
10369,"HARRIS FAMILY GRILL ON 83RD, LLC",3,0,3,3,0
10370,HARRIS/KELLER CAFE,6,0,6,2,4
10371,"HARRISON & HOMAN CITGO INC,",2,0,2,1,1
10372,HARRISON GRILL,3,2,1,1,2
10373,HARRISON MARATHON,3,1,2,2,1
10374,HARRISON PARK-GOLDEN DINER,5,2,3,3,2
10375,HARRISON STREET INC.,8,4,4,5,3
10376,HARRISON WAREHOUSE MARKET INC,4,1,3,3,1
10377,HARRISON'S CAFE & CLUBHOUSE,2,1,1,2,0
10378,HARRITY'S SPORTS BAR & GRILL,7,3,4,3,4
10379,HARRY & DAVID #962,2,1,1,1,1
10380,HARRY A AKOURIS,10,3,7,6,4
10381,HARRY CARAY'S RESTAURANT,17,10,7,5,12
10382,HARRY CARAY'S SEVENTH INNING STRETCH,30,16,14,4,26
10383,HARRY CARAY'S SHORTSTOP,12,4,8,0,12
10384,HARRY CARAY'S TAVERN NAVY PIER,21,9,12,6,15
10385,HARRY CAREY'S TAVERN,4,1,3,4,0
10386,HARRY POTTER: MAGIC AT PLAY,3,0,3,2,1
10387,HARRY S TRUMAN COLLEGE,6,2,4,3,3
10388,HARRY'S CAFE,13,5,8,4,9
10389,HARRY'S CAFE @ WMS GAMING,9,3,6,4,5
10390,HARRY'S GRILL,12,2,10,8,4
10391,"HARRY'S GRILL, LLC",4,0,4,3,1
10392,HARRY'S SANDWICH SHOP,18,6,12,6,12
10393,HART DAVIS HART WINE CO.,3,1,2,1,2
10394,HARTGROVE HOSPITAL,15,7,8,3,12
10395,HARU CAFE,6,1,5,2,4
10396,"HARU RESTAURANT INC.,",3,1,2,1,2
10397,HARVARD ELEMENTARY SCHOOL,26,10,16,11,15
10398,HARVEST FOOD,2,0,2,2,0
10399,HARVEST JUICERY,10,2,8,5,5
10400,HARVESTIME FOODS,17,8,9,6,11
10401,HARVESTROLLEY,6,2,4,3,3
10402,HARVEY'S,15,9,6,7,8
10403,HAS MANAGEMENT,4,2,2,3,1
10404,HASAN MUHAMAD ADI,3,1,2,2,1
10405,HASH HOUSE A GO GO,19,4,15,11,8
10406,HASHBROWNS,17,11,6,6,11
10407,HASHBROWNS ON WELLS,24,12,12,12,12
10408,HASHI - CHOPSTICK'S,4,3,1,4,0
10409,HASHIM CORPORATION,3,1,2,2,1
10410,HAT TRICK CATERING,3,0,3,2,1
10411,HATSU HANA JAPANESE RESTAURANT,10,6,4,4,6
10412,HATSU HANA RESTAURANT,5,1,4,3,2
10413,HATSU HANA RESTAURANT/YELLOWTAIL SUSHI & ASIAN KIT,12,5,7,8,4
10414,HAUGAN ELEMENTARY,21,9,12,8,13
10415,HAUTE & READY CATERING,3,2,1,1,2
10416,"HAUTE BRATS, LLC",5,3,2,2,3
10417,HAUTE DIGGITY DAWGS,3,1,2,1,2
10418,HAUTE SAUSAGE,10,3,7,5,5
10419,HAVANA CONVENIENCE STORE AND CIGAR,2,0,2,1,1
10420,HAVANA GRILL,18,6,12,7,11
10421,HAVEN,3,3,0,3,0
10422,HAWKEYE'S BAR & GRILL INC,22,11,11,7,15
10423,HAWKEYE'S RIBS,3,1,2,3,0
10424,HAY'S FOOD MART,3,2,1,2,1
10425,HAYDEE'S GRILL,7,2,5,5,2
10426,HAYDEN HALL,9,4,5,2,7
10427,HAYES PARK GOLDEN DINER,8,5,3,2,6
10428,HAYFA,4,3,1,2,2
10429,HAYMARKET BREWING COMPANY,20,8,12,9,11
10430,HAYMARKET CENTER,4,2,2,2,2
10431,HAYT ELEMENTARY SCHOOL,23,6,17,8,15
10432,HAYWOOD TAVERN,9,2,7,7,2
10433,HB BROS INC,2,2,0,1,1
10434,HB HOME BISTRO,11,3,8,7,4
10435,HDOG,6,3,3,1,5
10436,HDOG FAST FOOD,5,2,3,2,3
10437,HEAD OF THE CLASS DAYCARE AND LEARNING CENTER,16,4,12,7,9
10438,"HEADLINE NEWS STAND, INC.",2,2,0,0,2
10439,HEADLINE NEWSSTAND,3,1,2,2,1
10440,HEALING TEMPLE CHURCH OF GOD,6,2,4,3,3
10441,HEALTH CARE SERVICE CORP,2,1,1,1,1
10442,HEALTH FOOD,2,0,2,1,1
10443,HEALTH FOOD & GROCERIES,4,2,2,2,2
10444,HEALTHCARE ALTERNATIVE SYSTEMS,13,7,6,6,7
10445,HEALTHY & DELICIOUS SNACKIES CORP.,4,1,3,4,0
10446,HEALTHY AND SIMPLE JUICES,12,5,7,5,7
10447,HEALTHY HAVEN,2,1,1,0,2
10448,HEALTHY KIDS KITCHEN,10,3,7,6,4
10449,HEALTHY LG NUTRITION,2,1,1,1,1
10450,HEALTHY LIVING CHICAGO,4,0,4,2,2
10451,HEALTHY LIVING WELLNESS CENTER,2,1,1,1,1
10452,HEALTHY ORGANIC KIDS,11,2,9,4,7
10453,"HEALTHY ORGANIC KIDS,INC",10,2,8,5,5
10454,HEALTHY POWER FIT,6,3,3,3,3
10455,HEALTHY SHAPE,3,2,1,2,1
10456,HEALTHY SUBSTANCE CANTINA,6,2,4,4,2
10457,"HEALTHY SUBSTANCE KITCHEN, LLC",5,3,2,1,4
10458,HEALTHYLILLY NUTRITION CLUB,3,0,3,2,1
10459,HEARTFELT CATERING,3,1,2,2,1
10460,HEARTLAND CAFE,18,4,14,7,11
10461,HEARTLAND CAFE INC,14,4,10,8,6
10462,HEARTLAND HUMAN CARE INTERNATIONL CHILDREN CTR.,4,1,3,2,2
10463,HEARTS,5,2,3,3,2
10464,HEARTS AND FLOUR BAKERY & CAFE,5,1,4,4,1
10465,HEARTY CAFE PANCAKE HOUSE,32,18,14,14,18
10466,HEAVEN DELI & GROCERY,2,0,2,2,0
10467,HEAVEN ELEVEN,4,1,3,3,1
10468,HEAVEN ON SEVEN,17,6,11,8,9
10469,HEAVEN ON SEVEN ON RUSH,8,2,6,4,4
10470,HEAVEN'S FOODS,5,2,3,3,2
10471,HEAVEN'S LEARNING GARDEN,14,8,6,5,9
10472,"HEAVEN'S LEARNING GARDEN, INC.",2,1,1,0,2
10473,HEAVENLY,7,2,5,7,0
10474,HEAVENLY GELATO,3,0,3,3,0
10475,HEBRON KEBOBS,5,2,3,1,4
10476,HECTOR HERNANDEZ,2,0,2,1,1
10477,HECTOR' CLUB,5,3,2,2,3
10478,HEDGES,15,8,7,1,14
10479,HEFFERAN ELEMENTARY,16,9,7,4,12
10480,HEGEWISCH CHILD DEVELOPMENT CENTER,14,12,2,2,12
10481,HEGEWISCH NUTRITION,4,2,2,1,3
10482,HEGEWISCH TRAIN STATION,2,0,2,0,2
10483,HEGEWISH FOOD MART,3,2,1,2,1
10484,HELADOS MUNDOS,5,4,1,1,4
10485,HELEN BOROWICZ,18,9,9,7,11
10486,HELEN LUCY CHILD CARE INC.,16,7,9,4,12
10487,HELEN'S GROCERY & LIQUOR,2,2,0,0,2
10488,HELFELD'S DELICATESSEN & CATERING,3,0,3,2,1
10489,HELIX CAFE,7,4,3,5,2
10490,HELLAS GYROS INC,24,10,14,12,12
10491,HELLAS PASTRY SHOP,10,7,3,4,6
10492,HELLER FINANCIAL,5,4,1,2,3
10493,HELLO ! INC,9,4,5,4,5
10494,HELLO CHERRY ASIAN GROCERY AND MEATS,2,0,2,1,1
10495,HELLO JASMINE,17,6,11,10,7
10496,"HELLO JASMINE DEPAUL, LLC",6,1,5,4,2
10497,HELLO SUSHIBAR & THAI CUISINE,17,6,11,9,8
10498,HELLO TACOS! DE CERO,13,4,9,4,9
10499,HELLO THAI,4,0,4,1,3
10500,HELMAND,2,1,1,1,1
10501,HEMA'S KITCHEN,47,17,30,30,17
10502,HENDRICKS,19,13,6,5,14
10503,HENDRIKX BELGIAN BREAD CRAFTER,22,12,10,11,11
10504,HENRY BOOTH HOUSE,13,5,8,3,10
10505,HENRY CLAY COLUMBA BRANCH,3,2,1,1,2
10506,HENRY NASH ELEMENTARY ANNEX,4,3,1,1,3
10507,HENRY O. TANNER ELEMENTARY,27,10,17,12,15
10508,"HENRY'S HOUSE, INC.",12,6,6,4,8
10509,HENRY'S SWING CLUB,6,2,4,4,2
10510,"HERB & ALCHEMY, INC.",2,1,1,2,0
10511,HERB RESTAURANT,20,5,15,11,9
10512,HERB-N-JUICE CO,4,1,3,4,0
10513,HERBAL LIFE,10,3,7,7,3
10514,HERBALCAL,3,0,3,2,1
10515,HERBALIFE,23,4,19,15,8
10516,HERBAN GOURMET,4,0,4,3,1
10517,HERBAN PRODUCE,4,0,4,4,0
10518,HERBIVORE LLC,2,1,1,1,1
10519,HERITAGE 676 LLC,3,0,3,2,1
10520,HERITAGE BICYCLES GENERAL STORE,18,7,11,9,9
10521,HERITAGE CAFE,3,2,1,3,0
10522,HERITAGE NURSING HOME INC.,4,1,3,3,1
10523,HERITAGE OUTPOST,2,0,2,1,1
10524,HERITAGE OUTPOST LAWRENCE HOUSE LLC,15,6,9,10,5
10525,HERITAGE PLAZA,19,3,16,11,8
10526,HERITAGE RESTAURANT & CAVIAR BAR,6,2,4,3,3
10527,HERITAGE WOODS OF CHICAGO,16,6,10,7,9
10528,HERMANS HIDEAWAY,3,1,2,2,1
10529,HERMOSA,13,2,11,8,5
10530,HERNANDEZ BAKERY SWEET CREATIONS INC,2,1,1,1,1
10531,HERNANDEZ ENTERPRISES INC,46,18,28,21,25
10532,HERO COFFEE,17,6,11,7,10
10533,HERO COFFEE BAR,23,10,13,15,8
10534,HERON VALLEY JERK CHICKEN,5,2,3,3,2
10535,HEROS,7,7,0,1,6
10536,HERSHEY,3,2,1,2,1
10537,HERSHEY'S CHOCOLATE WORLD ATTR,7,4,3,2,5
10538,HERSHEYS CHICAGO STORE,2,2,0,0,2
10539,HESTER EARLY LEARNING CENTER,2,0,2,1,1
10540,HEXE COFFEE,6,2,4,5,1
10541,HFC & SHAWARMA GRILL,4,1,3,4,0
10542,HFCC,8,4,4,7,1
10543,"HG ORD TECH RETAIL, JV",2,0,2,1,1
10544,HI TOP CONVENIENCE FOODS,2,0,2,1,1
10545,HI-VIBE,20,11,9,5,15
10546,HIBA VARIETY STORE,2,1,1,1,1
10547,HIBACHI SEAFOOD BUFFET,11,3,8,6,5
10548,HICKORY'S BBQ SALADS AND MORE...,2,0,2,2,0
10549,HIDALISCO FRUTERIA Y MAS,2,0,2,1,1
10550,HIDDEN TREASURE CAFE,7,0,7,7,0
10551,HIDE AND SEEK,6,0,6,6,0
10552,HIDE OUT INC,3,1,2,0,3
10553,HIDEAWAY CHICAGO,4,1,3,4,0
10554,HIDEOUT INN,5,2,3,3,2
10555,HIENIE'S,26,12,14,6,20
10556,HIGGINS DONUT INC.,13,4,9,4,9
10557,HIGGINS TAVERN,10,6,4,2,8
10558,HIGH DIVE,23,7,16,12,11
10559,HIGH DIVE / DANTE'S TAVERN,2,0,2,1,1
10560,HIGH ENERGY NUTRITION,2,2,0,1,1
10561,HIGH IMPACT FIT CLUB,3,2,1,2,1
10562,HIGH MOUNTAIN HEAD START,13,6,7,2,11
10563,HIGH NOON SALOON,18,6,12,10,8
10564,HIGH RIDGE YMCA,15,7,8,6,9
10565,HIGH TIDE POKE,8,3,5,6,2
10566,HIGH-HAT CLUB,4,0,4,3,1
10567,"HIGHER LEARNING DAYCARE & EDUCATION CENTER, INCORPORATED",19,8,11,2,17
10568,"HIGHLAND DAY CARE, INC",19,7,12,6,13
10569,HIGHLINE BAR AND LOUNGE,12,5,7,3,9
10570,HIGHRISE BAKING COMPANY,2,1,1,1,1
10571,HIGHWAY HOUSE,20,6,14,12,8
10572,HILARYS COOKIES,10,4,6,8,2
10573,HILDA'S KITCHEN INC.,13,4,9,9,4
10574,HILL OF ANGELS DAYCARE,4,1,3,3,1
10575,HILL OF ANGELS DAYCARE CENTER,5,2,3,3,2
10576,HILL OF ANGELS DAYCARE CENTER INC. NFP,5,0,5,4,1
10577,HILL RESTAURANT INC.,3,0,3,2,1
10578,HILLIARD APARTMENTS,14,4,10,6,8
10579,HILLSIDE ACADEMY EAST,6,0,6,4,2
10580,HILLTOP,10,6,4,5,5
10581,HILLTOP FAMILY RESTAURANT,15,6,9,12,3
10582,HILLTOP FAMILY RESTAURANT INC.,9,3,6,4,5
10583,HILLTOP RESTAURANT INC,6,4,2,3,3
10584,HILTON CHICAGO MAGIFICENT MILE SUITES,5,3,2,1,4
10585,HILTON CHICAGO MAGNIFICENT MILE SUITES,7,1,6,3,4
10586,HILTON GARDEN INN - CHICAGO,5,3,2,1,4
10587,HILTON GARDEN INN CHICAGO,11,5,6,3,8
10588,HILTON GARDEN INN CHICAGO DOWN,18,5,13,5,13
10589,HILTON GARDEN INN CHICAGO NORTH LOOP,8,4,4,3,5
10590,HILTON GARDEN INN DOWNTOWN MAGNIFICENT MILE,4,4,0,0,4
10591,HILTON GARDEN INN/ CANOPY,21,7,14,11,10
10592,HILTON O'HARE,54,18,36,26,28
10593,HILTON SUITES CHICAGO MAGNIFICENT MILE,36,11,25,13,23
10594,HIM SHIKAR,22,12,10,12,10
10595,HIMALAYA GROCERS INC.,2,2,0,0,2
10596,HIMALAYAN - CURRY AND PIZZA,12,4,8,7,5
10597,HIMALAYAN RESTAURANT,13,6,7,7,6
10598,HIMALAYAN SHERPA KITCHEN,8,6,2,5,3
10599,HIMMEL'S CHICAGO,19,6,13,7,12
10600,HING WANG,2,1,1,2,0
10601,"HING WANG, INC",10,4,6,5,5
10602,HINKY-DINKS PUB,2,0,2,0,2
10603,HIPPITY HOP TINY TOT'S INC.,6,1,5,2,4
10604,HIRA'S CAFE,5,0,5,3,2
10605,HIRO SUSHI AND DESSERT BAR,3,0,3,3,0
10606,HIRO'S CAFE,8,1,7,5,3
10607,HIROMI'S ORIENTAL RESTAURANT,20,4,16,12,8
10608,HIS GRACE AFRICAN FOOD,4,0,4,3,1
10609,HIT THE SPOT FAST FOOD,2,1,1,1,1
10610,HITZ RESTAURANT GROUP LLC,7,0,7,7,0
10611,HIVAN CHIQUITO,7,2,5,4,3
10612,HK BANQUET,4,1,3,2,2
10613,HLCDC DEVELOPMENT #2,14,5,9,3,11
10614,"HM GOODY BY DOLLAR PLUS,LLC",5,1,4,4,1
10615,HO CHOY,15,2,13,8,7
10616,"HO FAT LEE CHINESE KITCHEN, I NC.",26,15,11,9,17
10617,"HO HO CHOP SUEY-CHICAGO,INC",14,6,8,7,7
10618,HO HO RESTAURANT,3,2,1,1,2
10619,HOA NOM CO,12,5,7,8,4
10620,HOAGY HOUSE,21,9,12,14,7
10621,HOANH  LONG  RESTAURANT,14,6,8,4,10
10622,HOANH LONG RESTAURANT,2,1,1,2,0
10623,"HOANH LONG RESTAURANT, INC.",9,2,7,4,5
10624,HOB SUSHI,9,1,8,7,2
10625,HOCK SHOP,2,0,2,1,1
10626,HOE TOY CHOP SUEY,27,11,16,19,8
10627,HOE TOY RESTAURANT,9,4,5,2,7
10628,HOGAR CAFE,2,0,2,2,0
10629,HOGHEAD MCDUNNA'S,3,0,3,2,1
10630,HOI'S RESTAURANT,2,0,2,2,0
10631,HOLDEN ELEMENTARY SCHOOL (MAIN),16,7,9,3,13
10632,HOLIDAY BAR & GRILL,5,1,4,1,4
10633,HOLIDAY CLUB,29,6,23,22,7
10634,HOLIDAY INN & SUITES,4,0,4,2,2
10635,HOLIDAY INN CHICAGO DOWNTOWN-WOLF POINT & VOCO CHI,8,2,6,4,4
10636,HOLIDAY INN CHICAGO O'HARE,29,11,18,15,14
10637,HOLIDAY INN EXPRESS MAG MILE CASS,10,5,5,5,5
10638,HOLIDAY INN SUITES,18,9,9,8,10
10639,HOLISTIC TRADING GROUP,2,2,0,1,1
10640,HOLLYWOOD BROADWAY SHELL,2,1,1,1,1
10641,HOLLYWOOD DELI,4,1,3,3,1
10642,"HOLLYWOOD FOOD MARKET, INC.",15,9,6,7,8
10643,HOLLYWOOD GRILL,25,7,18,9,16
10644,HOLLYWOOD PANTRY,3,1,2,1,2
10645,HOLLYWOOD TOWER MKT,7,2,5,4,3
10646,HOLLYWOOD WINGS,4,0,4,3,1
10647,HOLU,6,2,4,5,1
10648,HOLY ANGELS SCHOOL,19,10,9,6,13
10649,HOLY CROSS HOSPITAL,41,19,22,16,25
10650,HOLY FAMILY LUTHERAN SCHOOL,19,10,9,5,14
10651,HOLY NATIVITY ROMANIAN ORTHODOX CHURCH,4,1,3,2,2
10652,HOLY RESURRECTION SERBIAN ORTHODOX CHURCH,3,0,3,1,2
10653,HOLY SMOQUES BBQ,3,0,3,2,1
10654,HOLY TACO!,8,3,5,5,3
10655,"HOLZKOPF'S MEAT MARKET ON BROADWAY, LLC",7,4,3,1,6
10656,HOM MALI,16,3,13,11,5
10657,HOMAGE STREET FOOD,4,1,3,2,2
10658,HOMAN 24 FOOD INC.,4,0,4,3,1
10659,HOMAN FOOD & DELI,2,1,1,0,2
10660,HOMAN FOOD MARKET,2,1,1,1,1
10661,"HOMAN FRESH MEAT MARKET, INC.",9,3,6,6,3
10662,HOMAN GAS & MINI MART,5,1,4,3,2
10663,HOMAN GROCERY,2,1,1,2,0
10664,HOMAN SQUARE CAFE,3,1,2,1,2
10665,HOME 2 SUITES BY HILTON CHICAGO RIVER NORTH,4,2,2,1,3
10666,HOME 2 SUITES CHICAGO RIVER NORTH,4,3,1,0,4
10667,HOME BAKERY & FESTIVALS,22,10,12,7,15
10668,HOME BISTRO,3,2,1,1,2
10669,HOME CHEF,10,5,5,5,5
10670,HOME COOKED CATERING LLC.,3,1,2,2,1
10671,HOME OF LIFE COMM. DEV DAYCARE,5,2,3,2,3
10672,HOME OF LIFE COMM. DEV. DAYCAR,10,6,4,5,5
10673,HOME OF THE HOAGY,6,3,3,4,2
10674,"HOME OF THE HOAGY,INC",24,13,11,11,13
10675,HOME RUN INN,47,19,28,19,28
10676,HOME RUN INN PIZZA,17,4,13,7,10
10677,HOME RUN INN PIZZA EXPRESS IN,14,10,4,6,8
10678,HOME RUN INN PIZZERIA,42,15,27,14,28
10679,HOME2 SUITES CHICAGO RIVER NORTH,2,1,1,0,2
10680,HOMELAND FOOD MARKET,2,0,2,2,0
10681,HOMEMADE  PIZZA,4,0,4,2,2
10682,HOMEMADE PIZZA,34,8,26,18,16
10683,HOMEMADE PIZZA CO.,6,2,4,2,4
10684,"HOMEMADE PIZZA COMPANY, L.L.C.",8,4,4,5,3
10685,"HOMEMADE PIZZA COMPANY,L.L.C.",5,2,3,1,4
10686,"HOMEMADE PIZZA COMPLANY, L.L.C.",3,0,3,3,0
10687,HOMEPLATE DEUCES & THE DIAMOND CLUB,25,13,12,13,12
10688,HOMESLYCE WHEEL HOUSE,20,7,13,9,11
10689,HOMESTEAD,6,3,3,2,4
10690,HOMESTYLE TASTE,13,7,6,5,8
10691,"HOMETEAM PIZZA, INC.",6,1,5,4,2
10692,HOMEWOOD SUITES BY HILTON CHICAGO DOWNTOWN,18,8,10,7,11
10693,HOMEWOOD SUITES BY HILTON CHICAGO DOWNTOWN SOUTHLO,10,0,10,7,3
10694,HOMEWOOD SUITES HOTEL,10,6,4,2,8
10695,HOMEWOOD SUITES-CHICAGO-DOWNTOWN/WEST LOOP,11,4,7,4,7
10696,HOMIE BOY INC.,2,1,1,1,1
10697,HOMIES KITCHEN,12,1,11,9,3
10698,HON KEE BBQ & SEAFOOD RESTAURANT INC,14,2,12,7,7
10699,HON KEE REST INC,14,6,8,7,7
10700,HONEST FOODS INC,13,7,6,4,9
10701,"HONEY ' S TO GO CARRYOUT, INC.",9,4,5,3,6
10702,HONEY 1 BBQ,27,8,19,15,12
10703,HONEY BAKED HAM,2,0,2,1,1
10704,HONEY BAKED HAM CO,11,5,6,4,7
10705,HONEY BEAR HAM CO,5,1,4,4,1
10706,HONEY BEAR NURSERY & KINDERGAR,10,5,5,6,4
10707,HONEY BEAR RESTAURANT,18,7,11,10,8
10708,HONEY BERRY PANCAKES & CAFE STATE STREET,8,2,6,6,2
10709,HONEY BUTTER FRIED CHICKEN,19,11,8,3,16
10710,HONEY DESSERT OF CHICAGO,3,0,3,1,2
10711,HONEY FISH & CHICKEN,3,0,3,2,1
10712,HONEY'S,5,3,2,2,3
10713,HONEY'S CHICKEN & SEAFOOD INCORPORATED,3,1,2,2,1
10714,"HONEY'S HOAGIES, INC",2,1,1,1,1
10715,HONEY'S TO GO CARRYOUT,5,2,3,2,3
10716,HONEYBAKED HAM,10,6,4,3,7
10717,HONEYBAKED HAM AND CAFE,18,9,9,3,15
10718,HONEYBRAINS,6,0,6,4,2
10719,HONEYGROW,4,0,4,2,2
10720,"HONEYGROW, LLC",3,0,3,1,2
10721,HONEYMOON CAFE INC,21,7,14,10,11
10722,HONG HIEP MOBILE,2,0,2,1,1
10723,HONG HUAH RESTAURANT,20,7,13,11,9
10724,HONG KONG BUFFET CORPORATION,31,13,18,10,21
10725,"HONG KONG CAFE, INC",2,2,0,1,1
10726,HONG KONG CHEF,8,2,6,5,3
10727,HONG KONG CHINESE RESTAURANT,15,7,8,5,10
10728,HONG KONG CHINESE RESTAURANT INC.,2,1,1,1,1
10729,"HONG KONG DELIGHT III, INC",16,6,10,7,9
10730,HONG KONG DELIGHT IV,22,12,10,9,13
10731,HONG KONG EXPRESS,14,5,9,4,10
10732,HONG KONG MARKET,17,5,12,11,6
10733,HONG KONG RESTAURANT,50,25,25,21,29
10734,"HONG KONG SEAFOOD CITY, INC.",3,1,2,1,2
10735,HONG LI INC.,5,0,5,5,0
10736,HONG NGU,7,1,6,7,0
10737,HONG SIK IN,11,5,6,4,7
10738,HONG WING CHINA DELIGHT,15,9,6,4,11
10739,HONG XUONG BAKERY INC,13,5,8,7,6
10740,"HONG'S UNION STATION, INC",7,5,2,2,5
10741,HONKY TONK BARBEQUE,22,11,11,7,15
10742,HONKY TONK BARBEQUE CATERING,2,0,2,2,0
10743,HONORE MINI MART AND DELI,3,0,3,2,1
10744,HOOK  FISH AND CHICKEN,4,0,4,3,1
10745,HOOK & FISH,3,1,2,2,1
10746,HOOK AND LADDER BAR,2,1,1,1,1
10747,HOOK FISH & CHICKEN,16,7,9,9,7
10748,"HOOK FISH & CHICKEN ON MADISON, INC.",5,3,2,4,1
10749,HOOKED ON FISH,3,2,1,2,1
10750,"HOOKS FINER FOODS, INC.",3,0,3,3,0
10751,HOOKS FISH & CHICKEN,32,14,18,13,19
10752,HOOKS FISH AND CHICKEN,3,1,2,2,1
10753,HOOSIER MAMA DOLLOP,8,2,6,5,3
10754,HOOSIER MAMA PIE COMPANY,21,7,14,11,10
10755,HOOTERS,28,13,15,12,16
10756,"HOOTERS OF WELLS ST., INC.",21,8,13,9,12
10757,"HOOTS OF SOUTH LOOP, INC.",9,5,4,6,3
10758,HOOTS ON DIVERSEY,9,3,6,2,7
10759,HOP HAUS,4,1,3,3,1
10760,HOP HAUS ROGERS PARK,9,1,8,6,3
10761,HOP-CAT CHICAGO,7,2,5,3,4
10762,HOPE CHILD DEVELOPMENT CENTER,14,8,6,3,11
10763,HOPE COFFEEHOUSE,6,2,4,4,2
10764,HOPE HOUSE,5,1,4,3,2
10765,HOPEWELL BREWING COMPANY,2,1,1,1,1
10766,HOPLEAF BAR,20,7,13,11,9
10767,HOPPIN' HOTS,4,2,2,1,3
10768,HOPS & GRAPES,3,0,3,2,1
10769,HOPSMITH TAVERN,17,6,11,9,8
10770,HORATO MAY ANNEX,5,1,4,2,3
10771,HORCHATAS MEXICAN RESTAURANT,2,0,2,1,1
10772,HORIZON CAFE,18,4,14,8,10
10773,HORIZON LEARNING CENTERS PETERSON,8,1,7,5,3
10774,"HORIZON MINI MARKET, INC.",7,2,5,4,3
10775,HORIZON SCIENCE ACADEMY,9,2,7,6,3
10776,HORIZON SCIENCE ACADEMY BELMONT CHARTER SCHOOL,13,8,5,7,6
10777,HORIZON SCIENCE ACADEMY McKINLEY PARK,11,4,7,3,8
10778,HORIZON SCIENCE ACADEMY SOUTHWEST CHICAGO,12,4,8,3,9
10779,HORSE THIEF HOLLOW,22,9,13,13,9
10780,HORSESHOE B.B.Q,5,3,2,1,4
10781,HOSPITALITY 201 LLC,5,1,4,2,3
10782,HOST INTERNATIONAL B05,28,18,10,4,24
10783,HOST INTERNATIONAL INC,96,56,40,25,71
10784,"HOST INTERNATIONAL INC, CHILIS T-2",36,13,23,14,22
10785,HOST INTERNATIONAL INC-GOOSE ISLAND T3,30,16,14,8,22
10786,HOST INTERNATIONAL INC-PRAIRIE TAP,28,9,19,6,22
10787,HOST INTERNATIONAL INC.,11,4,7,3,8
10788,"HOST INTERNATIONAL, INC",24,11,13,6,18
10789,HOT 'G' DOG,14,4,10,10,4
10790,HOT BUNZ,2,1,1,1,1
10791,HOT CHI,2,2,0,1,1
10792,HOT CHICKEN & SUBS INC.,4,1,3,2,2
10793,"HOT DISH, INC.",2,1,1,1,1
10794,HOT DOG CENTRAL,8,4,4,5,3
10795,HOT DOG EXPRESS,28,17,11,11,17
10796,HOT DOG FIEND,5,1,4,2,3
10797,HOT DOG STATION,14,3,11,10,4
10798,HOT DOUG'S,4,2,2,1,3
10799,HOT FIRE N COOL ICE STEAK & LEMONADE,9,2,7,7,2
10800,"HOT MEXICAN PEPPERS, INC.",4,1,3,3,1
10801,HOT N SPICY GRILL CHICKEN,2,1,1,1,1
10802,HOT POT,2,0,2,2,0
10803,HOT RED GRILL,9,4,5,6,3
10804,HOT SEAFOOD MARKET INC.,5,1,4,4,1
10805,HOT SHOTS CAFE,3,1,2,2,1
10806,HOT SHRIMP MAX,3,1,2,2,1
10807,HOT SPOT,11,3,8,8,3
10808,HOT SPOT ON HALSTED INC,2,0,2,1,1
10809,HOT TAMALES,4,2,2,3,1
10810,HOT WING JOINT,4,4,0,3,1
10811,HOT WOK,12,4,8,8,4
10812,HOT WOK CHINESE KITCHEN,5,2,3,3,2
10813,HOT WOKS COOL SUSHI,81,19,62,34,47
10814,HOTDOG EXPRESS,3,1,2,2,1
10815,HOTDOG LAND XPRESS,3,2,1,1,2
10816,HOTDOGERIA,2,0,2,1,1
10817,HOTEL  BLAKE,7,3,4,1,6
10818,HOTEL ALLEGRO,14,5,9,3,11
10819,HOTEL BURNHAM / ATWOOD CAFE,17,6,11,9,8
10820,HOTEL BURNHAM/ATWOOD CAFE,8,1,7,6,2
10821,HOTEL CHICAGO,39,12,27,18,21
10822,HOTEL EMC2,15,7,8,6,9
10823,HOTEL FELIX,2,1,1,0,2
10824,HOTEL INDIGO CHICAGO GOLD COAST,9,4,5,4,5
10825,HOTEL INIDGO CHICAGO GOLD COAST,3,1,2,1,2
10826,HOTEL JULIAN,14,4,10,9,5
10827,HOTEL LINCOLN,48,16,32,18,30
10828,HOTEL MONACO,33,13,20,15,18
10829,HOTEL PALOMAR,8,3,5,4,4
10830,HOTEL ZACHARY,15,7,8,9,6
10831,HOTSPOT GRILL,11,5,6,7,4
10832,HOTSPOT GRILL ON DEVON,3,0,3,2,1
10833,HOTTI BISCOTTI CAFE,2,1,1,1,1
10834,HOULIHAN'S,12,5,7,5,7
10835,"HOUND DOG, BURGER & TERIYAKI  RESTAURANT",21,11,10,7,14
10836,HOUNDSTOOTH SALOON,28,13,15,15,13
10837,HOUSE OF BIRYANI,17,7,10,10,7
10838,HOUSE OF BLUES,15,5,10,8,7
10839,HOUSE OF CAKES,15,7,8,5,10
10840,"HOUSE OF CHICKEN, INC.",2,1,1,1,1
10841,HOUSE OF FORTUNE,13,5,8,6,7
10842,HOUSE OF HUNAN,25,5,20,14,11
10843,"HOUSE OF KIDDS CHILD CARE & LEARNING CENTER, INC",8,4,4,2,6
10844,"HOUSE OF KIDDS DEVELOPMENT CENTER INC.,",2,0,2,1,1
10845,HOUSE OF KIDS DAYCARE,14,7,7,2,12
10846,HOUSE OF SALADS,4,1,3,2,2
10847,HOUSE OF WAH SUN,18,9,9,6,12
10848,HOUSE OF WING,5,2,3,3,2
10849,HOUSE OF WINGS,7,3,4,3,4
10850,HOUSTON FOOD & LIQUOR,3,1,2,1,2
10851,HOUSTON'S LIQUOR & FOODS,3,0,3,2,1
10852,HOW DO YOU ROLL?,2,0,2,1,1
10853,HOW DO YOU ROLL? #24,2,1,1,1,1
10854,HOW LEE CHOP SUEY,2,1,1,1,1
10855,HOWARD AREA ALTERNATIVE HIGH SCHOOL,7,4,3,5,2
10856,HOWARD AREA COMMUNITY CENTER,16,4,12,5,11
10857,HOWARD BROWN HEALTH CENTER/BROADWAY YOUTH CENTER,5,2,3,1,4
10858,HOWARD CAFE,2,1,1,1,1
10859,HOWARD FOOD,13,5,8,9,4
10860,HOWARD MINI MARKET,5,2,3,5,0
10861,HOWARD PHILLY & GRILL INC.,4,1,3,3,1
10862,HOWDY KOLACHE,8,1,7,6,2
10863,HOWELLS & HOOD,14,4,10,7,7
10864,"HOYNE DISCOUNT, INC",5,0,5,3,2
10865,HP CONVENIENT MART,10,0,10,10,0
10866,HP TACO STATION CO.,8,1,7,4,4
10867,HQ BEERCADE II,23,12,11,15,8
10868,HQ HOWARD QUINTERO,12,2,10,8,4
10869,HR LIQUORS,9,2,7,5,4
10870,HRONOS INC,19,9,10,7,12
10871,HSM MAJDI INC.,2,2,0,1,1
10872,HUA'S CHINESE CHOP SUEY EXPRESS,21,11,10,10,11
10873,HUAMAO RESTAURANT INC.,7,2,5,6,1
10874,HUARACHES,11,3,8,6,5
10875,HUARACHES & QUESADILLAS MAMA QUINA,6,1,5,5,1
10876,HUARACHES DONA CHIO,23,10,13,14,9
10877,HUARACHES MEXICAN,4,1,3,2,2
10878,HUARACHES MEXICAN RESTAURANT,3,0,3,2,1
10879,HUARACHES Y QUESADILLAS DONA CHIO,14,5,9,7,7
10880,HUAS CHOP SUEY EXPRESS,3,0,3,2,1
10881,HUB 51,21,11,10,8,13
10882,HUB 51 / SUB 51,21,8,13,10,11
10883,HUB CONVENIENCE,2,0,2,2,0
10884,HUB'S GYROS II INC,24,12,12,10,14
10885,HUBBARD INN,39,15,24,17,22
10886,HUBBLE HOOKAH,19,4,15,13,6
10887,HUBBLE HOOKAH LOUNGE,3,0,3,3,0
10888,HUCK FINN,19,9,10,2,17
10889,HUCK FINN DONUTS,20,10,10,4,16
10890,HUDDLE HOUSE,27,12,15,16,11
10891,HUDSON,32,13,19,19,13
10892,HUDSON BOOKSELLERS,3,0,3,1,2
10893,HUDSON NEW GATE C 22,3,1,2,1,2
10894,HUDSON NEWS,72,27,45,34,38
10895,HUDSON NEWS GATE F8,4,3,1,1,3
10896,HUDSON NEWS GATE G19,4,0,4,2,2
10897,HUDSON NEWS GATE K 1,4,3,1,2,2
10898,HUDSON NEWS GATE K 11,4,0,4,1,3
10899,HUDSON NEWS/EURO CAFE (833),2,1,1,1,1
10900,HUDSON NONSTOP,4,4,0,0,4
10901,HUDSON'S BOOK CORNER/EURO CAFE,11,2,9,4,7
10902,HUDSON/FAO SCHWARZ,2,2,0,1,1
10903,HUERTA FOOD STORE,2,0,2,2,0
10904,HUEY'S,2,1,1,1,1
10905,HUGGIE BEAR CHRISTIAN ACADEMY,3,1,2,1,2
10906,HUGO TEA COMPANY,2,0,2,2,0
10907,HUGO'S FROG BAR,19,8,11,5,14
10908,HUMBERTO'S PIZZERIA,15,3,12,6,9
10909,HUMBLE EATS,4,0,4,4,0
10910,HUMBOLDT COMMUNITY CHRISTIAN SCHOOL,5,2,3,1,4
10911,HUMBOLDT HAUS DELI & LIQUOR,10,5,5,4,6
10912,HUMBOLDT PARK COMMUNITY CULTUR,4,3,1,3,1
10913,HUMMUS GRILL INC,5,2,3,4,1
10914,HUMPTY DUMPTY DAYCARE,4,3,1,1,3
10915,HUNAID FOODS,3,1,2,2,1
10916,HUNAN BISTRO,8,1,7,4,4
10917,HUNAN CUISINE,5,4,1,2,3
10918,HUNAN EGG ROLL KING,18,10,8,6,12
10919,HUNAN SPRING,10,4,6,4,6
10920,HUNAN WOK,13,6,7,5,8
10921,HUNGRY BOY,3,1,2,2,1
10922,HUNGRY BRAIN,4,2,2,3,1
10923,HUNGRY CRAB,5,1,4,3,2
10924,HUNGRY MAMA'S JERK CHICKEN LLC,5,1,4,4,1
10925,HUNGRY TACOS,5,3,2,2,3
10926,HUNT'S EARLY CHILDHOOD EDUCATION,9,5,4,3,6
10927,"HUNT'S EARLY CHILDHOOD EDUCATIONAL, ACADEMY, LTD.",4,2,2,1,3
10928,HUNTINGTON BANK PAVILION AT NORTHERLY ISLAND,11,1,10,8,3
10929,HURLEY SCHOOL,18,5,13,6,12
10930,HURRICANE COFFEE CO.,3,2,1,2,1
10931,HURTADO BROTHERS RESTAURANT,4,1,3,3,1
10932,HUSKY HOG BBQ,3,1,2,1,2
10933,"HUSKY HOG BBQ, LLC",5,0,5,3,2
10934,"HUT FISH, CHICKEN & SUBMARINE",4,2,2,1,3
10935,HUTCH,27,9,18,16,11
10936,HUTCH AMERICAN CAFE,19,4,15,12,7
10937,HUTCH AMERICAN KITCHEN AND BAR,10,0,10,6,4
10938,HVAC PUB,14,6,8,8,6
10939,HVAC PUB/GLACIER CITY FROZEN YOGURT,11,2,9,9,2
10940,HWA WON,22,6,16,18,4
10941,HYATT,7,1,6,3,4
10942,HYATT CENTRIC CHICAGO MAGNIFICENT MILE,6,3,3,0,6
10943,HYATT CENTRIC THE LOOP CHICAGO,7,2,5,5,2
10944,HYATT CHICAGO MAGNIFICENT MILE,17,6,11,6,11
10945,HYATT HOUSE,14,3,11,11,3
10946,HYATT HOUSE/HYATT PLACE AND FOOD CT,19,0,19,17,2
10947,HYATT PLACE,14,4,10,5,9
10948,HYATT PLACE CHICAGO DOWNTOWN RIVER NORTH,16,9,7,4,12
10949,HYATT PLACE CHICAGO DOWNTOWN THE LOOP,12,3,9,6,6
10950,HYATT PLACE CHICAGO SOUTH,21,9,12,15,6
10951,HYATT REGENCY,16,8,8,3,13
10952,HYATT REGENCY CHICAGO-J'S DELI,5,3,2,2,3
10953,HYATT REGENCY MCCORMICK PLACE,29,10,19,10,19
10954,HYATT REGENCY MCCORMICK PLACE - CHICAGO,13,7,6,3,10
10955,HYDE PARK BP AM PM,19,7,12,7,12
10956,HYDE PARK CAFE INC,5,0,5,3,2
10957,HYDE PARK FOOD & LIQUOR,13,7,6,6,7
10958,HYDE PARK GOLO,5,3,2,3,2
10959,"HYDE PARK GROCERY & DELI, INC.",9,5,4,5,4
10960,HYDE PARK GYROS,12,5,7,10,2
10961,HYDE PARK H.S.,21,9,12,9,12
10962,HYDE PARK MARKET,3,1,2,2,1
10963,"HYDE PARK PRODUCE, LTD",21,8,13,10,11
10964,HYDEDRABAD HOUSE,29,10,19,17,12
10965,HYDERABAD HOUSE,4,2,2,2,2
10966,HYDERABAD HOUSE FAMILY DINING LLC,17,3,14,8,9
10967,HYDERABAD KABAB CORNER INC.,8,2,6,5,3
10968,HYDERABAD KITCHEN,4,2,2,2,2
10969,HYDRATE / ELIXIR,5,2,3,3,2
10970,HYGGE,11,4,7,10,1
10971,HYMAN G RICKOVER NAVAL ACADEMY HIGH SCHOOL,7,2,5,3,4
10972,Habanero,17,7,10,6,11
10973,Hale Franciscan High School,2,0,2,2,0
10974,Hale McDonald's,9,2,7,5,4
10975,"Haley, Alex",20,3,17,8,12
10976,"Haley, Alex  Mod.",24,15,9,10,14
10977,Half Acre Beer Co.,2,0,2,0,2
10978,Halsted Street Deli,22,8,14,16,6
10979,Halsted's Bar & Grill,13,7,6,6,7
10980,Hamburger King,3,0,3,1,2
10981,Hamilton Elementary,16,8,8,1,15
10982,Hamline Branch,17,9,8,4,13
10983,Hampton Social,2,1,1,0,2
10984,Hancock (H/S),17,7,10,3,14
10985,Hands On Inc,26,16,10,15,11
10986,Hannah G.Solomon Elementary  School,18,8,10,6,12
10987,Hanson Park,27,8,19,13,14
10988,Hanson Park Branch,16,9,7,3,13
10989,Happy Bodega,5,3,2,3,2
10990,Happy Grocery & Dollar,2,1,1,0,2
10991,Hard Rock Hotel,13,7,6,5,8
10992,Harlan Comm.,19,10,9,7,12
10993,Harold's Chicken #36,13,5,8,5,8
10994,Harolds Chicken Shack,8,2,6,4,4
10995,Harper (H/S),21,11,10,11,10
10996,Harry's Cafe @ WMS Gaming,3,1,2,1,2
10997,Harte Elementary,15,10,5,1,14
10998,Hash,17,8,9,8,9
10999,Hateeb Mini Mart,7,0,7,4,3
11000,"Haute & Ready, LTD",4,2,2,3,1
11001,Hawthorne Elementary,17,8,9,2,15
11002,Hay Community Academy,18,7,11,3,15
11003,Hearth and Crust Restaurant,14,4,10,9,5
11004,Hedges Branch,9,2,7,5,4
11005,Henderson,19,8,11,7,12
11006,Herbalife,3,1,2,2,1
11007,Herbavida,3,1,2,2,1
11008,Heritage Outpost,15,3,12,10,5
11009,"Hermitage Food & Tobacco , Inc.",3,1,2,2,1
11010,Hi-Tops,7,2,5,5,2
11011,Higgins Community,21,9,12,6,15
11012,Hirsch Metro. (H/S),26,7,19,16,10
11013,Hitch Elementary School,18,4,14,7,11
11014,Holiday Club,7,2,5,5,2
11015,Holmes,24,15,9,7,17
11016,Holy Trinity High School,16,7,9,6,10
11017,Homegrown Wrappings,2,1,1,2,0
11018,Hop Butcher For the World,5,1,4,4,1
11019,Hops And Barley,19,7,12,12,7
11020,Hops and Scotch,2,0,2,2,0
11021,Horace Mann Elementary,28,9,19,12,16
11022,Horaito May Elem,5,4,1,1,4
11023,Hostelling International - Chicago,4,0,4,3,1
11024,Hot Diggity Dogs,5,1,4,1,4
11025,HotChocolate,13,3,10,7,6
11026,"Houston, Charles HS",3,0,3,2,1
11027,How You Doin Now Cafe,3,1,2,2,1
11028,Howe Elem,19,12,7,4,15
11029,Howl at the Moon,22,8,14,13,9
11030,Hubbard (H/S),16,8,8,3,13
11031,Hudson News (# 831),2,0,2,1,1
11032,Hudson News (#832),2,0,2,1,1
11033,Hudson News\Euro Cafe (#833),4,2,2,3,1
11034,Hunan Wok,3,1,2,2,1
11035,Hunter & Tails,9,2,7,6,3
11036,Hyatt Center Cafe @ Niersbach,13,5,8,6,7
11037,I & O FOOD MART INC,7,1,6,6,1
11038,I - 94 RIBS & GRILL,6,2,4,5,1
11039,I - CAFE SUKUR'S PLACE PIDE VE LAHMACUN,4,1,3,2,2
11040,"I 57 FUEL MART, INC",8,5,3,6,2
11041,I AM NUTRITION,2,0,2,1,1
11042,"I Can Child Care Center, Inc.",2,0,2,2,0
11043,I DO DANCE STUDIO LLC,2,0,2,2,0
11044,I DREAM OF FALAFEL,52,22,30,27,25
11045,I DUE MONDI CLUB,2,2,0,1,1
11046,I HAVE A DREAM LEARNING DAY CARE CENTER,15,10,5,4,11
11047,"I HAVE A DREAM LEARNING DAYCARE CENTER II, INC",8,0,8,4,4
11048,I HEART HUMMUS,2,1,1,0,2
11049,I HOP 1229,11,4,7,10,1
11050,I LEARN CENTER,2,0,2,2,0
11051,I LOVE MY COFFEE BLACK INC.,2,1,1,1,1
11052,I LOVE SUSHI,22,13,9,10,12
11053,I LOVE SUSHI INC,5,1,4,4,1
11054,I LOVE TAMALES,3,1,2,2,1
11055,I Learn Center of Chicago,12,4,8,6,6
11056,I MONELLI TRATTORIA PIZZERIA,11,2,9,6,5
11057,I S FOOD & LIQUOR,4,2,2,2,2
11058,I Z FOOD MART,7,3,4,4,3
11059,"I'M HUNGRY NOW!!, LLC",8,0,8,5,3
11060,I'M NUTRITION,3,1,2,2,1
11061,I'M SOUL HUNGRY,5,1,4,3,2
11062,I-57  RIBHOUSE,3,1,2,2,1
11063,I-57 RIB HOUSE,19,10,9,8,11
11064,I-57 RIB HOUSE #5,19,8,11,5,14
11065,I-CAFE,9,3,6,2,7
11066,I-CAFE SUKUR'S PLACE/PIDE VE LAHMACUN,8,3,5,7,1
11067,I.H.O.P.,40,21,19,17,23
11068,I94 RIBS & GRILL EXPRESS CORP,6,1,5,4,2
11069,I94 RIBS GRILL,2,0,2,2,0
11070,IAN'S PIZZA,4,1,3,3,1
11071,IBAO EXPRESS FOOD INC.,3,1,2,2,1
11072,IBARRAS GROCERIES,3,1,2,1,2
11073,IBOBA BUBBLE TEA,2,0,2,2,0
11074,IBORU EL PULPO LOCO,17,5,12,9,8
11075,"ICAFE ON IRVING PARK, INC.",7,5,2,3,4
11076,ICANDY SUGAR SHOPPE,6,2,4,5,1
11077,ICANDYLICIOUS,8,5,3,5,3
11078,ICANDYSUGAR SHOPPE,3,1,2,2,1
11079,ICE BAR,27,12,15,6,21
11080,ICE CHATHAM THEATERS,4,1,3,2,2
11081,ICE CHATHAM THEATRES,5,3,2,2,3
11082,ICE CREAM BAR INC.,2,0,2,1,1
11083,ICE CREAM LAS FUENTES,4,1,3,3,1
11084,ICE CREAM MACHINE,2,0,2,1,1
11085,ICE CREAM MACHINE INC.,2,1,1,0,2
11086,ICE CREAM ON AUSTIN,2,2,0,1,1
11087,ICE CUBED LLC,4,2,2,1,3
11088,ICE FOR LESS,3,2,1,1,2
11089,ICE LAWNDALE 10 THEATERS,3,1,2,2,1
11090,ICE MAX,3,2,1,2,1
11091,"ICE Q, INC.",2,0,2,2,0
11092,ICE STATION,2,2,0,1,1
11093,ICOLDTEA,2,1,1,1,1
11094,ICOMPUTE CAFE,3,1,2,2,1
11095,ICONIK NUTRITION,2,0,2,2,0
11096,ICOSIUM KAFE,8,1,7,6,2
11097,ICY HONEY,3,1,2,2,1
11098,ICYLICIOUS,3,1,2,3,0
11099,IDA CROWN JEWISH ACADEMY,3,1,2,2,1
11100,IDEAL BAKERY,12,7,5,4,8
11101,"IDEAL BAKERY ENTERPRISES, INC",20,5,15,11,9
11102,IDEAL MINI MART,4,3,1,2,2
11103,IDOC/Healy No. (N Jefferson),3,2,1,1,2
11104,IDOC/Healy So. (N Jefferson),3,1,2,2,1
11105,IDOF FRESH MEDITERRANEAN,42,18,24,19,23
11106,IDOF FRESH MEDITERRANIAN,8,2,6,4,4
11107,IDOF Fresh Mediterranean,21,5,16,10,11
11108,IDOF TAYLOR INC,7,3,4,5,2
11109,IDY'S CUBAN SANDWHICH,2,1,1,1,1
11110,IESHA WILLIAMS,4,1,3,2,2
11111,IGNACEJAN PADEREWSKI SCHOOL,7,1,6,2,5
11112,"IGNITE NETWORK, INC.",5,1,4,2,3
11113,IGNOBLE WINE BAR,5,2,3,3,2
11114,IGNOTZ RESTAURANT,13,11,2,2,11
11115,IGNOTZ' RISTORANTE,19,7,12,5,14
11116,"IGROCERY, INC.",2,0,2,1,1
11117,IGUALA GROCERY,5,1,4,4,1
11118,IHOP,49,16,33,18,31
11119,IHOP # 1202,33,15,18,9,24
11120,III FORKS,8,1,7,5,3
11121,III FORKS #425,15,5,10,7,8
11122,IKE BUKURO SUSHI HOUSE,6,3,3,1,5
11123,IKE'S STATE ST FOOD & LIQUORS,3,2,1,1,2
11124,IKEBUKURO,7,4,3,3,4
11125,IKIGAI SUSHI & IZAKAYA,6,2,4,2,4
11126,IKRAM,14,5,9,8,6
11127,IL CULACCINO,10,3,7,5,5
11128,"IL GIARDINO DEL DOLCE, INC",15,8,7,4,11
11129,IL MILANESE,2,0,2,0,2
11130,IL MULINO NEW YORK,7,3,4,5,2
11131,IL PORCELLINO STUDIO PARIS/RAMEN-SAN,13,6,7,6,7
11132,IL VICINATO INC,20,9,11,8,12
11133,"ILEARN CENTER OF WEST TOWN, LLC",8,5,3,1,7
11134,ILIXR,2,1,1,1,1
11135,ILLEGAL OPERATION,2,1,1,2,0
11136,ILLINOIS BAR & GRILL,18,7,11,3,15
11137,ILLINOIS BAR & GRILL INC,17,8,9,6,11
11138,ILLINOIS CENTER FOR REHABILITATION AND EDUCATION W,7,1,6,3,4
11139,ILLINOIS CENTER FOR REHABILITATION AND EDUCATION-R,8,3,5,4,4
11140,ILLINOIS INST OF TECHNOLOGY,14,3,11,6,8
11141,ILLINOIS INSTITUTE OF ART INC,6,3,3,2,4
11142,ILLINOIS INSTITUTE OF TECHNOLOGY,54,26,28,8,46
11143,ILLINOIS SPORT SERVICE INC.,2,2,0,0,2
11144,ILLINOIS SPORTSERVICE  INC,2,0,2,1,1
11145,ILLINOIS SPORTSERVICE INC,100,60,40,28,72
11146,ILLINOIS SPORTSERVICE INC.,42,27,15,7,35
11147,"ILLINOIS SPORTSERVICE, INC",3,1,2,1,2
11148,"ILLINOIS SPORTSERVICE, INC.",31,13,18,15,16
11149,ILLINOIS SPORTSSERVICE INC.,2,2,0,0,2
11150,ILLUMINATED BREW WORKS,4,2,2,2,2
11151,IM & N DOLLAR PLUS,3,2,1,2,1
11152,IM VEGAN,5,1,4,3,2
11153,IMA'S,5,2,3,3,2
11154,IMAGINATION CHILDREN'S ACADEMY,10,4,6,6,4
11155,"IMANI CHILDRENS ACADEMY, INC.",15,8,7,6,9
11156,IMAX Chicago Theatre,3,1,2,1,2
11157,IMEE'S KITCHEN,4,1,3,2,2
11158,IMLA'S II,4,2,2,3,1
11159,IMMACULATE CONCEPTION,22,9,13,7,15
11160,IMMACULATE CONCEPTION - ST. JOSEPH SCHOOL,2,1,1,1,1
11161,IMMACULATE CONCEPTION CHURCH,3,1,2,1,2
11162,IMMACULATE CONCEPTION SCHOOL,30,12,18,8,22
11163,IMMM,15,7,8,6,9
11164,IMPALLARIA'S AND DELI,9,5,4,2,7
11165,IMPERIAL CONV & GERIATRIC,12,5,7,7,5
11166,IMPERIAL LAMIAN,11,5,6,5,6
11167,IMPERIAL RESTAURANT,8,3,5,5,3
11168,IMPERIAL SHELL,5,2,3,2,3
11169,IMPERIAL TOWER MARKET,6,3,3,3,3
11170,IMPROV OLYMPIC,2,0,2,1,1
11171,"IN & OUT  GROCERY,INC.",3,0,3,2,1
11172,IN & OUT FAST FOOD,4,1,3,4,0
11173,IN & OUT FOOD CENTERS,7,1,6,5,2
11174,"IN & OUT FOOD MARKET, INC.",2,0,2,1,1
11175,IN & OUT FOOD MART,17,4,13,12,5
11176,IN & OUT FOOD PLUS,6,2,4,4,2
11177,IN & OUT MART,2,0,2,2,0
11178,IN &OUT FOOD MART,8,4,4,4,4
11179,IN FINE SPIRITS,2,0,2,1,1
11180,IN QUICK MART,2,0,2,1,1
11181,IN THE DAWG HOUSE,8,2,6,6,2
11182,IN-ON THAI,13,3,10,7,6
11183,"INA MAE TAVERN & PACKAGED GOODS, INC",11,3,8,7,4
11184,INA'S,5,4,1,1,4
11185,INA'S RESTAURANT,6,2,4,6,0
11186,INCARNATIOIN HEADSTART,8,6,2,3,5
11187,INCOME TAX,10,5,5,7,3
11188,INDEPENDENT SPIRITS INC.,2,0,2,1,1
11189,INDIA GARDEN ON HARRISON INC,3,1,2,2,1
11190,INDIA HOUSE,24,9,15,14,10
11191,INDIAN BOUNDARY GOLF COURSE,10,2,8,6,4
11192,INDIAN CLAY POT,11,4,7,5,6
11193,INDIAN FOOD ON WHEELS,4,2,2,3,1
11194,INDIAN FUSION,2,1,1,1,1
11195,INDIAN GRILL,7,0,7,4,3
11196,INDIAN PARADISE,6,2,4,4,2
11197,INDIAN SHINE RESTAURANT,2,1,1,1,1
11198,INDIANA FOOD MART,7,1,6,5,2
11199,INDIANA GROCERS,5,2,3,3,2
11200,INDIANA'S SNACK SHOP,3,2,1,2,1
11201,INDIE BURGER,5,2,3,2,3
11202,INDIE CAFE,24,10,14,11,13
11203,INDIENNE,5,1,4,2,3
11204,INDIGO HOSPITALITY LLC,3,1,2,2,1
11205,INDIO COCINA MEXICANA,19,6,13,8,11
11206,INDO-AMERICAN CENTER,17,7,10,8,9
11207,INDO-PAK GRILL,4,0,4,3,1
11208,"INDO-PAK MEAT&GROCERY,LLC",10,5,5,7,3
11209,INDUSTRIAL TACOS,4,0,4,4,0
11210,INDUSTRY ALES,2,0,2,2,0
11211,"INES RESTAURANTE, CORP.",8,3,5,4,4
11212,INFERNO SMOKES MONTROSE,2,0,2,1,1
11213,INFINESPIRITS,5,2,3,3,2
11214,INFINITE HERBS,2,0,2,1,1
11215,"INFINITEUS ROCKS, LLC",7,0,7,6,1
11216,INFINITY ALTERNATIVE SCHOOL,2,0,2,2,0
11217,INFINITY NUTRITION,3,1,2,1,2
11218,INFLATION LOUNGE,2,2,0,1,1
11219,INFUSE - 800 W FULTON,4,1,3,4,0
11220,INFUSE HOSPITALITY,14,6,8,7,7
11221,INFUSE RIVER NORTH POINT,3,2,1,2,1
11222,INFUSE TYSON,3,1,2,2,1
11223,INFUSION CAFE,8,5,3,3,5
11224,INFUZED CAFE,2,2,0,1,1
11225,ING DIRECT,2,2,0,0,2
11226,ING'S CHINA KING,7,4,3,1,6
11227,"INGLESIDE FOOD MARKET, INC.",8,2,6,6,2
11228,INGLESIDE FOODS INC,3,0,3,1,2
11229,INGRAINED,4,2,2,1,3
11230,INGS CHINA KING,11,5,6,3,8
11231,"INKAS RESTAURANT, CORPORATION",3,1,2,1,2
11232,INN OF CHICAGO,2,0,2,2,0
11233,INN OF CHICAGO MAGNIFICENT  MILE,4,1,3,2,2
11234,INNER CITY YOUTH SERVICES INC.,6,0,6,4,2
11235,INNJOY,30,12,18,20,10
11236,INNOVATIONS HIGH SCHOOL,13,7,6,2,11
11237,INNOVATIVE CUISINE SERVICES,5,2,3,3,2
11238,INO'S PIZZERIA INCORPORATED,9,4,5,4,5
11239,INO'S TACOS,9,5,4,2,7
11240,INOKO SUSHI,5,2,3,5,0
11241,INS MARKET,15,6,9,8,7
11242,INS WACKER-101 N WACKER,3,1,2,2,1
11243,INSOMNIA  COOKIES,2,1,1,2,0
11244,INSOMNIA COOKIES,48,15,33,32,16
11245,INSPIRATION CORPORATION,31,10,21,11,20
11246,INSPIRATION KITCHENS UPTOWN,11,5,6,4,7
11247,INSPIRED CATERING & EVENTS,13,3,10,3,10
11248,"INSPIRED MINDS DAYCARE LTD.,",4,1,3,2,2
11249,INSTACART,3,2,1,0,3
11250,INSTITUTE OF POSITIVE EDUCATION,16,5,11,7,9
11251,INSTITUTO HEALTH SCIENCES,6,1,5,4,2
11252,INSTITUTO JUSTICE AND LEADERSHIP ACADEMY,6,1,5,3,3
11253,INTELLIGENTSIA,15,4,11,9,6
11254,INTELLIGENTSIA COFFEE & TEA,5,2,3,3,2
11255,INTELLIGENTSIA COFFEE & TEA INC,17,9,8,8,9
11256,INTELLIGENTSIA COFFEE & TEA INC.,20,7,13,11,9
11257,"INTELLIGENTSIA COFFEE & TEA, INC",2,0,2,1,1
11258,"INTELLIGENTSIA COFFEE & TEA, INC.",11,4,7,5,6
11259,INTELLIGENTSIA COFFEE AND TEA,23,7,16,11,12
11260,INTERCONTINENTAL CHICAGO,9,5,4,3,6
11261,INTERCONTINENTAL HOTEL CHICAGO,46,24,22,13,33
11262,INTERCULTURAL MONTESSORI FOREIGN LANGUAGE IMMERSIO,2,1,1,0,2
11263,INTERCULTURAL MONTESSORI LANGUAGE SCHOOL,27,14,13,6,21
11264,INTERNATIONAL BAKERY,4,2,2,2,2
11265,INTERNATIONAL FOODS NW INC,11,3,8,4,7
11266,INTERNATIONAL GRILL,21,6,15,8,13
11267,INTERNATIONAL HOUSE OF PANCAKE,3,1,2,2,1
11268,INTERNATIONAL HOUSE OF PANCAKES,43,18,25,16,27
11269,INTERNATIONAL LATIN FUSION,6,2,4,4,2
11270,INTERNATIONAL NEWS,2,0,2,1,1
11271,INTERNATIONAL NURSING & REHAB CENTER,15,6,9,6,9
11272,INTERNATIONAL SANDWICH SHOP 2,10,2,8,5,5
11273,INTERNATIONAL SUPERMARKET INC,27,15,12,12,15
11274,INTERNATIONAL SUPPLY MART,3,0,3,2,1
11275,INTERNATIONAL VILLAGE,4,1,3,2,2
11276,INTERNET CAFE,2,0,2,2,0
11277,INTERSECT COFFEE,4,0,4,3,1
11278,INTERURBAN,5,5,0,2,3
11279,INTERURBAN CAFE & PASTRY SHOP,10,2,8,4,6
11280,"INTERWEST CHICAGO HOTEL,LLC",11,2,9,6,5
11281,INTRINSIC CHARTER SCHOOL,13,7,6,5,8
11282,INTRINSIC SCHOOLS,7,3,4,4,3
11283,INTRO,6,3,3,3,3
11284,IO THEATER,8,3,5,3,5
11285,IONA'S BEVERLY HILLS CAFE,10,5,5,4,6
11286,IPSENTO,12,4,8,6,6
11287,IPSENTO COFFEE,7,1,6,6,1
11288,IRAMEX PRODUCE LLC,2,1,1,1,1
11289,IRAQI KABAB HOUSE,4,1,3,3,1
11290,IRAZU,4,1,3,2,2
11291,IRAZU INC,25,14,11,11,14
11292,IRELAND'S,7,3,4,3,4
11293,IRIE BAR & GRILLE,3,1,2,2,1
11294,IRIE ISLAND,14,5,9,9,5
11295,IRIE JERK #2,2,0,2,2,0
11296,IRIE JERK EXPRESS,5,2,3,5,0
11297,IRIE TAVERN,9,3,6,7,2
11298,IRISH AMERICAN HERITAGE CENTER,20,8,12,11,9
11299,IRON AGE CHICAGO,12,6,6,7,5
11300,IRON HORSE ALE HOUSE,18,6,12,12,6
11301,IRON LOTUS,6,1,5,4,2
11302,IRONSIDE BAR AND GALLEY,9,5,4,4,5
11303,IRVING & CLARK MOBIL,5,2,3,3,2
11304,"IRVING HALL, INC.",11,2,9,10,1
11305,IRVING PARK CITGO,2,2,0,0,2
11306,IRVING PARK EARLY LEARNING CNT,20,9,11,5,15
11307,IRVING PARK INFANT TODDLER CENTER,16,5,11,4,12
11308,"IRVING PARK KKC, INC",14,6,8,5,9
11309,IRVING PARK LANES,2,1,1,1,1
11310,IRVING PARK MOBIL,2,0,2,1,1
11311,IRVING PULASKI SHELL,5,2,3,2,3
11312,IRVING PULASKI SHELL STATION,2,1,1,1,1
11313,IRVING SACRAMENTO,7,3,4,1,6
11314,"IRVING SHELL GAS AND FOOD, INC.",3,2,1,2,1
11315,ISABEL'S RESTAURANT,4,2,2,2,2
11316,ISABELLA'S BAKERY,16,5,11,9,7
11317,ISHTAR  MARKET,3,0,3,2,1
11318,ISHTAR MARKET,10,2,8,6,4
11319,ISHTER MARKET,3,2,1,2,1
11320,ISKCON-INTERNATIONAL SOCIETY FOR KRISHNA CONSCIOUSNESS,16,7,9,8,8
11321,ISLA PILIPINA RESTAURANT,20,6,14,14,6
11322,ISLA TROPICAL,19,7,12,11,8
11323,ISLA'S MARIAS,6,2,4,2,4
11324,ISLAND CAFE SALAD & JUICE BAR,3,2,1,2,1
11325,ISLAND FISH & CHICKEN,14,3,11,7,7
11326,ISLAND FISH AND CHICKEN,4,2,2,2,2
11327,ISLAND KITCHEN,4,1,3,2,2
11328,ISLAND PARTY HUT,11,3,8,6,5
11329,ISLAND VIBES,5,0,5,3,2
11330,ISLANDS CAFE CO.,2,2,0,1,1
11331,ISLAS MARIAS COM,4,1,3,2,2
11332,ISLE OF SICILY,7,2,5,4,3
11333,"ISMAIL GROCERY & BAKERY, INC.",5,2,3,3,2
11334,ISSA STORE INC,6,1,5,3,3
11335,ISSHIN,7,3,4,6,1
11336,ISTANBUL BAKERY & FAST FOOD,2,1,1,1,1
11337,ISTANBUL GRILL,5,2,3,3,2
11338,ISTANBUL RESTAURANT,7,1,6,4,3
11339,"ISTRIA CAFE, LLC",8,2,6,5,3
11340,IT TAKES A VILLAGE,21,11,10,8,13
11341,IT TAKES A VILLAGE AT RIVER CITY,22,4,18,11,11
11342,"IT TAKES A VILLAGE CHILD CARE SERVICES, INCORPORAT",18,11,7,4,14
11343,IT TAKES A VILLAGE CHRISTIAN ACADEMY,9,4,5,4,5
11344,IT'S A GOOD FEELING,2,1,1,1,1
11345,IT'S GREEK 2 U GRILL,11,3,8,7,4
11346,IT'SUGAR,6,1,5,3,3
11347,ITACATE,4,1,3,3,1
11348,ITALIAN EXPRESS,12,4,8,4,8
11349,ITALIAN EXPRESS HALAL,13,5,8,5,8
11350,ITALIAN EXPRESS RESTAURANT,5,3,2,2,3
11351,ITALIAN FIESTA PIZZERIA,12,6,6,4,8
11352,ITALIAN FIESTA PIZZERIA INC,13,2,11,4,9
11353,"ITALIAN FIESTA PIZZERIA, INC",60,24,36,17,43
11354,ITALIAN HOMEMADE COMPANY,2,2,0,2,0
11355,ITALIAN PIZZA HOUSE,10,4,6,5,5
11356,ITALIAN PIZZA KITCHEN,2,1,1,1,1
11357,ITALIAN SUPERIOR BAKERY,3,2,1,1,2
11358,"ITALIAN VILLAGE RESTAURANT, INC.",23,12,11,9,14
11359,ITALYSTREAT,4,2,2,1,3
11360,ITSUGAR,2,1,1,1,1
11361,ITSY BITSY PEOPLE PALACE II,7,0,7,4,3
11362,ITSY BITSY PEOPLE PALACE III,6,3,3,3,3
11363,ITSY BITSY PLAY AND CAFE,3,1,2,1,2
11364,ITTO ENTERPRISES INC,7,3,4,3,4
11365,ITW DAVID SPEER ACADEMY,4,1,3,2,2
11366,IVONE'S HAIR SALON,4,1,3,2,2
11367,IVY GARDEN COMMUNITY CENTER,8,2,6,0,8
11368,IVY GARDEN EARLY LEARNING CENTER,24,11,13,10,14
11369,IVY GARDEN LEARNING CENTER,12,4,8,3,9
11370,IVY GARDEN LEARNING CENTER LLC HALSTED,10,3,7,4,6
11371,IVY HOTEL,20,4,16,13,7
11372,IVY KIDS EARLY LEARNING INC,5,1,4,3,2
11373,"IVY'S BURGERS, HOT DOGS AND FRIES",13,7,6,7,6
11374,IX-CHEL I DREAM IN COLOR FROSEN DELIGHTS,4,2,2,0,4
11375,IXCATECO GRILL,10,2,8,6,4
11376,IYANNA'S,3,0,3,2,1
11377,IYANZE,57,24,33,31,26
11378,IYANZE BRONZE,8,2,6,6,2
11379,IZAKAYA MITA,16,6,10,10,6
11380,IZAKAYA YUME,11,2,9,7,4
11381,IZALCO RESTAURANT,19,8,11,8,11
11382,IZOLA WHITE,3,0,3,2,1
11383,IZTATL COCINA MEXICANA,4,3,1,1,3
11384,IZUMI SUSHI BAR & RESTAURANT,4,2,2,2,2
11385,IZZY'S STOP N SHOP,4,2,2,2,2
11386,Ichiban Sushi Cafe,9,4,5,5,4
11387,Iguana Cafe,14,7,7,4,10
11388,Independence Tap,5,0,5,3,2
11389,Inn at LIncoln Park,4,2,2,2,2
11390,Instituto Del Progresso,8,5,3,4,4
11391,Inter-American,23,7,16,10,13
11392,Irene C. Hernandez Middle School,17,6,11,4,13
11393,Irene's,7,1,6,3,4
11394,Irish American Heritage Center-Golden Diner,8,6,2,3,5
11395,Irving Park Community Food Pantry,3,0,3,2,1
11396,Issha Grocery And Liquors,2,1,1,0,2
11397,Italian Pizza Kitchen,10,5,5,6,4
11398,Itoko / GG'S Chicken Shop / Little Goat Diner,6,2,4,2,4
11399,J & A CONVENIENT STORE,2,1,1,0,2
11400,"J & A GRILL, INC",5,1,4,3,2
11401,J & A LIQUORS INC,2,0,2,2,0
11402,J & A ORIENTAL FOOD MART,20,9,11,7,13
11403,J & B GYROS,15,4,11,8,7
11404,J & B GYROS # 4,7,2,5,6,1
11405,J & B LIQUORS INC,6,2,4,4,2
11406,J & C FINER FOOD INC,3,1,2,2,1
11407,J & C FOOD MARKET INC,14,5,9,2,12
11408,"J & C/El Senor Sombrero, Inc.",17,5,12,7,10
11409,J & D DELI MARKET,3,2,1,2,1
11410,J & E RESTAURANT GROUP LLC,5,2,3,4,1
11411,J & H FOOD MART PLUS,3,0,3,2,1
11412,J & H Food & Liquor,3,2,1,1,2
11413,J & J EUROPEAN DELI,10,6,4,5,5
11414,J & J FAST FOOD,10,2,8,6,4
11415,J & J FISH,165,70,95,66,99
11416,J & J FISH & CHICKEN,69,20,49,35,34
11417,J & J FISH AND CHICKEN,15,8,7,6,9
11418,J & J FOOD,10,5,5,7,3
11419,J & J FRUIT MARKET,7,3,4,3,4
11420,"J & J LEE CHOP SUEY, INC.",11,2,9,7,4
11421,J & J LOUNG & BANQUET HALL INC,8,2,6,4,4
11422,J & J MEAT CO,2,1,1,2,0
11423,J & K CATERING,4,2,2,2,2
11424,"J & K DOLLAR STORE, INC.",4,0,4,3,1
11425,J & K FOOD & LIQUOR,2,1,1,0,2
11426,"J & L FOOD MART, INC",6,3,3,3,3
11427,J & N GRILLE,2,0,2,2,0
11428,J & N INC,22,6,16,9,13
11429,J & R COCKTAIL LOUNGE,2,1,1,1,1
11430,J & R LIQUOR & FOOD,2,0,2,1,1
11431,"J & R SEAFOOD, INC.",7,2,5,5,2
11432,J & T AMOCO,2,1,1,1,1
11433,J & W Food and Liquors,3,0,3,3,0
11434,J & W JAMAICAN JERK RESTAURANT,6,3,3,4,2
11435,J + L FAMILY LEARNING DAYCARE CENTER,15,7,8,8,7
11436,J AND J FISH AND CHICKEN,2,0,2,1,1
11437,J AND L FAMILY LEARNING CENTER 2,7,3,4,2,5
11438,J AND L FOOD SERVICE,16,9,7,6,10
11439,J AND P FINER FOODS,4,3,1,0,4
11440,J BAR LOUNGE,4,2,2,2,2
11441,J FRESHMART,13,1,12,10,3
11442,J GROCERIES,3,2,1,2,1
11443,J J  FISH  &  CHICKEN,7,2,5,4,3
11444,J J  FISH & CHICKEN,3,1,2,1,2
11445,J J & ATOMIC SUB,8,4,4,2,6
11446,J J FISH,11,6,5,7,4
11447,J J FISH & CHICKEN,41,11,30,26,15
11448,J J FISH& CHICKEN,2,0,2,1,1
11449,"J J GONZALEZ, INC",3,2,1,1,2
11450,J J GRILL,2,0,2,1,1
11451,J J MINI STORE,17,10,7,5,12
11452,J J PEPPERS FOOD STORE,8,3,5,4,4
11453,J J'S TOP DOG,9,2,7,6,3
11454,J K & S FOOD & LIQUOR,3,1,2,1,2
11455,J K KABAB HOUSE,15,6,9,8,7
11456,"J M J MOBIL, INC.",3,1,2,2,1
11457,J MART PLUS INC.,2,1,1,1,1
11458,J SMILE 51,3,1,2,1,2
11459,J STORY,5,2,3,3,2
11460,J TAMALITO,2,1,1,2,0
11461,J V ENTERPRISES INC,11,2,9,6,5
11462,J&J FISH & CHICKEN,16,10,6,4,12
11463,"J&K FAST FOOD GROUP, INC",9,2,7,8,1
11464,J&R LIQUOR & FOOD,2,1,1,2,0
11465,J'S CORNER HOT DOG,11,6,5,3,8
11466,J'S VITAMINS & MORE,2,1,1,1,1
11467,J.  WELLINGTON'S,2,0,2,1,1
11468,J. ALEXANDER'S,8,4,4,4,4
11469,J. J. GYROS,4,1,3,2,2
11470,J. L. LOUNGE,5,2,3,4,1
11471,J. PATRICK'S,13,8,5,6,7
11472,J. ROCCO ITALIAN TABLE & BAR,7,2,5,4,3
11473,J.B. GEE'S,4,1,3,3,1
11474,J.D. CONGRESS,9,3,6,6,3
11475,"J.D.Y., INC.",2,1,1,1,1
11476,"J.FC JERK AND FRIED CHICKEN,G",5,2,3,3,2
11477,J.J BRAIN'S,3,0,3,2,1
11478,J.J. FOOD MART,9,2,7,6,3
11479,J.J. PEPPERS,4,0,4,3,1
11480,J.J. PEPPERS FOOD,6,1,5,2,4
11481,J.J. PEPPERS FOOD STORE #1,3,2,1,2,1
11482,J.J. PEPPERS FOOD STORE #20,5,3,2,1,4
11483,J.J. PEPPERS FOOD STORE-18AA,3,3,0,0,3
11484,J.J. SAUSAGE MAXWELL STREET,2,1,1,1,1
11485,J.P. GRAZIANO GROCERY CO INC.,14,8,6,3,11
11486,J.P.E. DAY CARE CENTER,15,7,8,9,6
11487,J.S. LIQUORS,2,0,2,2,0
11488,J.T.'S GENUINE SANDWICH,6,2,4,2,4
11489,J9 WINE BAR,10,0,10,7,3
11490,JA FOOD & GROCERY,4,2,2,4,0
11491,JA GRILL HYDE PARK,21,7,14,12,9
11492,JA' GRILL,14,8,6,9,5
11493,JA' S JERK CHICKEN,2,0,2,1,1
11494,JA'GRILL,6,2,4,2,4
11495,JA-B'S,5,1,4,3,2
11496,JAAFER SWEETS,11,2,9,5,6
11497,JABON  MARAVILLOSO,3,1,2,2,1
11498,JABRO'S ITALIAN ICE CORNER,2,1,1,1,1
11499,JABROS ITALIAN ICE CORNER,3,1,2,2,1
11500,JACK 'S HOT DOG,13,4,9,4,9
11501,JACK AND GINGERS,14,2,12,8,6
11502,JACK' S FAMOUS WINGS,13,6,7,5,8
11503,JACK'S,5,1,4,4,1
11504,JACK'S BURGER,6,3,3,3,3
11505,JACK'S FISH  CHICKEN & MORE,11,2,9,7,4
11506,JACK'S FORK IN THE ROAD,5,3,2,1,4
11507,JACK'S LOUNGE,2,1,1,1,1
11508,JACK'S ON HALSTED,17,5,12,9,8
11509,JACK'S WINGS,4,1,3,3,1
11510,JACKALOPE COFFEE & TEA HOUSE,13,8,5,3,10
11511,JACKHAMMER,3,1,2,2,1
11512,JACKIE FOOD,3,1,2,2,1
11513,JACKIE ROBINSON ELEMENTARY,18,7,11,5,13
11514,JACKIE'S MEXICAN CUISINE,6,2,4,5,1
11515,JACKS  FAMOUS  WINGS,4,0,4,4,0
11516,JACKS COTTAGE GROVE MINI MART INC.,3,1,2,2,1
11517,JACKS FAMOUS WINGS AND SANDWICHES,2,0,2,2,0
11518,JACKS WICKER PARK,6,3,3,5,1
11519,JACKSON FISH & CHICKEN,6,1,5,4,2
11520,JACKSON PARK GOLF COURSE,5,3,2,3,2
11521,JACKSON PARK HOSPITAL,31,18,13,13,18
11522,"JACKSON PARK SLF, LLC",8,4,4,4,4
11523,"JACKSON PARK SUPPORTIVE LIVING FACILITY, LLC.",12,3,9,7,5
11524,JACKSON SQUARE  NURSING & REHABILITATION CENTER,6,0,6,2,4
11525,"JACKSON SUPER DISCOUNT,INC.",2,0,2,1,1
11526,JACKSON TAVERN,12,5,7,6,6
11527,"JACKY SHOP 4 LESS, INC.",2,1,1,1,1
11528,JACKYS HOT DOGS,21,9,12,7,14
11529,JACOB BEIDLER ELEMENTARY SCHOOL,25,13,12,11,14
11530,"JACOB ONE STOP SHOP, INC",4,1,3,3,1
11531,JAD FAST FOOD,6,2,4,2,4
11532,JADE COURT,5,3,2,0,5
11533,JADE COURT CHINESE RESTAURANT,6,0,6,4,2
11534,JADE EAST RESTAURANT,8,4,4,4,4
11535,JADE PALACE,21,9,12,12,9
11536,JADE PALACE RESTAURANT,7,3,4,2,5
11537,JAFFA BAGEL,20,8,12,13,7
11538,JAFFA BAGELS,21,12,9,12,9
11539,JAFFA BAKERY,37,15,22,21,16
11540,JAFFRA FOOD MART,2,0,2,1,1
11541,JAGODINKA BAKERY & CAFE INC.,7,3,4,1,6
11542,JAH KNOW GRAB-N-GO,2,1,1,1,1
11543,"JAI SHREE JALARAM, INC",2,0,2,1,1
11544,JAI YEN,21,6,15,13,8
11545,JAI YEN ON BROADWAY,10,3,7,6,4
11546,JAIHIND FOODS,7,3,4,4,3
11547,JAIMITOS BURRITOS,24,12,12,10,14
11548,JAIPUR,20,8,12,10,10
11549,JAIYEN II,19,6,13,7,12
11550,JAKE MELNICK'S CORNER TAP,18,8,10,7,11
11551,JAKE'S PUB,3,1,2,2,1
11552,JAKE'S PUP IN THE RUF INC,31,15,16,16,15
11553,JALABLUEPRINT3,2,0,2,1,1
11554,JALAPENO GRILL,5,2,3,2,3
11555,JALARAM NEWSSTAND INC.,2,1,1,1,1
11556,JALEO,7,5,2,2,5
11557,JALISCO IMPORTS INC.,2,2,0,0,2
11558,JALISCO PRODUCTS & SPICES CORP.,3,1,2,2,1
11559,JALISCO RESTAURANT,13,4,9,9,4
11560,JAM,20,8,12,8,12
11561,JAM N' HONEY,25,6,19,17,8
11562,JAM ROCK JERK INC,9,2,7,7,2
11563,JAMAICA FOOD & LIQUOR INC,15,2,13,8,7
11564,JAMAICA ISLAND JERK CHICKEN,19,5,14,9,10
11565,JAMAICA ISLAND JERK CHICKEN INCORPORATED,6,2,4,2,4
11566,JAMAICA JERK,7,3,4,3,4
11567,JAMAICA JERK CHOICE,7,1,6,6,1
11568,"JAMAICA JERK SPICE, INC",24,10,14,8,16
11569,JAMAICA JERK VILLA,49,20,29,26,23
11570,JAMAICAN  GATES,27,3,24,19,8
11571,JAMAICAN GATES,8,3,5,4,4
11572,JAMAICAN JERK CHICKEN,6,4,2,2,4
11573,JAMAICAN JERK KING INC.,7,3,4,5,2
11574,JAMAICAN JERK KING RESTAURANT INC,6,1,5,4,2
11575,JAMAICAN JERK PALACE,7,4,3,3,4
11576,JAMAICAN ME HUNGRY,5,2,3,3,2
11577,JAMAICAN TROPICAL CUISINE,11,3,8,6,5
11578,JAMBA  JUICE  #481,5,1,4,4,1
11579,JAMBA JUICE,92,38,54,40,52
11580,JAMBA JUICE   #185,2,0,2,1,1
11581,JAMBA JUICE  #343,2,1,1,1,1
11582,JAMBA JUICE  #576,3,0,3,1,2
11583,JAMBA JUICE #189,7,5,2,2,5
11584,JAMBA JUICE #343,3,0,3,1,2
11585,JAMBA JUICE #586,4,1,3,2,2
11586,JAMBA JUICE #628,2,0,2,2,0
11587,JAMBA JUICE #629,2,1,1,2,0
11588,JAMBA JUICE #630,2,1,1,1,1
11589,JAMBA JUICE 189,4,1,3,2,2
11590,JAMBA JUICE 481,3,2,1,2,1
11591,JAMBA JUICE AND AUNTIE ANNE'S,3,0,3,1,2
11592,JAMBA JUICE COMPANY,11,4,7,6,5
11593,JAMES G.BLAINE ELEMENTARY SCHOOL,18,9,9,2,16
11594,JAMES HOTEL CHICAGO,18,8,10,11,7
11595,JAMES KITCHEN + BAR,2,0,2,1,1
11596,JAMES MONROE ELEMENTARY SCH.,18,12,6,6,12
11597,JAMES RUSSELL  LOWELL ELEMENTARY,19,9,10,7,12
11598,JAMES SHIELDS MIDDLE SCHOOL,17,2,15,6,11
11599,JAMES WELDON JOHNSON CPC,19,9,10,6,13
11600,JAMES WELDON JOHNSON SCHOOL,24,13,11,9,15
11601,JAMIESON ELEMENTARY,22,10,12,7,15
11602,JAMIL MINI MART INC.,2,1,1,1,1
11603,"JAMISON'S SOUL FOOD, LLC",10,6,4,2,8
11604,JAMMY BURGER,5,2,3,5,0
11605,JANE ADDAMS ELEMENTARY,20,11,9,7,13
11606,JANE ADDAMS HIGH SCHOOL,13,8,5,2,11
11607,JANE'S,13,6,7,6,7
11608,JANETS COMMUNITY DAYCARE INC.,7,4,3,3,4
11609,JANI  FISH & CHICKEN,3,2,1,3,0
11610,JANICE'S KITCHEN,2,1,1,1,1
11611,JANIK'S CAFE,18,10,8,1,17
11612,JANINA'S DELI,16,3,13,8,8
11613,JANITZIO BURRITOS Y TAGUERIA,11,4,7,4,7
11614,JANNIE CANDY LAND,2,1,1,1,1
11615,JANSON DRIVE- IN,3,0,3,2,1
11616,JANSON'S DRIVE IN,19,10,9,9,10
11617,JANSONS DRIVE IN,7,2,5,1,6
11618,JAPANESE AMERICAN SERVICE CENTER,15,6,9,3,12
11619,JAPONAIS,10,6,4,5,5
11620,JARABE,21,4,17,15,6
11621,"JARBYGS DALIKAN,",6,1,5,3,3
11622,JARDAN FOOD & LIQUOR,2,1,1,1,1
11623,JAREUN KRUNG,4,1,3,4,0
11624,JARVIS GRILL & WOK,2,1,1,1,1
11625,JARVIS GYROS,19,4,15,8,11
11626,JASMIN FOOD,3,1,2,2,1
11627,JASMINE RICE,17,8,9,3,14
11628,JASMINO FOOD MART INC.,3,0,3,2,1
11629,JASON'S DELI,46,25,21,14,32
11630,JAVA  THAI,14,5,9,7,7
11631,JAVA COAST,4,3,1,1,3
11632,JAVA N MUG,18,10,8,8,10
11633,JAY CANDY STORE,7,2,5,2,5
11634,JAY FOOD,4,1,3,2,2
11635,JAY GROCERY FOOD & TOBACCO,2,0,2,2,0
11636,JAY UMIYA INC.,2,0,2,1,1
11637,JAY'S BACKYARD BBQ,5,1,4,3,2
11638,"JAY'S BEEF OF CHICAGO, INC.",18,4,14,10,8
11639,JAY'S BUBBLE TEA,2,1,1,2,0
11640,JAY'S CHINESE KITCHEN,11,6,5,8,3
11641,JAY'S FOOD & LIQUOR INC,4,2,2,2,2
11642,JAY'S VENDER,3,0,3,2,1
11643,JAYAKA CORPORATION,4,0,4,3,1
11644,JAYDEN'S  LA  TIENDITA,6,4,2,4,2
11645,"JAYS FISH CHICKEN & SANDWICHES, INC.",4,0,4,4,0
11646,JAYS ON TAYLOR,2,1,1,1,1
11647,JAYS SNACK,4,2,2,2,2
11648,JAZMINE & NU-DLE,5,1,4,2,3
11649,JAZZY BEAN CAFE,7,2,5,4,3
11650,JB BRANDY'S,3,1,2,2,1
11651,JB QUICK STOP MART,2,0,2,1,1
11652,JB'S DELI INC.,23,6,17,14,9
11653,JC SANDWICHES,3,0,3,0,3
11654,JCYS IRIS & STEVEN PODOLSKY FAMILY CENTER,9,6,3,4,5
11655,JCYS LAKEVIEW FAMILY CENTER,8,2,6,3,5
11656,JCYS MICHAEL R. LUTZ FAMILY CENTER,10,3,7,4,6
11657,JD FOODS LLC,3,1,2,2,1
11658,JD'S Sausage,3,1,2,2,1
11659,JEAN'S CAFE & RESTAURANT,26,6,20,13,13
11660,JEANE KENNEY YMCA DAY CARE,18,5,13,8,10
11661,JEANNY'S GOURMET RESTAURANT,2,0,2,2,0
11662,JED'S FRUIT & VEGETABLE MRK,6,3,3,3,3
11663,JEFF FOOD & LIQUOR,7,5,2,4,3
11664,JEFF'S RED HOTS,20,9,11,6,14
11665,JEFFER FOOD MART,3,1,2,2,1
11666,JEFFER FOOD MART INC.,2,1,1,1,1
11667,"JEFFERSON PARK GRILL, INC",13,8,5,3,10
11668,JEFFERSON TAP AND GRILLE AND THE LOFT,16,9,7,5,11
11669,JEFFERY BIG MARKET INC.,7,1,6,3,4
11670,JEFFERY CHICKEN & SUB,4,1,3,2,2
11671,JEFFERY FOOD,2,0,2,1,1
11672,JEFFERY FOOD & TOBACCO,2,0,2,1,1
11673,JEFFERY PUB,2,0,2,2,0
11674,JEFFERY SUB,11,5,6,2,9
11675,JEFFREY FOOD MART,3,1,2,3,0
11676,JEHOVAS LUTHERAN CHURCH & SCHOOL,11,2,9,3,8
11677,"JELLY BEAN LEARNING CENTER III, INC",5,0,5,3,2
11678,JELLY FISH,15,4,11,10,5
11679,JELLYBEAN LEARNING CENTER,24,6,18,14,10
11680,JELLYBEAN LEARNING CENTER ACADEMY II,6,2,4,2,4
11681,JELLYBEAN LEARNING CENTER IV,10,3,7,4,6
11682,"JELLYBEAN LEARNING CENTER V, INC.",13,4,9,8,5
11683,JELLYBEAN LEARNING CENTER VI,29,14,15,13,16
11684,JENI'S ICE CREAM,2,0,2,1,1
11685,JENI'S ILLINOIS LLC,4,0,4,2,2
11686,JENI'S SPLENDID ICE CREAMS,33,7,26,14,19
11687,"JENI'S SPLENDID ICE CREAMS, LLC",7,2,5,3,4
11688,JENIN FOOD INC,3,1,2,2,1
11689,JENKINS INSTITUTE OF LOVE,20,8,12,5,15
11690,JENNI FOOD,3,2,1,2,1
11691,JENNIFER,2,0,2,1,1
11692,JENNIVEE'S BAKERY,10,1,9,4,6
11693,JENNIVEE'S BAKERY & CAFE,2,1,1,1,1
11694,JENNY CRAIG #217,2,1,1,1,1
11695,JENNY CRAIG WEIGHT LOSS CENTER,6,1,5,3,3
11696,"JENNY'S FOOD MARKET, INC.",5,2,3,4,1
11697,JENNY'S GOURMET RESTAURANT,4,2,2,2,2
11698,JEONG,9,0,9,7,2
11699,JERAN DAY SCHOOL,3,0,3,3,0
11700,JERAN DAY SCHOOL + LEARNING CENTER,3,0,3,1,2
11701,JEREZ RESTAURANT SEA FOOD,22,7,15,9,13
11702,JEREZ SPORT BAR AND GRILL,9,4,5,6,3
11703,JERI'S GRILL,11,6,5,2,9
11704,JERK,16,7,9,6,10
11705,JERK & SOUL FOOD LLC,8,4,4,5,3
11706,JERK 48,11,2,9,7,4
11707,JERK 48 BEVERLY,4,2,2,2,2
11708,JERK 48 EAST INC.,3,1,2,3,0
11709,JERK 48 WEST LLC,6,1,5,3,3
11710,JERK CITY,7,1,6,5,2
11711,JERK CRAVES,4,0,4,4,0
11712,JERK FACTORY,4,0,4,3,1
11713,JERK IT IZ,9,0,9,5,4
11714,JERK KITCHEN,14,6,8,7,7
11715,JERK MAN,11,3,8,7,4
11716,JERK N GO CHICAGO INC.,2,0,2,1,1
11717,JERK PALACE HUB,8,3,5,6,2
11718,JERK PARADISE GRILLE,4,0,4,3,1
11719,JERK PITA,3,0,3,3,0
11720,JERK SHOP,2,0,2,1,1
11721,JERK STOP,10,5,5,7,3
11722,JERK TACO MAN,53,15,38,34,19
11723,JERK TACO MAN 1,16,3,13,11,5
11724,JERK TACO MAN JAMICAN  JERK SHACK,7,2,5,4,3
11725,JERK UR SOUL RESTAURANT,6,0,6,5,1
11726,JERK VALLEY,5,0,5,5,0
11727,JERK VILLA BAR & GRILL,3,0,3,3,0
11728,JERKY JERK,11,3,8,7,4
11729,JERKY JERK RARE,13,6,7,9,4
11730,JERRY FOOD MART,4,1,3,2,2
11731,JERRY'S,16,1,15,9,7
11732,JERRY'S CERTIFIED FOOD,2,0,2,2,0
11733,JERRY'S FOOD MART,2,0,2,2,0
11734,JERRY'S SANDWICHES,40,19,21,19,21
11735,JERSEY MIKE'S,34,13,21,11,23
11736,JERSEY MIKE'S SUBS,72,31,41,36,36
11737,JERSEY MIKES,19,4,15,12,7
11738,JERSEY MIKES SUBS,5,2,3,2,3
11739,JERSEY MIKES SUBS OLD TOWN,3,1,2,2,1
11740,JERUSALEM #1 FOOD INC.,2,1,1,1,1
11741,JERUSALEM DISCOUNT PLUS INC.,3,0,3,2,1
11742,JERUSALEM FOOD MART,2,1,1,1,1
11743,JERUSALEM GRILL,3,0,3,1,2
11744,"JERUSALEM GRILL, INC",6,2,4,4,2
11745,JERUSALEM LIQUORS,5,4,1,2,3
11746,"JERUSALEM MINI MART, INC.",2,1,1,1,1
11747,JERUSALEM SUPERMARKET INC,3,1,2,2,1
11748,JESS CAFE,17,8,9,4,13
11749,JESS CAFE BELMONT,3,1,2,3,0
11750,JESSCAFE,8,2,6,5,3
11751,JESSE SCOTT,3,0,3,3,0
11752,"JESSE TACOS RESTAURANT, INC.",5,2,3,1,4
11753,JESSE'S MEAT MARKET,9,2,7,6,3
11754,"JESSE'S MEAT MARKET, INC.",3,0,3,3,0
11755,JESSE'S MEXICAN GRILL,26,8,18,15,11
11756,JESSE'S PLACE,10,4,6,5,5
11757,JESSE'S PLACE RESTAURANT,3,1,2,1,2
11758,JESSICA ASHLEY,3,2,1,1,2
11759,JESSICA'S BAKERY NO 2 INC,9,1,8,3,6
11760,"JESSICA'S BAKERY, INC.",11,7,4,6,5
11761,"JESSIE GROCERY,INC.",3,2,1,2,1
11762,JESSIE OWENS COMMUNITY ACADEMY NORTH CAMPUS,16,7,9,6,10
11763,JESSIE'S PLACE FAST FOOD,5,3,2,1,4
11764,"JESUS & PETRA ARANDA, INC",7,2,5,3,4
11765,JESUS PEOPLE USA FGM,19,7,12,9,10
11766,JET STAR FOOD MART,7,1,6,3,4
11767,JET STAR FOODS,6,2,4,4,2
11768,JET'S PIZZA,56,14,42,35,21
11769,"JET'S PIZZA ILLINOIS #21, LLC",10,5,5,7,3
11770,JET'S PIZZA-IL24,7,2,5,4,3
11771,JET'S PUBLIC HOUSE,20,6,14,9,11
11772,JETBOX WITH DUNKIN DONUTS,6,0,6,5,1
11773,JETS PIZZA,39,11,28,24,15
11774,JETS PIZZA IL030,2,1,1,1,1
11775,JEWEL EVENTS CATERING,10,3,7,6,4
11776,JEWEL FOOD  STORE # 3345,59,32,27,14,45
11777,JEWEL FOOD STORE,91,33,58,37,54
11778,JEWEL FOOD STORE #0901,23,7,16,9,14
11779,JEWEL FOOD STORE #2500,25,6,19,13,12
11780,JEWEL FOOD STORE #2502,15,4,11,8,7
11781,JEWEL FOOD STORE #2602,21,13,8,6,15
11782,JEWEL FOOD STORE #3030,51,25,26,16,35
11783,JEWEL FOOD STORE #3057,4,3,1,1,3
11784,JEWEL FOOD STORE #3082,11,4,7,5,6
11785,JEWEL FOOD STORE #3092,37,17,20,12,25
11786,JEWEL FOOD STORE #3114,19,11,8,4,15
11787,JEWEL FOOD STORE #3139,3,1,2,1,2
11788,JEWEL FOOD STORE #3170,20,7,13,7,13
11789,JEWEL FOOD STORE #3176,26,11,15,11,15
11790,JEWEL FOOD STORE #3181,39,18,21,15,24
11791,JEWEL FOOD STORE #3210,14,9,5,4,10
11792,JEWEL FOOD STORE #3224,24,12,12,5,19
11793,JEWEL FOOD STORE #3234,22,8,14,9,13
11794,JEWEL FOOD STORE #3241,41,22,19,13,28
11795,JEWEL FOOD STORE #3262,26,9,17,9,17
11796,JEWEL FOOD STORE #3282,25,7,18,12,13
11797,JEWEL FOOD STORE #3296,33,15,18,17,16
11798,JEWEL FOOD STORE #3344,41,16,25,16,25
11799,JEWEL FOOD STORE #3349,19,9,10,7,12
11800,JEWEL FOOD STORE #3368,38,15,23,17,21
11801,JEWEL FOOD STORE #3376,32,18,14,10,22
11802,JEWEL FOOD STORE #3407,35,13,22,15,20
11803,JEWEL FOOD STORE #3441,22,7,15,9,13
11804,JEWEL FOOD STORE #3442,27,11,16,9,18
11805,JEWEL FOOD STORE #3443,38,11,27,19,19
11806,JEWEL FOOD STORE #3454,22,11,11,7,15
11807,JEWEL FOOD STORE #3455,30,11,19,16,14
11808,JEWEL FOOD STORE #3470,25,6,19,10,15
11809,JEWEL FOOD STORE #3477,21,8,13,8,13
11810,JEWEL FOOD STORE #3514,25,10,15,10,15
11811,JEWEL FOOD STORE #3721,23,8,15,8,15
11812,JEWEL FOOD STORE #4043,40,13,27,15,25
11813,JEWEL FOOD STORE#3632,18,5,13,10,8
11814,JEWEL-OSCO #3632,11,3,8,4,7
11815,JEWELL @ 131,11,6,5,4,7
11816,JEWELL AT 777,9,3,6,6,3
11817,JEWELL AT CHEZ,2,0,2,0,2
11818,JEWELL EVENTS CATERING,30,11,19,14,16
11819,JEWISH COMMUNITY CENTER,2,1,1,1,1
11820,JEWISH COUNCIL FOR YOUTH,5,1,4,3,2
11821,JFMC FACILITIES CORPORATION,13,9,4,3,10
11822,JIA'S ORENTAL CORP,6,5,1,3,3
11823,JIAN,7,3,4,5,2
11824,JIANG NIU BBQ HOUSE,5,0,5,4,1
11825,JIANG'S KITCHEN INC.,16,8,8,8,8
11826,JIANGS CHINA BUFFET,3,1,2,2,1
11827,JIAO,11,4,7,10,1
11828,JIAS LLC,2,1,1,2,0
11829,JIBARITO'S Y MAS,16,4,12,10,6
11830,JIBARITO'S Y MAS SOUTH SIDE,3,1,2,2,1
11831,JIBARITOS LINCOLN PARK,6,2,4,4,2
11832,JIBARITOS ON HARLEM,16,3,13,7,9
11833,JIBARITOS Y MAS DINE IN,5,2,3,3,2
11834,JIBARO'S SBG,7,2,5,3,4
11835,JIBEK JOLU,25,14,11,19,6
11836,JIE SNACK HOUSE INC.,4,1,3,4,0
11837,JIEYI SUSHI,14,6,8,9,5
11838,JILLY'S BISTRO,4,3,1,1,3
11839,JIM NOODLE & RICE,11,5,6,4,7
11840,JIM'S ORIGINAL,25,11,14,8,17
11841,JIM'S ORIGINAL CHICAGO,5,3,2,2,3
11842,JIMENEZ FRESH MARKET,14,6,8,9,5
11843,"JIMENEZ RESTAURANT, INCORPORATED",22,5,17,16,6
11844,JIMMIE'S POPPING POPCORN INC.,4,1,3,2,2
11845,JIMMY,5,4,1,2,3
11846,"JIMMY BEANS, A LOGAN SQUARE ROASTER",4,3,1,2,2
11847,JIMMY BUFFETT'S MARGARITAVILLE,11,5,6,6,5
11848,JIMMY BUFFETT'S MARGARITAVILLE BAR & GRILL,23,9,14,11,12
11849,JIMMY FIGS,4,1,3,2,2
11850,JIMMY FOOD & TOBACCO,6,1,5,4,2
11851,JIMMY FOODS,3,1,2,2,1
11852,JIMMY G'S,37,17,20,17,20
11853,JIMMY GREEN'S,17,8,9,4,13
11854,JIMMY JAMM SWEET POTATO PIES ETC,11,7,4,6,5
11855,JIMMY JOHN OF CHICAGO,14,6,8,7,7
11856,JIMMY JOHN'S,238,87,151,121,117
11857,JIMMY JOHN'S #1073,7,2,5,5,2
11858,JIMMY JOHN'S #717,10,6,4,3,7
11859,JIMMY JOHN'S - LASALLE,8,3,5,3,5
11860,JIMMY JOHN'S - MICHIGAN,18,9,9,5,13
11861,JIMMY JOHN'S - TAYLOR,12,3,9,3,9
11862,JIMMY JOHN'S - VAN BUREN,9,2,7,5,4
11863,JIMMY JOHN'S - WASHINGTON,17,9,8,5,12
11864,JIMMY JOHN'S 3106,9,4,5,3,6
11865,JIMMY JOHN'S CLARK,17,9,8,9,8
11866,JIMMY JOHN'S GOURMET SANDWICH,8,3,5,5,3
11867,JIMMY JOHN'S GOURMET SUBS,8,3,5,4,4
11868,JIMMY JOHN'S HYDE PARK,4,1,3,2,2
11869,JIMMY JOHN'S OHIO,9,5,4,2,7
11870,JIMMY JOHN'S SANDWICH SHOP,19,7,12,11,8
11871,JIMMY JOHN'S STORE # 722,8,3,5,4,4
11872,JIMMY JOHN'S STORE #850,8,3,5,5,3
11873,JIMMY JOHN'S- STATE,19,6,13,9,10
11874,JIMMY JOHN'S-CANAL,6,3,3,2,4
11875,JIMMY JOHN'S-JACKSON,14,5,9,5,9
11876,JIMMY JOHNS,262,111,151,114,148
11877,JIMMY JOHNS 561,6,1,5,2,4
11878,JIMMY JOHNS GOURMET SANDWICHES,35,14,21,22,13
11879,JIMMY JOHNS SANDWICH SHOP,16,8,8,6,10
11880,JIMMY JOHNS SANDWICH SHOPS,87,32,55,40,47
11881,JIMMY JOHNS SANDWICHES,6,1,5,5,1
11882,JIMMY MACK'S,6,2,4,4,2
11883,JIMMY T'S FAST FOOD,4,0,4,2,2
11884,JIMMY'S BEEF,4,2,2,2,2
11885,JIMMY'S BEST,4,1,3,2,2
11886,JIMMY'S BEST FISH & CHICKEN,5,0,5,3,2
11887,JIMMY'S BEST FISH AND CHICKEN INC.,12,4,8,10,2
11888,"JIMMY'S FAMILY FOOD, INC",3,1,2,3,0
11889,JIMMY'S FAMOUS BURGERS,10,4,6,2,8
11890,JIMMY'S FAMOUS BURGERS & WINGS,4,1,3,2,2
11891,JIMMY'S FOOD,9,3,6,7,2
11892,JIMMY'S FOOD & DELI,6,4,2,2,4
11893,"JIMMY'S FOOD & DELI,INC",10,4,6,7,3
11894,JIMMY'S FOOD MART,7,1,6,7,0
11895,JIMMY'S FOOD ON 43RD ST,3,1,2,2,1
11896,JIMMY'S FRY HOUSE,2,1,1,1,1
11897,JIMMY'S GYROS & GRILL,5,1,4,1,4
11898,JIMMY'S HOT DOGS,2,0,2,2,0
11899,JIMMY'S LUNCH BOX,4,1,3,3,1
11900,JIMMY'S MART,4,1,3,2,2
11901,"JIMMY'S MINI MART,INC.",2,0,2,2,0
11902,JIMMY'S PIZZA CAFE,6,3,3,4,2
11903,JIMMY'S PIZZERIA AND CAFE,14,5,9,9,5
11904,JIMMY'S RICE,2,1,1,1,1
11905,JIMMY'S SANDWICH SHOP,19,12,7,5,14
11906,JIMMYS,11,1,10,7,4
11907,JIMMYS BEST,12,5,7,9,3
11908,JIMMYS BEST MIXED GRILL,13,5,8,7,6
11909,JIMMYS BEST SEAFOOD MARKET,2,1,1,2,0
11910,JIMMYS FOODS INC.,2,0,2,1,1
11911,JIMS ORIGINAL J TOWN,11,4,7,8,3
11912,JIN CAFE,4,2,2,2,2
11913,JIN JIN CHINA BUFFET,14,10,4,4,10
11914,JIN JU,25,7,18,14,11
11915,JIN THAI CUISINE,23,9,14,10,13
11916,JINHAN IMPORT INC,2,0,2,1,1
11917,JINN'S FRESH,13,6,7,7,6
11918,JINYA RAMEN BAR,14,5,9,9,5
11919,JJ BURGER,5,3,2,3,2
11920,JJ FISH,36,16,20,16,20
11921,JJ FISH & CHICKEN,45,15,30,21,24
11922,JJ FISH & CHICKEN SOUTH CHICAGO,11,2,9,5,6
11923,JJ FISH & GROCERY INC.,9,4,5,6,3
11924,JJ FISH CHICKEN & MOMO'S STEAK,7,2,5,4,3
11925,JJ FISH CHICKEN AND MORE,2,0,2,2,0
11926,JJ FISH CHICKEN FIRE/BABA'S GRILL & SEAFOOD MART,4,1,3,3,1
11927,JJ FISH ON 66TH & HALSTED INC,2,1,1,1,1
11928,JJ FISH SEA FOOD MARKET,2,0,2,1,1
11929,JJ FISH STATE INC.,4,1,3,2,2
11930,JJ FISH/CHICKEN & MOMO'S STEAK,4,1,3,2,2
11931,"JJ FOOD MART , INC",2,0,2,1,1
11932,JJ FOOD TOBACCO AND PHONES INC.,4,0,4,3,1
11933,JJ PEPPERS FOOD STORE,19,7,12,11,8
11934,JJ THAI STREET FOOD,9,6,3,5,4
11935,JJ'S GRILL,8,1,7,5,3
11936,JJ'S GYROS,7,3,4,4,3
11937,JKP FOOD MART,7,2,5,5,2
11938,JKP FOOD MART INC.,3,1,2,2,1
11939,JM SEAFOOD RESTAURANT,4,2,2,2,2
11940,JMJ CHOICE,9,3,6,4,5
11941,JNB SUB,9,1,8,5,4
11942,JO & GAR INC,4,1,3,2,2
11943,JO JO FOOD MART,3,1,2,1,2
11944,JO SNOW,2,1,1,2,0
11945,"JO'S GROCERY, INC.",3,1,2,2,1
11946,JO'S HALLMARK,2,1,1,1,1
11947,JO-ZO'S PIZZA + GRINDERS,3,1,2,1,2
11948,JOAN DACHS BAIS,12,6,6,5,7
11949,JOBA FOODS & BAKERY,2,1,1,1,1
11950,JODIDAMENTE DELICIOSO,2,1,1,1,1
11951,JOE & FRANK'S MARKET,13,7,6,5,8
11952,JOE & THE JUICE,6,3,3,4,2
11953,JOE & THE JUICE EAST HURON,6,1,5,5,1
11954,"JOE & THE JUICE ILLINOIS, LLC",5,3,2,3,2
11955,JOE & THE JUICE NEW YORK LLC,7,2,5,4,3
11956,JOE & THE JUICE NORTH WELLS,11,2,9,9,2
11957,JOE AND DOUGH INC.,3,2,1,2,1
11958,JOE FINER FOODS INCORPORATED,2,1,1,1,1
11959,JOE FISH,4,1,3,3,1
11960,"JOE ON THE GO, LTD",2,1,1,2,0
11961,JOE WILLIE'S,9,1,8,5,4
11962,JOE WILLIE'S SEAFOOD,2,1,1,1,1
11963,JOE'S  JJJ  DAWG  RANCH,3,0,3,2,1
11964,JOE'S & KEN'S II,19,8,11,7,12
11965,JOE'S BAR,20,7,13,10,10
11966,JOE'S BARBECUE & FISH # 2,3,1,2,2,1
11967,JOE'S BARBEQ AND FISH #1,7,3,4,5,2
11968,JOE'S BARBEQUE & FISH #2,2,0,2,1,1
11969,"JOE'S BARBQUE, INC",43,11,32,25,18
11970,JOE'S BREAKFAST & GRILL,19,4,15,12,7
11971,JOE'S BREAKFAST AND GRILL,9,4,5,4,5
11972,JOE'S CARNICERIA INC.,9,2,7,7,2
11973,JOE'S CHICKEN,10,4,6,6,4
11974,JOE'S CLUB CASH & CARRY INC.,4,1,3,3,1
11975,JOE'S CLUB INC.,2,1,1,1,1
11976,JOE'S FOOD & LIQUOR,15,5,10,8,7
11977,JOE'S FOOD AND LIQUOR,2,1,1,2,0
11978,JOE'S FOOD MARKET,6,0,6,2,4
11979,JOE'S FOOD MART,5,3,2,1,4
11980,JOE'S FOODS,2,1,1,2,0
11981,JOE'S GRILL,28,13,15,6,22
11982,JOE'S GRILL FISH & CHICKEN,2,0,2,1,1
11983,JOE'S IMPORTS,5,2,3,2,3
11984,JOE'S LIQUOR STORE,2,1,1,1,1
11985,"JOE'S MART, INC.",2,0,2,1,1
11986,JOE'S PIZZA,4,0,4,2,2
11987,JOE'S PIZZA INC,20,5,15,11,9
11988,JOE'S POBOY,6,3,3,2,4
11989,"JOE'S SEAFOOD, PRIME STEAK",16,6,10,8,8
11990,JOE'S SHRIMP HOUSE & GRILL,16,9,7,6,10
11991,JOE'S SWEETS & BAKERY,2,0,2,2,0
11992,JOE'S WHOLESALE,2,0,2,2,0
11993,JOE'S WINE CELLAR,10,6,4,3,7
11994,JOE'S WINGS & THINGS,2,1,1,1,1
11995,JOEL'S TACOS,5,0,5,4,1
11996,"JOEY FOOD GROUP, INC.",3,0,3,2,1
11997,JOEY G'S MAC AND CHEESE,8,1,7,4,4
11998,JOEY'S G'S MAC AND CHEESE,9,5,4,6,3
11999,JOEY'S RED HOTS,10,5,5,5,5
12000,JOEY'S SHRIMP HOUSE,14,6,8,6,8
12001,JOEY'S SODA AND SNACKS LLC,3,1,2,2,1
12002,JOHN + PAT ANDERSON'S CAFE,2,1,1,1,1
12003,JOHN AUDUBON ELEMENTARY SCHOOL,16,8,8,2,14
12004,JOHN B. DRAKE ELEMENTARY,11,2,9,0,11
12005,JOHN BARLEYCORN,7,3,4,3,4
12006,JOHN BARLEYCORN MEMORIAL PUB,23,10,13,10,13
12007,JOHN C. BURROUGHS ELEMENTARY,21,9,12,6,15
12008,JOHN C. HAINES ELEMENTARY SCHOOL,17,7,10,2,15
12009,JOHN COONLEY ELEMENTARY SCHOOL,16,7,9,3,13
12010,JOHN E'S,3,1,2,2,1
12011,JOHN FOOD MART,3,0,3,2,1
12012,JOHN FOOD MART PLUS,3,1,2,1,2
12013,JOHN HANCOCK OBSERVATORY,6,1,5,3,3
12014,JOHN HOPE COLLEGE PREP SCHOOL,17,9,8,8,9
12015,JOHN LIQUORS,3,0,3,2,1
12016,JOHN MARSHALL HIGH SCHOOL,21,5,16,12,9
12017,JOHN MILTON GREGORY,20,9,11,6,14
12018,JOHN PTICEK,9,3,6,4,5
12019,JOHN SCHALLER,11,3,8,4,7
12020,JOHN SPRY COMMUNITY SCHOOL,19,6,13,6,13
12021,JOHN VELIOTIS SR.,3,0,3,1,2
12022,JOHN'S DRIVE IN,5,0,5,4,1
12023,"JOHN'S GAR HOT DOGS, INC.",8,6,2,2,6
12024,JOHN'S LIQUOR & DELI,8,4,4,4,4
12025,JOHN'S LIVE POULTRY,20,7,13,10,10
12026,"JOHN'S MARKET, LTD.",6,5,1,1,5
12027,JOHN'S PLACE,24,9,15,14,10
12028,JOHN'S POULTRY MARKET,2,2,0,1,1
12029,JOHN'S RESTAURANT,4,0,4,3,1
12030,JOHNNA CAFE,15,4,11,12,3
12031,JOHNNIE'S PIZZA,3,1,2,2,1
12032,JOHNNIES SNACK SHOP,21,6,15,10,11
12033,JOHNNY BROWN BAG,15,4,11,8,7
12034,JOHNNY CASSEROLE,6,1,5,3,3
12035,JOHNNY O' HAGAN'S,10,7,3,5,5
12036,JOHNNY O'S,10,6,4,6,4
12037,JOHNNY ROCKETS,17,7,10,7,10
12038,JOHNNY'S BEEF & GYROS,15,7,8,5,10
12039,JOHNNY'S FOOD STORE,4,0,4,3,1
12040,JOHNNY'S FOODS,7,1,6,3,4
12041,JOHNNY'S GRILL,5,2,3,2,3
12042,JOHNNY'S GRILL I,8,1,7,5,3
12043,JOHNNY'S HOT DOG EXPRESS,11,4,7,3,8
12044,JOHNNY'S ICE HOUSE,18,9,9,7,11
12045,JOHNNY'S STATE ST. GRILL,4,2,2,0,4
12046,JOHNS PIZZERIA,5,5,0,1,4
12047,JOHNSON COLLEGE PREP,5,1,4,3,2
12048,JOHNSON'S REAL ICE CREAM,4,2,2,4,0
12049,JOIE DE VINE,14,4,10,8,6
12050,JOJI GYROS,17,8,9,8,9
12051,JOJI MANAGEMENT,5,1,4,3,2
12052,JOJIGYROS786 INC,8,1,7,6,2
12053,JOJO FOOD MARKET,3,0,3,2,1
12054,"JOJO FOOD MART, INC.",2,1,1,1,1
12055,JOJO GYROS,5,2,3,5,0
12056,JOJO ONE STOP,5,1,4,5,0
12057,JOJO'S MILK BAR,13,3,10,7,6
12058,JOJO'S RESTAURANT INC,5,2,3,3,2
12059,JOJO'S SHAKE BAR,2,1,1,2,0
12060,JOKER'S CAJUN KITCHEN,8,2,6,2,6
12061,JOKER'S CAJUN SMOKEHOUSE,4,2,2,1,3
12062,"JOLA & HETMAN DELI, LTD.",21,9,12,11,10
12063,JOLANTA'S INTERNATIONAL DELI,7,3,4,3,4
12064,JOLLIBEE,8,3,5,6,2
12065,JOLLY FUN HOUSE PLAYSCHOOLS,18,13,5,4,14
12066,JOLLY INN RESTAURANT,19,6,13,7,12
12067,JOLLY PUMPKIN PIZZERIA & BREWERY,6,2,4,2,4
12068,JOLLY TROLLEY ACADEMY INC.,7,3,4,2,5
12069,JONA',8,2,6,5,3
12070,"JONES ACADEMY, INCORPORATED",15,8,7,5,10
12071,JONES FOOD MART,5,1,4,3,2
12072,JONG RO,18,7,11,9,9
12073,JONNIE 'S EXPRESS GRILL,5,2,3,3,2
12074,JONY'S TACOS,2,0,2,1,1
12075,JOOK SING,4,2,2,1,3
12076,JOONG BOO MARKET,24,9,15,5,19
12077,"JOONY MART , INC.",4,1,3,1,3
12078,JOPLIN ELEMENTARY SCHOOL,25,11,14,11,14
12079,JORDAN DISCOUNT,5,0,5,2,3
12080,JORDAN FIRST MINI MART INC,3,1,2,1,2
12081,JORDAN FOOD,3,0,3,2,1
12082,JORDAN FOOD & LIQUOR,2,1,1,0,2
12083,JORDAN GROCERY,2,1,1,1,1
12084,JORDAN HEAVEN FISH & CHICKEN,4,1,3,3,1
12085,JORDAN HEAVEN FOOD,4,3,1,3,1
12086,JORDAN J & J,3,1,2,1,2
12087,JORDAN MINI MART #2 INC.,3,2,1,2,1
12088,JORDAN STEAK AND LEMONADE,3,0,3,3,0
12089,JORDAN VALLEY,21,5,16,12,9
12090,"JORDAN'S FOOD OF DISTINCTION, INC",24,10,14,13,11
12091,JORDAN'S GYROS,2,1,1,1,1
12092,JORDAN'S TOBACCO,3,0,3,2,1
12093,JORDYN'S HIBACHI & PIZZERIA,4,1,3,4,0
12094,JORDYN'S SOUL CAFE INC.,6,4,2,2,4
12095,JORGE'S PLACE,2,0,2,1,1
12096,JOSE M,4,2,2,3,1
12097,JOSE NIETO BUSTAMANTE,2,1,1,1,1
12098,JOSE R. ANGULO,2,1,1,1,1
12099,JOSEFINA'S BAKERY,8,1,7,5,3
12100,JOSEFINA'S NUTRITION,4,1,3,2,2
12101,JOSEPH  GARY SCHOOL,22,10,12,10,12
12102,JOSEPH  GARY SCHOOL/MODULAR/ANNEX,20,9,11,9,11
12103,JOSEPH BRENNEMANN ELEMENTARY SCHOOL,22,9,13,9,13
12104,JOSEPH FOOD MART,2,0,2,1,1
12105,JOSEPH KELLMAN COMMUNITY SCHOOL,15,7,8,6,9
12106,JOSEPH STOCKTON ELEMENTARY SCHOOL,6,3,3,2,4
12107,JOSEPH WARREN ELEMENTARY,23,8,15,11,12
12108,JOSEPH'S RESTAURANT AND BAR,19,13,6,8,11
12109,JOSEPHINE'S COOKIN',36,12,24,20,16
12110,JOSEPHINUM ACADEMY,14,5,9,4,10
12111,JOSEPHS FINEST MEATS INC,14,8,6,2,12
12112,JOSHUA GROCERY INC.,3,1,2,2,1
12113,JOSHUA JOHNSTON,9,3,6,4,5
12114,JOSI'S FROZEN YOGURT CAFE,10,3,7,5,5
12115,JOURNEY INTO FITNESS,3,0,3,2,1
12116,"JOVA COFFEE COMPANY, PBC (COMPANY)",2,2,0,0,2
12117,JOVIAL CLUB,15,3,12,6,9
12118,JOY AND JAMES CAFE,14,5,9,7,7
12119,JOY CAFE,3,1,2,1,2
12120,JOY DISTRICT,13,3,10,9,4
12121,JOY DISTRICT CHICAGO,2,1,1,1,1
12122,"JOY FISH, INC.",11,2,9,6,5
12123,JOY MINI MART,3,1,2,2,1
12124,JOY PLACE INC,7,2,5,5,2
12125,JOY THE PLANT BASED PLACE,3,2,1,2,1
12126,JOY YEE NOODLE,26,14,12,10,16
12127,JOY YEE NOODLE ROSCOE,4,2,2,2,2
12128,JOY YEE NOODLE SHOP,32,13,19,12,20
12129,JOY YEE PLUS,18,8,10,7,11
12130,JOY'S NOODLES & RICE,4,1,3,1,3
12131,JOYE CHOP SUEY,13,5,8,7,6
12132,JOYFUL BEGINNINGS  INC.,23,6,17,12,11
12133,JOYFUL NOISE CHRISTIAN DAY CARE,2,1,1,1,1
12134,JOYFUL NOISE CHRISTIAN DAYCARE,22,10,12,9,13
12135,JOYFUL STEPS LEARNING CENTER LLC,8,3,5,4,4
12136,JOYS,21,9,12,11,10
12137,JOYS SEAFOOD & STEAK MARKET INC,4,1,3,3,1
12138,JP BURKE'S PATIO & TAP,9,4,5,6,3
12139,JR DESSERT BAKERY,18,8,10,5,13
12140,JR J J FISH-CHICKEN & MORE,4,2,2,2,2
12141,JR NUTRITION,2,1,1,2,0
12142,JR'S BURRITOS SHACK,6,2,4,3,3
12143,JR'S CARRIBBEAN FLAVOR INC,2,1,1,2,0
12144,JR'S JAMAICAN TROPICAL CAFE,25,6,19,12,13
12145,JR'S PIZZA,3,1,2,2,1
12146,JR'S RED HOTS,12,5,7,4,8
12147,JRD ACADEMY,18,7,11,5,13
12148,JS MARTINEZ CORPORATION,5,2,3,3,2
12149,JTA SCHOOLS,13,4,9,7,6
12150,"JTL FOOD MART,INC.",3,1,2,2,1
12151,JUAN A MUNOZ,3,1,2,2,1
12152,JUAN TERE GROCERY,2,0,2,1,1
12153,JUANES PLACE,2,1,1,1,1
12154,JUANITA PRODUCE AND RESTAURANT,2,1,1,2,0
12155,JUANITA'S MEXICAN FOOD,18,14,4,6,12
12156,JUANITA'S NUTRICION,4,1,3,3,1
12157,JUANITA'S PUERTO RICAN COUSINO,4,2,2,2,2
12158,JUANITA'S RESTAURANT #2,7,4,3,5,2
12159,JUAREZ (H/S),8,4,4,3,5
12160,JUBBA RESTAURANT INC.,18,6,12,9,9
12161,JUBILEE JUICE AND GRILL,23,8,15,15,8
12162,JUBRANOS,12,4,8,3,9
12163,JUDAH FOUNDATION COMMUNITY SCHOOL,10,7,3,5,5
12164,JUDAH NORTH,12,3,9,7,5
12165,"JUDES MINI MART,LLC",3,1,2,2,1
12166,JUDI'S SPORTS BAR & GRILL,16,7,9,7,9
12167,JUDY'S,8,3,5,5,3
12168,JUE WEI YA BA WANG INC.,11,4,7,7,4
12169,JUGULANDIA LA CHILANGA,5,3,2,2,3
12170,JUICE BAR,8,2,6,2,6
12171,JUICE BAR ROGERS PARK INC,4,1,3,3,1
12172,JUICE HOUSE,2,0,2,1,1
12173,JUICEEZ,2,1,1,2,0
12174,JUICERX,16,8,8,6,10
12175,JUICY ORANGE,2,1,1,0,2
12176,"JUJU MINI MART, INC",2,0,2,1,1
12177,JUKE JOYNT,3,1,2,1,2
12178,JULES CAFE,2,0,2,2,0
12179,JULIA'S  L'AFRIQ CUIZINE,2,0,2,1,1
12180,"JULIA'S CAFE, INC.",2,0,2,0,2
12181,JULIA'S SOUTH SIDE SHRIMP,8,2,6,4,4
12182,JULIANA,13,1,12,6,7
12183,JULIANA RESTAURANT,13,2,11,9,4
12184,JULIE'S COFFEE HOUSE,2,0,2,1,1
12185,JULIUS MEINL,62,24,38,30,32
12186,JULIUS-MEINL,6,1,5,5,1
12187,JULYANA FOOD MART,3,1,2,2,1
12188,JUMPING JIMS JUICE LLC,2,1,1,2,0
12189,JUMPSTART EARLY LEARNING ACADEMY,7,3,4,6,1
12190,JUNEBUG CAFE,14,3,11,9,5
12191,JUNGMAN ELEMENTARY,20,7,13,8,12
12192,JUNIE'S GOOD EATS,3,2,1,1,2
12193,JUNIOR CHEFS KITCHEN,5,1,4,3,2
12194,JUNIOR ICE CREAM,2,1,1,1,1
12195,JUNIOR'S SPORTS LOUNGE,4,1,3,3,1
12196,JUNO,16,6,10,10,6
12197,JUPITER COFFEE,11,5,6,7,4
12198,JURASSIC GRILL,2,1,1,1,1
12199,JURY'S,5,2,3,1,4
12200,JUS CHICK-HEN 11806189,5,2,3,3,2
12201,JUS GAGA,5,0,5,3,2
12202,JUS JUUS INC,2,1,1,1,1
12203,JUS SANDWICHES,3,2,1,1,2
12204,JUST A PIZZA PLUS INC,19,7,12,9,10
12205,"JUST GRAPES, LLC.",3,1,2,1,2
12206,JUST IN TIME GROUP CORP,3,3,0,2,1
12207,JUST INDULGE,2,1,1,1,1
12208,JUST JERK CAFE,18,5,13,11,7
12209,JUST JIM'S,3,1,2,2,1
12210,JUST LIKE HOME CHILD CARE CENTER INC.,9,4,5,4,5
12211,"JUST LIKE HOME, BALDWIN DAY CARE",15,8,7,5,10
12212,"JUST LIKE HOME, BALDWIN INC.",5,1,4,3,2
12213,JUST PIZZA EXPRESS INC.,2,1,1,2,0
12214,JUST SALAD,58,20,38,24,34
12215,JUST SALADS ILLINOIS CENTER LLC,8,5,3,2,6
12216,JUST SHRIMP FC MALL,3,1,2,2,1
12217,JUST TACOS TAQUERIA,4,0,4,2,2
12218,JUST TURKEY,24,7,17,14,10
12219,JUST TURKEY GRILL,8,4,4,6,2
12220,JUST TURKEY RESTAURANT,47,11,36,23,24
12221,JUSTICE OF THE PIES,3,0,3,2,1
12222,JUSTIN'S,8,3,5,5,3
12223,JUSTINE FOOD MART,3,2,1,3,0
12224,JUSTINE GROCERY INC,2,0,2,1,1
12225,JW MARRIOTT HOTEL CHICAGO,34,15,19,13,21
12226,Jaks Tap,15,6,9,7,8
12227,Jason Wok,24,10,14,9,15
12228,Jason's Wok,3,0,3,1,2
12229,Jeni's Ice Cream,3,1,2,2,1
12230,Jeni's Splendid Ice Creams,3,2,1,2,1
12231,Jenna Food & Liquor,5,2,3,3,2
12232,Jenner Academy,16,8,8,4,12
12233,Jensen,19,11,8,5,14
12234,Jeran Day School,7,0,7,2,5
12235,Jerry's Sandwiches,3,1,2,2,1
12236,Jimmie Gs on kedzie,4,1,3,4,0
12237,Jimmy John's,2,1,1,1,1
12238,Jimmy Johns,54,18,36,29,25
12239,Jitlada Thai House Restaurant,11,4,7,6,5
12240,John Garvy Elementary School,25,9,16,14,11
12241,John L. Marsh Elementary,23,11,12,9,14
12242,John Murphy Elementary,19,8,11,4,15
12243,John's Pizzeria,23,7,16,13,10
12244,Johnnie Blue,14,5,9,7,7
12245,Johnny O'Hagan's,3,0,3,3,0
12246,Jollibee,12,4,8,6,6
12247,Jones Academy High School,24,9,15,5,19
12248,Jordan Elementary School,23,10,13,8,15
12249,Jorge Prieto,21,11,10,8,13
12250,Josephine Locke Elementary School,18,7,11,4,14
12251,Joyner CPC,3,2,1,1,2
12252,"Jubilee Coffee, Inc / DBA Dunkin' Donuts",5,3,2,2,3
12253,Judson & Moore Tavern,6,2,4,3,3
12254,Julian  (H/S),26,15,11,12,14
12255,Just Like U Like It Gourmet Cheesecake & Catering,2,0,2,2,0
12256,Just Salad Store #46,6,1,5,2,4
12257,K & B FUEL,5,3,2,2,3
12258,"K & D CONVENIENCE STORE, LLC",3,0,3,2,1
12259,K & G FOOD MART INC,6,1,5,4,2
12260,"K & G GOURMET, L.L.C.",2,1,1,0,2
12261,K & G SUPERMARKET,3,2,1,1,2
12262,K & H LOUNGE INC,2,1,1,1,1
12263,K & H SUPER STEAK HOAGIE,5,2,3,2,3
12264,"K & H SUPER STEAK, INC.",2,1,1,1,1
12265,K & H SUPER-STEAK-HOAGIE,2,0,2,2,0
12266,K & K FOOD & LIQUOR,6,3,3,2,4
12267,K & K JUICE BAR,5,2,3,3,2
12268,K & L CORNER,4,0,4,3,1
12269,"K & M GROCERY, INC.",6,1,5,3,3
12270,"K & M KWIK STOP, INC.",3,1,2,2,1
12271,K & M PRODUCES MARKET,3,0,3,2,1
12272,K & M QUICK MART,6,4,2,3,3
12273,K & R FOODSERVICE,2,1,1,0,2
12274,K & S FOOD #1,2,0,2,1,1
12275,K & S PHARMACY INC.,2,0,2,2,0
12276,K BUENA,15,6,9,6,9
12277,K DOLLAR STORE,2,1,1,1,1
12278,K FOOD & LIQUOR,11,5,6,6,5
12279,K G HALL,12,1,11,10,2
12280,K I AFRICAN RESTAURANT,10,3,7,8,2
12281,K INTERCONTINENTAL REAURANT / BAR INC,4,0,4,3,1
12282,K INTERCONTINENTAL RESTAURANT,11,3,8,6,5
12283,K R LOBBY SHOP,2,0,2,1,1
12284,K R M #1 INC,14,2,12,6,8
12285,"K TOWN FOOD I, INC",9,2,7,7,2
12286,"K&J LEE CHOP SUEY ON DIVERSEY, INC.",13,5,8,6,7
12287,K&R FOOD MART,3,1,2,2,1
12288,K'S DUGOUT,6,1,5,4,2
12289,K'S POPPIN GOURMET POPCORN LLC,2,1,1,0,2
12290,K'TRINA GROCERY INC.,2,0,2,1,1
12291,K-BUENA SUPER MARKET INC,5,2,3,4,1
12292,K-KITCHEN,17,6,11,7,10
12293,K-STREET 312 INC.,3,0,3,3,0
12294,K.C. HOAGIE SHOP,7,2,5,5,2
12295,K.K CONVENIENCE STORE,4,2,2,2,2
12296,"K4M, INC.",3,2,1,2,1
12297,KA CAFE,2,1,1,1,1
12298,KAATHIS,8,1,7,6,2
12299,KABAB 2,3,0,3,3,0
12300,KABAB CUISINE 2,4,2,2,2,2
12301,KABAB GRILL,5,1,4,4,1
12302,KABAB GRILL INC.,12,2,10,5,7
12303,"KABAB HOUSE, INC",13,5,8,5,8
12304,KABAB KING GRILL,2,1,1,1,1
12305,KABABISH BBQ & GRILL,8,1,7,6,2
12306,KABOB,5,2,3,4,1
12307,KABOB EXPRESS,3,1,2,2,1
12308,KABOB KAFE INC,3,2,1,2,1
12309,KABOB KING GRILL,9,1,8,4,5
12310,KABOB TENUR,7,3,4,2,5
12311,KABOBCHI,10,3,7,5,5
12312,KABOBI,23,3,20,17,6
12313,KABOCHA,5,3,2,3,2
12314,KABUKI RESTAURANT,19,7,12,12,7
12315,KABUL HOUSE EXPRESS,8,0,8,6,2
12316,KABUL NAAN,2,1,1,1,1
12317,KAFE KELLOGG,3,0,3,1,2
12318,KAFECITO,11,5,6,4,7
12319,KAFECITO LLC,2,1,1,1,1
12320,KAFENIO,24,6,18,12,12
12321,KAI SUSHI,38,13,25,21,17
12322,KAI ZAN,24,10,14,14,10
12323,KAISER TIGER,21,6,15,9,12
12324,KAISHING RESTAURANT,4,1,3,1,3
12325,KAIYO,3,2,1,2,1
12326,KAJIKEN,2,1,1,1,1
12327,KALA MODERN GREEK,6,2,4,3,3
12328,KALE MY NAME,9,2,7,4,5
12329,KALEIDOKIDS,9,3,6,2,7
12330,KALIFLOWER,4,0,4,3,1
12331,KALINA PRE-SCHOOL & KINDGARTEN,16,9,7,4,12
12332,KALISH,10,3,7,5,5
12333,KAM CHOP SUEY,12,10,2,3,9
12334,KAM FUNG RESTAURANT,20,7,13,11,9
12335,KAM ISAIAH ISRAEL CONGREGATION,5,1,4,2,3
12336,KAM KONG CAFE,6,1,5,2,4
12337,KAMA,3,1,2,2,1
12338,KAMAL CHEBLI,7,3,4,4,3
12339,KAMAYAN EXPRESS,6,1,5,5,1
12340,KAMDAR PLAZA INC,18,6,12,9,9
12341,KAMEHACHI,27,13,14,18,9
12342,KAMEHACHI  SUSHI CAFE,16,7,9,7,9
12343,KAMEHACHI OF TOKYO,4,2,2,2,2
12344,KAMEYA,11,5,6,6,5
12345,KAMEYA JAPANESE RESTAURANT,6,1,5,4,2
12346,KAMEYA RAMEN,11,5,6,8,3
12347,KAMP AROUND KIDS,2,1,1,1,1
12348,KAN ZAMAN RESTAURANT,11,4,7,5,6
12349,KANELA,23,10,13,13,10
12350,KANELA BREAKFAST CLUB,32,17,15,12,20
12351,KANELA CAFE,23,5,18,13,10
12352,KANELA II,18,10,8,7,11
12353,KANESHIE SUPERMARKET,6,1,5,4,2
12354,KANG NAM GALBI,3,0,3,2,1
12355,KANG NAM RESTAURANT,2,1,1,2,0
12356,"KANGROO KORNER LEARNING  CENTER AND NURSERY, INC.",15,5,10,3,12
12357,KANOK,6,2,4,5,1
12358,KANTI TOBACCO & GIFT INC,5,3,2,1,4
12359,KANTI TOBACCO & GIFTS INC,2,1,1,1,1
12360,"KANTI'S LIFESTYLES,  INC.",2,0,2,1,1
12361,KANYA LOUNGE,2,1,1,1,1
12362,KAPATID ORIENTAL STORE,6,1,5,4,2
12363,KAPEJ COFFEE,6,3,3,2,4
12364,KAPITAN,6,1,5,6,0
12365,KAPS FOODS,2,0,2,1,1
12366,KARACHI  GRILL,5,3,2,2,3
12367,KARACHI CHAAT HOUSE INC,6,2,4,5,1
12368,KARACHI CHAT HOUSE,20,11,9,16,4
12369,KARACHI CHAT HOUSE & GRILL,2,1,1,1,1
12370,"KARACHI GRILL2 INC.,",2,1,1,1,1
12371,KARAD DRUG COMPANY INC #10,3,2,1,2,1
12372,KARAHI CORNER,11,0,11,7,4
12373,KARAHI CORNER AND MORE,5,0,5,3,2
12374,KARAM  GRILL,3,1,2,2,1
12375,"KARAM'S FOOD MART, LLC",2,1,1,1,1
12376,"KARAMELA ,COFFEE SWEETS AND CREPES",2,0,2,1,1
12377,KARAN FOOD & LIQUOR,4,1,3,4,0
12378,KARAOKE RESTAURANT & BAR,16,5,11,11,5
12379,KARAVITES REST INC,27,9,18,7,20
12380,KARCZMA RESTAURANT,3,1,2,2,1
12381,KARE BEAR ACADEMY INC.,8,2,6,5,3
12382,KARE INC,3,1,2,0,3
12383,KAREEM MINI-MART,6,1,5,2,4
12384,KAREN'S CAKES AND COOKIES LOVERS,4,1,3,2,2
12385,KARLA'S KITCHEN,3,2,1,2,1
12386,KARLA'S KITCHEN INC.,4,2,2,2,2
12387,KARLOV GROCERY & TOBACCO,3,1,2,3,0
12388,KAROLINKA CLUB,17,10,7,6,11
12389,"KARYN'S COOKED, INC.",7,5,2,3,4
12390,KARYN'S FRESH CORNER,15,6,9,8,7
12391,KARYN'S ON GREEN,9,3,6,4,5
12392,KASAMA,8,2,6,3,5
12393,KASBAH RESTAURANT,8,3,5,6,2
12394,KASEY'S TAVERN,8,3,5,2,6
12395,KASIA'S,19,10,9,5,14
12396,KASMO FOOD & MEAT MART,3,1,2,2,1
12397,KATAKANA & FIESTA & KOKO GRILL,6,3,3,2,4
12398,KATANA,9,4,5,3,6
12399,KATE & JAN HOT DOGS,8,4,4,5,3
12400,"KATE & JAN, CORP.",5,2,3,2,3
12401,KATE'S THAI KITCHEN,3,1,2,1,2
12402,KATERINA'S STREET OF DREAMS,3,1,2,1,2
12403,KATHERINE ANNE CONFECTIONS,19,7,12,7,12
12404,KATHRYN'S SOUL,3,1,2,1,2
12405,KATHY DE'S,19,10,9,3,16
12406,KATIE LEE'S SOUL FOOD,3,1,2,2,1
12407,KATRACHA'S RESTAURANT,3,1,2,1,2
12408,KATSU ENTERPRISESES INC,6,1,5,5,1
12409,KATSU JAPANESE RESTAURANT,11,1,10,6,5
12410,KATTEN MUCHIN ROSENMAN,5,2,3,2,3
12411,KATTEN MUCHIN ZAVIS,8,5,3,1,7
12412,KAWA FOODS,5,0,5,2,3
12413,KAWA II JAPANESE RESTAURANT,6,2,4,3,3
12414,KAWAYAN LLC,16,2,14,8,8
12415,KAY SANG,6,2,4,4,2
12416,KAYBEE'S INDIAN FLAVOR,6,0,6,6,0
12417,KAYLA'S,2,1,1,2,0
12418,KAZE SUSHI & THAI,4,3,1,2,2
12419,"KAZIK BAKERY, INC.",6,1,5,2,4
12420,KAZIMIERZANKA,4,1,3,4,0
12421,KBM GRILL,3,0,3,2,1
12422,KC CHOCOLATIER,7,3,4,4,3
12423,KC TREATS,2,1,1,2,0
12424,KC'S ACADEMY OF EARLY CHILDHOOD,18,6,12,10,8
12425,"KC'S ACADEMY OF EARLY CHILDHOOD EDUCATION, INC",7,3,4,4,3
12426,"KC'S ACADEMY OF EARLY CHILDHOOD EDUCATION, INC.",6,1,5,4,2
12427,KCG OF CHICAGO UNION STATION,22,8,14,6,16
12428,KE TORTA,3,2,1,2,1
12429,KEAN BROS INC,3,1,2,2,1
12430,KEBAB GRILL,2,1,1,2,0
12431,KEDVALE FOOD INC.,5,1,4,3,2
12432,"KEDZIE & WILSON FOOD, INC.",3,1,2,2,1
12433,KEDZIE 56,2,1,1,1,1
12434,KEDZIE CONVENIENCE MART INC.,3,1,2,2,1
12435,KEDZIE DISCOUNT MART,2,1,1,1,1
12436,KEDZIE DISCOUNT PLUS,2,0,2,2,0
12437,"KEDZIE FOOD & DISCOUNT, INC.",2,1,1,1,1
12438,KEDZIE FOOD & MEAT,2,1,1,1,1
12439,KEDZIE FOOD & MINI MART INC,3,0,3,2,1
12440,"KEDZIE FOOD MART, INC.",7,3,4,1,6
12441,KEDZIE GAS,5,2,3,3,2
12442,"KEDZIE GROCERY, INC.",3,1,2,2,1
12443,KEDZIE LIQUOR,2,1,1,1,1
12444,KEDZIE MINI HUT HOLDINGS LLC,2,0,2,1,1
12445,KEDZIE SHELL,2,0,2,0,2
12446,KEEFER'S KAFFE,6,3,3,1,5
12447,KEEFER'S RESTAURANT,6,3,3,1,5
12448,KEELER FOOD,3,0,3,2,1
12449,"KEELER FOOD & CELLULAR,INC.",5,3,2,3,2
12450,KEELER FOOD & DELI,16,4,12,11,5
12451,KEELER FOOD MART INC,2,1,1,1,1
12452,KEELEY FOOD SERVICE,2,0,2,1,1
12453,KEENAN O'REILLY'S PUB,3,0,3,3,0
12454,KEEPER'S KIDS,13,6,7,4,9
12455,KEEPERS INSTITUTE FOR DEVELOPMENT AND SAFETY,7,0,7,4,3
12456,KEIS FOOD AND LIQUORS INC.,2,1,1,1,1
12457,KELLOGG ELEMENTARY SCHOOL,20,11,9,8,12
12458,KELLY'S CUBAN SANDWICH SHOP,4,3,1,3,1
12459,KELLY'S PUB,15,5,10,8,7
12460,KELVYN PARK SENIOR SATELLITE CENTER,16,6,10,3,13
12461,KEMIT ACADEMY INCORPORATED,6,2,4,2,4
12462,KEN FONG INC,4,2,2,2,2
12463,KEN KEE RESTAURANT,18,5,13,6,12
12464,KEN TONE'S DRIVE-IN,9,4,5,1,8
12465,KEN TONE'S DRIVE-IN SINCE 1968,7,2,5,2,5
12466,KEN'S,22,8,14,10,12
12467,KEN'S GREAT WALL,2,0,2,2,0
12468,KENDALL COLLEGE,52,26,26,23,29
12469,KENDALL'S,3,2,1,1,2
12470,KENDRA'S ROLL ICE CREAM,4,1,3,3,1
12471,KENETIC GROC.,3,1,2,2,1
12472,KENKEE RESTAURANT,7,1,6,1,6
12473,KENMARE CATERING AND EVENTS,7,1,6,4,3
12474,KENMORE PLAZA TENANT ASSOCIATION,2,1,1,2,0
12475,KENNEDY FISH & CHICKEN,27,15,12,8,19
12476,KENNEDY FISH CHICKEN AND GYROS,5,3,2,0,5
12477,KENNEDY HS,27,9,18,11,16
12478,KENNEDY KING COLLEGE,6,0,6,4,2
12479,KENNEDY SUB,10,1,9,5,5
12480,KENNY,2,0,2,2,0
12481,KENNY'S RIBS & DUSTIES EXPRESS,11,3,8,7,4
12482,KENNY'S RIBS 99TH ST INC,4,1,3,3,1
12483,KENNY'S TURKEY,4,2,2,3,1
12484,KENSINGTON GROCERY,3,1,2,2,1
12485,KENSINGTON PLACE NURSING AND REHABILITATION CENTER,20,6,14,10,10
12486,KENSINGTON SCHOOL OF LINCOLN PARK,2,0,2,1,1
12487,KENTUCKY FRIED CHICKEN,209,70,139,97,112
12488,KENTUCKY FRIED CHICKEN  #5286,12,3,9,4,8
12489,KENTUCKY FRIED CHICKEN #5287,10,4,6,3,7
12490,KENTUCKY FRIED CHICKEN #5288,7,1,6,2,5
12491,KENTUCKY FRIED CHICKEN #5289,9,3,6,6,3
12492,KENTUCKY FRIED CHICKEN #5290,17,3,14,6,11
12493,KENTUCKY FRIED CHICKEN 200 106,3,1,2,2,1
12494,KENTUCKY FRIED CHICKEN 200 122,5,1,4,3,2
12495,KENTUCKY FRIED CHICKEN 200-049,4,2,2,2,2
12496,KENTUCKY FRIED CHICKEN 521035,10,4,6,4,6
12497,KENTUCKY FRIED CHICKEN 521036,10,8,2,3,7
12498,KENTUCKY FRIED CHICKEN 521037,6,3,3,2,4
12499,KENTUCKY FRIED CHICKEN 521038,10,1,9,5,5
12500,KENTUCKY FRIED CHICKEN 521039,11,5,6,6,5
12501,KENTUCKY FRIED CHICKEN 521040,11,6,5,4,7
12502,KENTUCKY FRIED CHICKEN 521041,6,0,6,3,3
12503,KENTUCKY FRIED CHICKEN 521042,6,3,3,1,5
12504,KENTUCKY FRIED CHICKEN 521043,13,6,7,5,8
12505,KENTUCKY FRIED CHICKEN 521045,10,4,6,6,4
12506,KENTUCKY FRIED CHICKEN 521046,11,5,6,5,6
12507,KENTUCKY FRIED CHICKEN 521047,7,2,5,2,5
12508,KENTUCKY FRIED CHICKEN 521049,13,8,5,6,7
12509,KENTUCKY FRIED CHICKEN 521050,15,9,6,6,9
12510,KENTUCKY FRIED CHICKEN 521051,9,3,6,4,5
12511,KENTUCKY FRIED CHICKEN 521052,6,2,4,2,4
12512,KENTUCKY FRIED CHICKEN 521053,9,3,6,5,4
12513,KENTUCKY FRIED CHICKEN 521054,11,4,7,6,5
12514,KENTUCKY FRIED CHICKEN Y200207,2,0,2,2,0
12515,KENTUCKY FRIED CHICKEN/TACO BELL,20,6,14,13,7
12516,KENWOOD HEALTHCARE CENTER,2,1,1,1,1
12517,KENWOOD OF LAKE VIEW,10,5,5,4,6
12518,KENYATTA'S DAYCARE,23,12,11,8,15
12519,KENYATTA'S KITCHEN,3,0,3,2,1
12520,"KERASOTES SHOWPLACE THEATERS, LLC",15,6,9,8,7
12521,KERELYS,7,1,6,4,3
12522,KERELYS PIZZA LLC,5,3,2,1,4
12523,"KEREN KITCHEN, INC.",5,2,3,3,2
12524,KERFOOT FOOD & LIQUOR,5,1,4,3,2
12525,KERFOOT FOOD AND LIQUOR,5,3,2,4,1
12526,KERSHAW ELEMENTARY,17,5,12,4,13
12527,KESH FOODS,4,2,2,2,2
12528,KESHA'S PLACE,3,1,2,3,0
12529,"KEVIN GROCERY & LIQUOR, LTD.",4,2,2,2,2
12530,KEVIN'S FISH AND CHICKEN CONNECTION,5,2,3,3,2
12531,KEVIN'S HAMBURGER HEAVEN,40,14,26,12,28
12532,KEVINS HAMBURGER HAVEN ON WESTERN INC.,15,6,9,8,7
12533,KEXIN RESTAURANT,11,5,6,5,6
12534,KEY FOOD,3,1,2,2,1
12535,KEY FOOD LIQUOR,3,1,2,2,1
12536,KEY FOOD MARKET,2,0,2,1,1
12537,KEY FOODS CO,2,0,2,1,1
12538,KEYARRE'S,6,2,4,4,2
12539,KEYSTONE TOBACCO CORNER,2,1,1,1,1
12540,KFC,245,94,151,110,135
12541,KFC Y300080,7,1,6,3,4
12542,KFC-521051,5,2,3,2,3
12543,KFC/PIZZAHUT EXPRESS,5,2,3,2,3
12544,KFIRE,6,2,4,4,2
12545,KFIRE KOREAN BBQ,2,0,2,2,0
12546,"KHAJA NAWAZ INC.,",2,1,1,1,1
12547,KHALIL FOOD & LIQUOR,5,3,2,1,4
12548,KHAN BBQ RESTAURANT,37,9,28,23,14
12549,KHAN DOLLAR STATION,2,1,1,1,1
12550,KHAWAJA GHAREEB NAWAZ,2,0,2,2,0
12551,KHEPRI CAFE,8,3,5,6,2
12552,KHI'S GROCERY AND MINI MART,7,2,5,4,3
12553,KHLOE MINI MART,2,0,2,1,1
12554,KHO BO CHICAGO,2,2,0,1,1
12555,KHOSAN & TAYLOR,9,5,4,4,5
12556,KHYBER PASS,24,7,17,15,9
12557,KIBBITZNEST BOOKS & BREWS,9,2,7,4,5
12558,KICK,4,0,4,2,2
12559,KICKOFF SPORTS BAR,7,3,4,2,5
12560,"KID'Z COLONY DAYCARE, INC.",21,7,14,6,15
12561,KIDDIE ACADEMY OF CHICAGO-LINCOLN SQUARE,9,4,5,6,3
12562,KIDDIE ACADEMY OF LINCOLN PARK,2,0,2,1,1
12563,KIDDIE CASTLE,4,3,1,2,2
12564,KIDDIE CITY ACADEMY LLC,8,2,6,6,2
12565,KIDDIE CITY KOLLEGE ACADEMY LLC,7,2,5,6,1
12566,KIDDIE COLLEGE,19,11,8,6,13
12567,KIDDIE COLLEGE LEARNING CENTER II INC.,3,1,2,1,2
12568,KIDDIE COLLEGE LEARNING CENTER LLC,7,1,6,3,4
12569,KIDDIE CORNER NURSERY SCHOOL,2,0,2,2,0
12570,KIDDIE GARDEN LITTLE ANGELS,20,7,13,6,14
12571,KIDDIE KARE PRE SCHOOL,13,7,6,3,10
12572,KIDDIE KORRAL ACADEMY,13,6,7,3,10
12573,KIDDIE KOTTAGE,11,6,5,3,8
12574,KIDDIE STEPS 4 YOU LEARNING CENTER INC.,19,5,14,11,8
12575,KIDDIE TREASURE HOUSE,5,1,4,2,3
12576,"KIDDIE WORKS, INC. DAY CARE",4,2,2,2,2
12577,"KIDDIELAND EDUCATIONAL CENTER OF EXCELLENCE II, IN",9,4,5,2,7
12578,"KIDDIELAND EDUCATIONAL CENTER OF EXCELLENCE, INC.",18,8,10,6,12
12579,KIDDY COMFORT ZONE,9,0,9,7,2
12580,KIDDY KARE PRE SCHOOL INC,19,8,11,4,15
12581,KIDS & COMPANY,4,0,4,2,2
12582,KIDS + COMPANY,43,19,24,15,28
12583,KIDS + COMPANY CHICAGO,31,12,19,12,19
12584,KIDS ACADEMY EARLY CHILDHOOD  CENTER,6,3,3,2,4
12585,"KIDS ACADEMY, LLC",13,7,6,2,11
12586,KIDS ARE US LEARNING ACADEMY INC.,9,2,7,3,6
12587,KIDS ARE US LEARNING CENTER,19,9,10,6,13
12588,"KIDS CORNER ACADEMY, INC.",18,6,12,5,13
12589,KIDS COUNT TOO,2,1,1,2,0
12590,KIDS COUNT TOO BABYLAND,4,0,4,4,0
12591,KIDS COUNT TOO DAY CARE,2,1,1,1,1
12592,KIDS COUNT TOO DAYCARE,10,2,8,7,3
12593,"KIDS COUNT TOO DAYCARE , PRESCHOOL & KINDERGARDEN",2,0,2,2,0
12594,KIDS EMPIRE,6,3,3,5,1
12595,KIDS FUTURE DAY CARE CENTER,5,2,3,1,4
12596,"KIDS IMAGINATIONS, INC.",15,8,7,6,9
12597,"KIDS KINGDOM ACADEMY, INC.",9,2,7,3,6
12598,"KIDS KINGDOM CHICAGO, LLC",2,0,2,1,1
12599,KIDS NETWORK ACADEMY INC,7,3,4,3,4
12600,KIDS PLANET ACADEMY INC,4,0,4,1,3
12601,KIDS R FIRST LEARNING ACADEMY,16,8,8,7,9
12602,KIDS R FIRST LEARNING CENTER,26,11,15,5,21
12603,KIDS SPACE INC,2,1,1,1,1
12604,KIDS WONDERLAND,2,0,2,2,0
12605,KIDS WORLD DAY CARE,15,7,8,5,10
12606,KIDS YARD,4,0,4,2,2
12607,KIDS' WORK CHICAGO RIVERVIEW,3,3,0,0,3
12608,KIDS' WORK CHICAGO TOO,10,6,4,3,7
12609,"KIDS' WORK CHICAGO, INC",11,4,7,4,7
12610,KIDSLIFE DAYCARE CENTER,19,6,13,8,11
12611,KIDSLIFE DAYCARE CENTER INC.,18,7,11,6,12
12612,KIDSMART CHILDCARE CENTER INC.,5,0,5,3,2
12613,KIDWATCH PLUS,11,4,7,3,8
12614,KIDWATCH PLUS INC,10,7,3,2,8
12615,"KIDZ CAN COOK, INC.",12,2,10,7,5
12616,KIDZ CREATIVE CONCEPTS LEARNING CENTER,18,7,11,4,14
12617,KIDZ CREATIVE CORNER,21,10,11,5,16
12618,KIDZ TOWN,4,0,4,2,2
12619,KIE-GOL-LANEE COMIDA TRADICIONAL OAXAQUENA,19,4,15,13,6
12620,KIKA'S RESTAURANT,3,2,1,2,1
12621,KIKI D'S B B Q HOUSE,17,7,10,5,12
12622,KIKI RESTAURANT,8,5,3,4,4
12623,KIKI'S BISTRO,15,3,12,12,3
12624,KIKI'S CHOP SUEY,2,1,1,2,0
12625,KIKKA,26,13,13,7,19
12626,KIKKA @ WHOLE FOODS STREETERVILLE,10,5,5,2,8
12627,KIKKA AT WHOLE FOODS EDGEWATER,13,8,5,7,6
12628,KIKKA AT WHOLE FOODS WEST LOOP,11,5,6,3,8
12629,KIKKA- KINGSBURY,15,10,5,1,14
12630,KIKKA-HALSTED,6,3,3,4,2
12631,KIKKA-SOUTH LOOP,15,6,9,4,11
12632,KIKUYA RESTAURANT,18,4,14,10,8
12633,KIKWETU COFFEE COMPANY,2,0,2,1,1
12634,KILDARE & 67th  MARATHON,2,1,1,2,0
12635,KILDARE LIQUORS,3,0,3,2,1
12636,KILMANJARO RESTAURANT,2,0,2,2,0
12637,KILMER  ELEMENTARY,31,10,21,17,14
12638,KILWIN'S CHOCOLATES & FUDGE IC,4,1,3,3,1
12639,KILWINS CHOCOLATES & FUDGE,10,5,5,2,8
12640,KILWINS CHOCOLATES FUDGE & ICE CREAM,4,3,1,2,2
12641,KILWINS CHOCOLATES FUDGE AND ICE CREAM,7,1,6,5,2
12642,KILWINS ICE CREAM AND CHOCOLATE,4,0,4,4,0
12643,KIM & SCOTT'S GOURMET PRETZELS,2,2,0,0,2
12644,KIM AND SCOTT'S CAFE TWIST,3,1,2,1,2
12645,KIM AND SCOTT'S CRAVE BAR,2,1,1,1,1
12646,KIM AND SCOTTS CRAVE BAR,4,2,2,2,2
12647,KIM LONG RESTAURANT,4,3,1,2,2
12648,KIM'S HOME COOKING,10,2,8,8,2
12649,KIM'S KOREAN CUISINE,2,0,2,1,1
12650,"KIMBALL DAY CARE CENTER & KINDERGARTEN , INC.",17,7,10,4,13
12651,KIMBALL KWIK MART,6,0,6,5,1
12652,KIMBALL MINI MART,4,0,4,3,1
12653,KIMBERLI SUSHI BAR & THAI,8,2,6,6,2
12654,KIMBERLI SUSHI BAR & THAI CUISINE,10,2,8,7,3
12655,KIMBERLY SUSHI,14,4,10,8,6
12656,KIMCHI POP,5,1,4,4,1
12657,KIMCHI POP BY CHEF SON,11,2,9,7,4
12658,KIMS US,6,2,4,5,1
12659,KIMURA SUSHI,14,5,9,11,3
12660,KIN JAPANESE CUISINE,4,2,2,2,2
12661,KIN SUSHI & THAI CUISINE,20,7,13,12,8
12662,KINCADE'S,29,11,18,14,15
12663,KINDER ACADEMY DAYCARE INC,10,4,6,5,5
12664,KINDER CARE LEARNING CENTERS,10,6,4,3,7
12665,KINDERCARE LEARNING CENTER,5,2,3,2,3
12666,KINDERCARE LEARNING CENTERS,25,8,17,11,14
12667,KINDLING-DOWNTOWN COOKOUT & COCKTAILS,8,4,4,4,4
12668,KINDRED CHICAGO-CENTRAL HOSPITAL,20,9,11,10,10
12669,KINDRED CHICAGO-LAKESHORE,20,7,13,8,12
12670,KINDRED HOSPITAL CHICAGO (NORTH CAMPUS),8,3,5,2,6
12671,KINDRED HOSPITAL CHICAGO-NORTH CAMPUS,25,13,12,11,14
12672,KING & 61ST GROCERY,6,0,6,6,0
12673,KING & 69TH GROCERY,2,1,1,2,0
12674,KING B.B.Q,3,1,2,2,1
12675,KING BEEFY,4,2,2,2,2
12676,KING CAFE GOURMET & GO,22,7,15,12,10
12677,KING COFFEE HOUSE & GRILL,2,1,1,1,1
12678,KING CON ICE CREAM,3,2,1,1,2
12679,KING CRAB HOUSE,12,5,7,7,5
12680,KING CRAB TAVERN/SEAFOOD GRILL,5,1,4,4,1
12681,KING DR FOOD MART,5,4,1,2,3
12682,KING FISH & CHICKEN,3,1,2,2,1
12683,KING FISH AND CHICKEN FOOD MART,2,0,2,1,1
12684,KING FOOD & LIQUOR,10,3,7,6,4
12685,KING FOOD DRIVE,5,1,4,3,2
12686,KING FOOD MART,31,12,19,22,9
12687,KING GARDEN,5,2,3,2,3
12688,KING GARDEN RESTAURANT,4,1,3,2,2
12689,KING GYROS,26,13,13,16,10
12690,KING JJ INC.,2,0,2,2,0
12691,KING KONG CHINESE FOOD,10,4,6,2,8
12692,KING KTV,5,1,4,3,2
12693,"KING LOUE'S FOOD MART, INC",2,1,1,1,1
12694,KING MINI MART,7,1,6,4,3
12695,KING OF CUPS,2,0,2,1,1
12696,KING OF FLAVORS,3,1,2,3,0
12697,KING OF THAI NOODLES AND RICE INC.,5,0,5,1,4
12698,KING PHO,11,5,6,3,8
12699,KING PHO PLUS,18,6,12,13,5
12700,KING POOLO,4,1,3,3,1
12701,KING SELECTIVE ENROL.H/S,21,12,9,7,14
12702,KING SUPERMARKET,14,4,10,7,7
12703,"KING SUPERMARKET, INC",7,3,4,3,4
12704,KING SWEETS,25,8,17,16,9
12705,KING WAH EXPRESS,22,15,7,3,19
12706,KING WAH RESTAURANT,12,5,7,6,6
12707,KING'S BOWL,24,5,19,16,8
12708,KING'S CAFE AND DESSERTS,10,4,6,7,3
12709,KING'S CHOP SUEY,19,11,8,7,12
12710,KING'S KIDDIE KINGDOM,19,7,12,9,10
12711,KING'S MARKET,3,0,3,2,1
12712,KING'S SOUL FOOD & BESS COOKIES,2,0,2,2,0
12713,KINGDOM ACADEMY LEARNING CENTER,17,7,10,10,7
12714,KINGDOM FARMS,2,1,1,1,1
12715,KINGFISH SEAFOOD & SHRIMP 2,4,0,4,3,1
12716,KINGFISH SEAFOOD INC,20,3,17,13,7
12717,KINGFISH SHRIMP INC.,2,1,1,1,1
12718,KINGFISHER  RESTAURANT,6,3,3,3,3
12719,KINGS  GYROS #2,23,6,17,11,12
12720,KINGS & QUEENS ACADEMY DAY CARE CENTER INC.,10,7,3,3,7
12721,KINGS AND QUEENS,3,1,2,3,0
12722,KINGS COUNTY TAP,3,1,2,1,2
12723,KINGS FOOD GROCERY STORE,2,1,1,2,0
12724,KINGS GYROS,8,1,7,5,3
12725,KINGS KIDDIE KINGDOM,9,6,3,2,7
12726,KINGS KIDDIE KINGDOM III,21,5,16,10,11
12727,KINGS SOUL FOOD GALLERY,5,1,4,4,1
12728,KINGSBAKER CAFE,5,3,2,3,2
12729,KINGSBURY STREET CAFE,15,6,9,5,10
12730,KINGSTON MINES,23,9,14,11,12
12731,KINGSTON'S JERK CHICKEN,10,4,6,2,8
12732,KINMONT,9,3,6,5,4
12733,KINNAREE,9,5,4,3,6
12734,KINOS FINER FOODS LIMITED,10,6,4,3,7
12735,KINSLEY BY FAIRGROUNDS,6,2,4,2,4
12736,KINTON RAMEN 2,8,1,7,7,1
12737,KINTON RAMEN1,6,3,3,4,2
12738,KINZIE ELEMENTARY,16,9,7,2,14
12739,KINZIE HOTEL,19,6,13,14,5
12740,KINZIE ST. CHOP HOUSE,17,6,11,7,10
12741,KIPLING ELEMENTARY SCHOOL,19,8,11,5,14
12742,KIPP ASCEND PRIMARY SCHOOL,22,10,12,9,13
12743,KIPP BLOOM COLLEGE PREP,17,7,10,8,9
12744,KIPP ONE ACADEMY,10,1,9,4,6
12745,KIRIN ANTLER TRADING CO,3,0,3,2,1
12746,KIRKWOOD BAR & GRILL,15,5,10,6,9
12747,KISBI COFFEE,2,0,2,2,0
12748,KISHA'S KITCHEN INC,6,0,6,4,2
12749,KISS DRAGON CO.,15,4,11,8,7
12750,KISS THE COOK BBQ,4,0,4,3,1
12751,KISS THE COOK BBQ/JERK TACO MAN,3,0,3,3,0
12752,KITA-O,2,0,2,1,1
12753,KITABEE SNACK SHOP,3,2,1,1,2
12754,KITCHEN + KOCKTAILS BY KEVIN KELLEY,14,6,8,10,4
12755,KITCHEN 17,15,5,10,7,8
12756,KITCHEN 17 LLC,7,2,5,2,5
12757,KITCHEN UNITED CHICAGO,7,3,4,3,4
12758,KITCHEN UNITED INC,3,1,2,1,2
12759,KITCHENETTE CORPORATION,11,1,10,6,5
12760,KITCHFIX,24,8,16,13,11
12761,KITE MANDARIN & SUSHI,3,0,3,2,1
12762,KITE ROOM,2,1,1,0,2
12763,KITE STRING CANTINA,12,5,7,5,7
12764,KITH & KIN,9,5,4,5,4
12765,KITSCH'N ON ROSCOE,17,8,9,6,11
12766,KITSCH'N RIVER NORTH,3,1,2,2,1
12767,KITSUNE,11,4,7,7,4
12768,"KITTY O'SHEA'S CHICAGO, LLC",13,7,6,2,11
12769,KIWI,3,1,2,2,1
12770,KIZAMI,11,3,8,8,3
12771,KIZIN CREOLE RESTAURANT,12,4,8,5,7
12772,KIZUKI RAMEN & IZAKAYA,7,1,6,3,4
12773,KIZUKI RAMEN AND IZAKAYA,16,6,10,8,8
12774,KJ FISH & CHICKEN,2,0,2,1,1
12775,KJ'S CORNER,5,4,1,3,2
12776,KLARK,5,1,4,4,1
12777,KLAY OVEN KITCHEN,13,8,5,2,11
12778,KLEIN'S BAKERY  & CAFE II,7,2,5,3,4
12779,KLEIN'S BAKERY & CAFE,11,2,9,6,5
12780,KLM PACKING COMPANY,2,1,1,1,1
12781,KLUCK-U CHICKEN,2,0,2,1,1
12782,KM MART,3,1,2,2,1
12783,KMART #3371,9,5,4,3,6
12784,KMART #3594,15,4,11,7,8
12785,KMART #4235,4,3,1,2,2
12786,KMART #4729,7,3,4,3,4
12787,KNA FOOD & LIQUOR,6,2,4,5,1
12788,KNEAD,9,2,7,5,4
12789,KNIFE & TINE,11,5,6,5,6
12790,KNIGHT HOUSE,11,4,7,2,9
12791,KNOCKBOX  CAFE,4,2,2,1,3
12792,KNOCKOUT GRILL,3,1,2,2,1
12793,KNOWLEDGE HARBOR ACADEMY,2,0,2,1,1
12794,KNOWLEDGE INSTITUTE CORP,4,3,1,2,2
12795,KODA,6,1,5,2,4
12796,KOHAN JAPANESE RESTAURANT,18,8,10,7,11
12797,KOHOKU-KU RAMEN CHICAGO,6,1,5,3,3
12798,KOKEERI MANDOO,2,1,1,2,0
12799,KOKKU LLC,2,0,2,1,1
12800,KOKO'S MEDITERRANEAN GRILL,18,11,7,6,12
12801,KOKODAK,2,1,1,1,1
12802,KOKOPELLI CHICAGO,6,1,5,3,3
12803,KOL TOUHY,3,3,0,2,1
12804,KOL TUV KOSHER FOODS INC,4,0,4,2,2
12805,KOLATEK'S BAKERY & DELI,6,3,3,3,3
12806,KOLATEK'S BAKERY INC,7,4,3,3,4
12807,KOLATEK'S BAKERY INC.,14,8,6,6,8
12808,KOMAL WINE AND LIQUORS INC.,6,1,5,4,2
12809,KOME,5,1,4,4,1
12810,KOMOREBI,9,4,5,6,3
12811,KONA ICE OF NILES,4,2,2,1,3
12812,KONAK RESTAURANT,20,7,13,10,10
12813,KONBINI AND KANPAI,2,2,0,0,2
12814,KONG DOG,9,3,6,4,5
12815,KONGDOG LINCOLN PARK,2,0,2,2,0
12816,KOOKABURRA PLAY CAFE,6,1,5,2,4
12817,KOPA KAVANA KLUB,11,1,10,9,2
12818,"KOPI, A TRAVELER'S CAFE",24,8,16,7,17
12819,KORDIAN'S MARKET,21,8,13,11,10
12820,"KOREAN AIR LINES CO., LTD.",3,1,2,2,1
12821,KOREAN AMERICAN COMMUNITY SER,9,7,2,2,7
12822,KOREAN BBQ HOUSE,21,6,15,10,11
12823,KOREAN SEOUL FOOD,3,3,0,2,1
12824,KORFUSION,5,1,4,4,1
12825,KORNER SHRIMP HOUSE,8,5,3,1,7
12826,KORONA LOUNGE INC,6,2,4,1,5
12827,KOSTNER B-P,3,0,3,2,1
12828,KOSTNER BANDAR,6,3,3,5,1
12829,KOSTNER FOOD & TOBACCO INC,4,1,3,3,1
12830,"KOSTNER FOOD MART,INC.",3,3,0,1,2
12831,KOTO,4,1,3,3,1
12832,KOUKS VINTAGE CAFE,5,3,2,2,3
12833,KOULOU INC.,5,2,3,4,1
12834,KOVAL,3,1,2,2,1
12835,KOVAL DISTILLERY,8,1,7,5,3
12836,KOVALA CORP,11,4,7,6,5
12837,KOVE LEARNING ACADEMY,5,4,1,1,4
12838,KOWLOON  RESTAURANT,11,4,7,4,7
12839,KP's Sweets & Spirits,3,1,2,2,1
12840,KRAFT FOODS,3,3,0,0,3
12841,KRAKEN SUSHI & BEYOND,7,2,5,4,3
12842,"KRAKUS DELI,  INC",2,0,2,2,0
12843,KRAKUS HOME MADE SAUSAGE,4,1,3,2,2
12844,KRAMERS HEALTH FOODS,15,5,10,5,10
12845,KRASY TACO STOP,3,2,1,0,3
12846,KRAVE CHICAGO,5,1,4,3,2
12847,KRAZY KAKE HOUSE,5,2,3,3,2
12848,"KRAZY KAKE HOUSE, INC.",3,0,3,2,1
12849,KRAZY KRAB,4,1,3,3,1
12850,KRAZY ROOSTER INC.,4,1,3,3,1
12851,KREATIVE KIDS ACADEMY VII INC.,6,1,5,4,2
12852,"KREATIVE KIDS ACADEMY VIII, INC.",3,0,3,2,1
12853,KREATIVE KIDZ ACADEMY,13,5,8,8,5
12854,KREATIVE KIDZ ACADEMY II,6,2,4,2,4
12855,KREATIVE KIDZ ACADEMY III INC.,9,2,7,4,5
12856,KREATIVE KIDZ ACADEMY V INC.,5,0,5,2,3
12857,KREATIVE KIDZ ACADEMY VI INC.,8,5,3,5,3
12858,KREATIVE KIDZ ACADENY IV,7,3,4,4,3
12859,KREATIVE KIDZ LEARNING ACADEMY INC,2,0,2,2,0
12860,KREATIVE KIDZ LEARNING ACADEMY INC.,4,0,4,3,1
12861,KREM,3,1,2,2,1
12862,KRISPY CHICKEN & SEAFOOD,8,1,7,5,3
12863,KRISPY KREME,2,1,1,0,2
12864,KRISPY KREME DOUGHNUTS,2,0,2,2,0
12865,KRISPY KRUNCHY,3,2,1,3,0
12866,KRISPY KRUNCHY CHICKEN,32,13,19,20,12
12867,KRISPY POPCORN GOURMET,5,2,3,3,2
12868,KRISPY SEAFOOD & CHICKEN,8,3,5,3,5
12869,KRISPY'S CHICKEN & SEAFOOD,3,1,2,3,0
12870,KRISPY'S SEA FOOD AND CHICKEN,5,3,2,3,2
12871,KRISPY'S SEAFOOD & CHICKEN,11,5,6,6,5
12872,KRISPY'S SEAFOOD & CHICKEN 1,2,1,1,1,1
12873,KRISPY'S SEAFOOD AND CHICKEN,2,1,1,1,1
12874,"KRISTOFFER'S CAFE & BAKERY, INC.",4,1,3,1,3
12875,KRISTOFFER'S CAFE AND BAKERY,12,4,8,5,7
12876,KRISTOFFER'S CAKES,2,0,2,1,1
12877,KROLL'S SOUTH LOOP,20,7,13,9,11
12878,KRUNG THEP THAI CUISINE,12,3,9,10,2
12879,KRUNGTHEP THAI CUISINE,9,2,7,4,5
12880,KSO FOOD MART,3,2,1,2,1
12881,KUAN ZHAI ALLEY,3,1,2,2,1
12882,KUBO,8,1,7,4,4
12883,KUDOS,12,3,9,9,3
12884,KUDUS HEALTH FOOD STORE,4,3,1,2,2
12885,KUKULU MARKET,8,4,4,4,4
12886,KULAN RESTAURANT,20,6,14,13,7
12887,KUMA'S CORNER,43,15,28,26,17
12888,KUMAS TOO,16,5,11,9,7
12889,KUMIKO,7,1,6,5,2
12890,KUNG FU PIZZA BAR,2,1,1,1,1
12891,KUNG FU TEA,16,3,13,12,4
12892,KUNG FU WOK RESTAURANT,4,2,2,3,1
12893,KUNGFU TEA,5,2,3,1,4
12894,KURAH,16,6,10,10,6
12895,KURIMU,8,1,7,5,3
12896,KURO RAMEN,6,0,6,3,3
12897,KUROWSKI SAUSAGE SHOP & RICH,23,7,16,10,13
12898,KUSANYA CAFE,4,2,2,1,3
12899,KUSANYA INC,12,4,8,5,7
12900,KUSINA NI LOLA,3,2,1,1,2
12901,"KW FOOD MART,INC.",6,1,5,4,2
12902,KWAME NKRUMAH ACADEMY,9,2,7,5,4
12903,KWEI LIN CARRY-OUT,16,5,11,4,12
12904,KWIK MART,10,4,6,6,4
12905,KWIK MART INC,3,2,1,1,2
12906,KWIK MINIMART,3,1,2,1,2
12907,KYLIN,16,8,8,7,9
12908,KYO MATCHA,5,3,2,3,2
12909,KYOKU SUSHI,5,0,5,5,0
12910,KYOTEN,11,2,9,9,2
12911,KYOTEN NEXT DOOR,4,2,2,2,2
12912,KYOTO BLACK,6,2,4,3,3
12913,KYOTO LINCOLN  PARK RESTAURANT,5,1,4,3,2
12914,KYOTO LINCOLN PARK RESTAURANT,3,1,2,2,1
12915,KYOTO SUSHI RESTAURANT,6,3,3,6,0
12916,KYU SUSHI CHICAGO,5,1,4,3,2
12917,KYURAMEN,4,2,2,1,3
12918,KYUS,5,1,4,3,2
12919,Kabob Inn,3,0,3,2,1
12920,Katherine Anne Confections,2,1,1,1,1
12921,Kellman Corp.,6,2,4,1,5
12922,Kelly HIGH SCHOOL,18,7,11,9,9
12923,Kelvyn Park  (H/S),21,8,13,6,15
12924,Kendall College,6,1,5,3,3
12925,Kentucky Fried Chicken,15,4,11,4,11
12926,Kenwood Acad. (H/S),21,9,12,8,13
12927,Kick Stand,10,5,5,4,6
12928,Kids Count Too Daycare,3,1,2,2,1
12929,Kids In Harmony Day School,14,10,4,2,12
12930,"Kidtropolis Childcare Developmental Center, LLC",21,9,12,10,11
12931,Kim Long Restaurant,19,4,15,12,7
12932,Kimchi Pop Two By Chef Son,6,2,4,4,2
12933,KimmyKakes,8,1,7,5,3
12934,King Chicago Indian Cuisine Incorporated,2,0,2,2,0
12935,King ELEMENTARY,6,2,4,1,5
12936,King Pho Chicago,5,3,2,5,0
12937,Kit Kat Lounge and Restaurant,25,5,20,15,10
12938,"Kitchen Chicago, LLC",34,17,17,11,23
12939,Kitchen Sink,9,4,5,3,6
12940,"Kleo, Inc.",4,0,4,4,0
12941,Kohn,6,4,2,3,3
12942,Kohn Upper Grade Building,4,1,3,2,2
12943,Kostner Food Basket,10,6,4,4,6
12944,Kozminski,28,9,19,13,15
12945,Krispy Kreme Doughnuts,6,2,4,5,1
12946,Kwame Nkrumah Academy,4,2,2,1,3
12947,L & B KITCHEN,10,2,8,8,2
12948,L & E VIENNA,6,3,3,4,2
12949,"L & G CHICAGO STYLE, INC.",2,0,2,1,1
12950,L & G FAMILY RESTAURANT INC,21,10,11,9,12
12951,L & G RESTAURANT,26,14,12,15,11
12952,"L & J FOOD & LIQUOR, INC",3,2,1,1,2
12953,L & L ACADEMY AND PRESCHOOL,23,6,17,6,17
12954,L & L CONVENIENCE STORE,3,0,3,2,1
12955,L & L INFANT CARE,7,1,6,4,3
12956,"L & L LP INFANT, CORP.",7,3,4,2,5
12957,L & M FINE FOODS,6,4,2,2,4
12958,L & M FOOD AND DELI,6,1,5,4,2
12959,L & M GRILL INC.,9,7,2,2,7
12960,L & M PARKSIDE,4,1,3,2,2
12961,L & M REDHOTS,9,6,3,2,7
12962,L & M STARLIGHT RESTAURANT INC,27,12,15,10,17
12963,L & O HACIENDA,2,0,2,1,1
12964,L & P FOODS,10,5,5,2,8
12965,L & P LIQUORS INC,8,3,5,4,4
12966,L & T CHINA FAST WOK INC.,9,7,2,2,7
12967,L + L PIZZERIA,4,1,3,3,1
12968,L A SUBMARINE,3,1,2,2,1
12969,L AND J FOOD FOR THE SOUL LLC,3,0,3,2,1
12970,"L AND L LUVABLE DAY CARE,INC",21,8,13,13,8
12971,L AND L MARKET,4,2,2,2,2
12972,L AND N SHOPPING MART INC,5,0,5,4,1
12973,L AVENTINO,3,0,3,1,2
12974,L C PHO RESTAURANT,19,8,11,8,11
12975,L CAFECITO  JUMPING BEAN,2,0,2,1,1
12976,L CAFECITO JUMPING BEAN,2,2,0,1,1
12977,L ISAASCSON STEIN FISH CO INC,7,4,3,1,6
12978,"L M B FOOD MART, INC.",8,1,7,5,3
12979,L PATRON,4,1,3,2,2
12980,L&L ACADEMY AND PRESCHOOL LAKEVIEW,13,4,9,3,10
12981,"L&L ACADEMY AND PRESCHOOL LAKEVIEW 2, CORP.",3,1,2,2,1
12982,"L&L ACADEMY AND PRESCHOOL LP, CORP.",6,1,5,5,1
12983,"L&L ACADEMY AND PRESCHOOL WL, LLC",6,1,5,2,4
12984,"L&L ACADEMY AND PRESCHOOL, LLC",8,3,5,2,6
12985,"L&L LV INFANT, CORP",10,3,7,6,4
12986,L&L TODDLER CARE,8,4,4,3,5
12987,L' MERO MOLE,4,3,1,1,3
12988,L' PATRON,19,7,12,9,10
12989,L'AFRIQUE MARKET,4,1,3,2,2
12990,L'APPETITO,13,5,8,4,9
12991,L'APPETITO IMP ITALIAN FDS INC,22,11,11,9,13
12992,L'PATRON,4,1,3,3,1
12993,L.20,8,3,5,4,4
12994,"L.A.C. STOP & SHOP,INC.",2,1,1,1,1
12995,L.C. QUICK BITES,6,3,3,3,3
12996,"L.D. RESTAURANT, INC",4,0,4,1,3
12997,L.L.M. FOOD MART,2,0,2,2,0
12998,L.Y.N2 LLC,2,1,1,2,0
12999,L26,16,4,12,11,5
13000,LA  BABY  RESTAURANT,2,1,1,1,1
13001,LA  BOULANGERIE,4,0,4,2,2
13002,LA  MICHOACANA,19,10,9,10,9
13003,LA  ROSITA BAKERY,4,2,2,3,1
13004,LA  SERRE/BAR LA RUE,4,3,1,0,4
13005,LA ACAMBARENSE BAKERY,14,8,6,7,7
13006,LA ADELITA,11,4,7,6,5
13007,LA ALTENA,3,1,2,3,0
13008,LA AMISTAD INC.,10,5,5,8,2
13009,LA AMISTAD RESTAURANT,4,3,1,0,4
13010,LA ANTIGUA HACIENDA,16,9,7,8,8
13011,LA AUTENTICA MICHOACANA NEVERIA Y PALETERIA LLC.,6,1,5,3,3
13012,LA AZTECA MINI MARKET INC,3,0,3,3,0
13013,LA AZTECA MINI MARKET INC.,2,2,0,1,1
13014,LA AZTECA PALETERIA,24,8,16,12,12
13015,LA AZTECA PRODUCE,20,7,13,8,12
13016,LA BAGUETTE,27,9,18,17,10
13017,LA BAGUETTE BAKERY,79,32,47,44,35
13018,LA BAGUETTE CHICAGO/TORTAS FUTBOLERAS,3,1,2,2,1
13019,LA BAGUETTE NORTH,5,2,3,3,2
13020,LA BAGUETTE NORTH BAKERY,11,2,9,5,6
13021,"LA BAGUETTE NORTH, INC.",27,10,17,12,15
13022,"LA BAHIA DE ACAPULCO, INC.",21,8,13,8,13
13023,LA BAHIA INC.,3,1,2,2,1
13024,LA BAMBA,3,1,2,1,2
13025,"LA BAMBA CHICAGO , INC",6,4,2,1,5
13026,LA BAMBA MEXICAN REST,5,1,4,1,4
13027,LA BARCA,20,7,13,8,12
13028,LA BARCA EL TACONAZO,23,3,20,16,7
13029,LA BARCA LLC,6,2,4,3,3
13030,LA BELLA CAFE & INTERNET,3,1,2,1,2
13031,LA BIRRIERIA RESTAURANT,7,4,3,3,4
13032,LA BIZNAGA,9,4,5,4,5
13033,LA BIZNAGA #2,6,3,3,3,3
13034,LA BOCCA,4,3,1,2,2
13035,LA BODEGA,2,1,1,1,1
13036,LA BODEGA RIOS-GALLEOS,5,0,5,4,1
13037,LA BOMBA,16,6,10,6,10
13038,LA BOMBA ON KEDZIE,2,0,2,2,0
13039,LA BOMBA RESTAURANT,46,16,30,24,22
13040,LA BOMBONERA CAFE & DELI,3,0,3,1,2
13041,LA BONITA SUPERMARKET INC,9,2,7,2,7
13042,LA BONITA SUPERMARKET INC.,5,0,5,4,1
13043,LA BORRA CAFE,6,2,4,5,1
13044,LA BORRA DEL CAFE DELAWARE,4,1,3,3,1
13045,"LA BORRA DEL CAFE DIVISION, LLC",8,3,5,6,2
13046,LA BOTANA,4,3,1,2,2
13047,LA BOTANA INC.,2,1,1,1,1
13048,LA BOULANGERIE,25,13,12,19,6
13049,LA BOULANGERIE & CO,4,1,3,0,4
13050,LA BOULANGERIE BELMONT,2,1,1,2,0
13051,LA BOULANGERIE FOOD TRUCK,9,5,4,5,4
13052,LA BRASA RESTAURANT INC.,2,1,1,0,2
13053,"LA BRASA ROJA, INC.",14,9,5,7,7
13054,LA BRISA DISTRIBUTION,3,2,1,2,1
13055,LA BRUQUENA RESTAURANT & LOUNGE,17,8,9,7,10
13056,"LA BURBUJA, INC.",4,1,3,1,3
13057,LA BURDICK CHICAGO LLC,6,1,5,3,3
13058,LA CABANA,3,1,2,1,2
13059,LA CABANA DE DON LUIS,4,2,2,2,2
13060,LA CABANA DE DON LUIS #1,10,3,7,2,8
13061,LA CABANA DE DON LUIS #2,16,8,8,5,11
13062,LA CABANA DE DON LUIS #3,9,3,6,4,5
13063,LA CABANA GRILL,7,3,4,4,3
13064,LA CABANITA INC,8,3,5,5,3
13065,LA CAFFE LTD,9,3,6,3,6
13066,LA CALANDRIA,2,2,0,1,1
13067,LA CALAVERA,4,1,3,2,2
13068,"LA CANASTA BAKERY, INC.",13,5,8,5,8
13069,LA CANASTA SNACK,3,2,1,2,1
13070,LA CANICA,14,6,8,3,11
13071,LA CANTINA GRILL,16,5,11,9,7
13072,LA CAPANNINA COFFEE,2,0,2,1,1
13073,LA CAPITAL,2,0,2,2,0
13074,LA CARRETA GROCERY,3,1,2,1,2
13075,LA CASA DE DENISSE,4,0,4,4,0
13076,LA CASA DE DON FERNANDO,3,0,3,2,1
13077,LA CASA DE SAMUEL REST.,24,9,15,9,15
13078,LA CASA DE TOLA,2,1,1,2,0
13079,"LA CASA DEL BORREGO, INC.",4,0,4,4,0
13080,LA CASA DEL BUFFET,4,2,2,3,1
13081,LA CASA DEL PAN BAKERY,15,2,13,9,6
13082,LA CASA DEL PUEBLO,8,3,5,6,2
13083,LA CASA DEL PUEBLO INC,24,8,16,9,15
13084,LA CASITA TAMALES,3,1,2,2,1
13085,LA CATEDRAL CAFE,10,3,7,7,3
13086,LA CATEDRAL CAFE & RESTAURANT,4,1,3,1,3
13087,LA CATEDRAL CAFE ON OGDEN INC.,2,0,2,2,0
13088,LA CATRINA,4,2,2,3,1
13089,LA CATRINA CAFE,6,3,3,2,4
13090,LA CATRINA RESTAURANT LLC,12,5,7,8,4
13091,LA CAVANA,3,0,3,2,1
13092,LA CAZUELA RESTAURANT,9,5,4,3,6
13093,LA CEBOLLITA GRILL,11,3,8,6,5
13094,"LA CEBOLLITA GRILL #2, INC.",14,7,7,4,10
13095,LA CEBOLLITA RESTAURANT,24,9,15,11,13
13096,LA CEBOLLITA TAQUERIA,2,1,1,2,0
13097,LA CECINA # 1,17,7,10,10,7
13098,LA CECINA 4,17,8,9,9,8
13099,LA CECINA RESTAURANT,19,4,15,12,7
13100,LA CELIA LATIN KITCHEN,3,1,2,0,3
13101,LA CEMITA,10,4,6,3,7
13102,LA CENADURIA DE ELDA,2,1,1,1,1
13103,LA CENTRAL BAKERY,45,12,33,26,19
13104,LA CENTRAL BAKERY V,10,8,2,6,4
13105,LA CHAPARRITA,15,3,12,10,5
13106,LA CHAPARRITA DE CHICAGO #2,13,5,8,6,7
13107,LA CHAPPARITA GROCERY,13,6,7,5,8
13108,LA CHILANGUEADA,16,7,9,9,7
13109,LA CHILANGUEDA,2,1,1,1,1
13110,LA CHIQUITA,3,2,1,1,2
13111,"LA CHIQUITA BAKERY, INC.",4,2,2,1,3
13112,LA CHOZA MEXICAN GRILL,23,10,13,9,14
13113,LA CIENEGA SUPER FOOD INC,27,10,17,11,16
13114,LA COCINA,42,14,28,22,20
13115,LA COCINA DE ALICIA,7,3,4,3,4
13116,LA COCINA DE DONA CHUY INC.,8,2,6,5,3
13117,LA COCINA DE MAMA NENAS INC,2,1,1,1,1
13118,"LA COCINA MEXICAN GRILL, LLC",37,15,22,13,24
13119,LA COCINA RESTAURANT & BAR,22,12,10,8,14
13120,LA COCINA RESTAURANT AND BAR,4,2,2,2,2
13121,LA COCINITA FOOD TRUCK CHICAGO,17,5,12,11,6
13122,LA COCO MEXICAN FOOD,9,3,6,6,3
13123,LA COLOMBE,20,8,12,8,12
13124,LA COLOMBE TORREFACTION,12,5,7,3,9
13125,"LA COLOMBE TORREFACTION,INC.",4,3,1,2,2
13126,LA CONCHA,7,1,6,4,3
13127,LA CONCHA BAKERY,5,1,4,3,2
13128,LA CONCINA DE JANELLIE,2,1,1,1,1
13129,LA CONCORDIA,8,4,4,3,5
13130,LA CONDESA,31,12,19,17,14
13131,LA COPACABANA,9,3,6,6,3
13132,LA COSTA,22,7,15,12,10
13133,LA COSTENA ICE CREAM SHOP CORP.,9,4,5,4,5
13134,"LA CREPERIE, INC.",5,2,3,3,2
13135,LA CROSTA WOODFIRE PIZZERIA ITALIANA,13,6,7,6,7
13136,LA CUCHARA,12,5,7,3,9
13137,LA CUISINE PERSONAL CHEF SERVICE,4,1,3,2,2
13138,LA DELICIA MICHOACANA,3,3,0,1,2
13139,LA DELICIA MICHOCANA,5,2,3,3,2
13140,LA DIOSA,9,2,7,4,5
13141,LA DOLOROSA GROCERY #2,3,3,0,0,3
13142,LA DONA Y LA JEFA,6,2,4,5,1
13143,LA DULCE BAKERY INC,9,4,5,3,6
13144,LA ENCANTADA RESTAURANT,14,5,9,8,6
13145,LA ENCANTADA RESTAURANT AND CATERING,8,2,6,6,2
13146,LA ESCONDIDA,3,0,3,2,1
13147,LA ESCONDIDA MINI MART & $ PLUS,6,4,2,2,4
13148,LA ESCUELITA,8,4,4,4,4
13149,LA ESCUELITA NUMERO CUATRO,14,3,11,12,2
13150,LA ESCUELITA NUMERO DOS,12,3,9,6,6
13151,LA ESCUELITA NUMERO DOS INC.,8,3,5,4,4
13152,LA ESPERANZA,16,7,9,7,9
13153,LA ESPERANZA DEL MANANA,9,3,6,6,3
13154,LA ESPERANZA RESTAURANT,11,4,7,6,5
13155,LA ESPERANZA RESTAURANT III INC.,3,1,2,2,1
13156,LA ESQUINA CUBANA,3,0,3,2,1
13157,LA ESQUINA DEL SABOR,3,1,2,2,1
13158,LA ESQUINA DEL SABOR INC.,8,0,8,4,4
13159,LA ESQUINA DEL TACO,2,1,1,1,1
13160,LA ESQUINA POLAR,3,0,3,3,0
13161,LA ESQUINITA,3,1,2,1,2
13162,LA ESQUINITA CATRACHA,8,5,3,2,6
13163,"LA ESQUINITA DE MICHOACAN, INC",3,1,2,2,1
13164,LA ESQUINITA DEL SABOR,8,4,4,5,3
13165,LA ESQUINITA GROCERY STORE INC.,2,0,2,1,1
13166,LA ESTRELLA,34,14,20,18,16
13167,"LA ESTRELLA BAKERY, INC.",8,6,2,2,6
13168,"LA ESTRELLA FOOD MARKET, INC.",7,4,3,4,3
13169,LA ESTRELLA MINI MART INC.,4,2,2,1,3
13170,LA ESTRELLA SUPERMARKET,2,0,2,1,1
13171,LA ETERNA PRIMAVERA,3,2,1,2,1
13172,LA FAMA BAKERY,7,3,4,4,3
13173,LA FAMILIA DOLLAR PLUS,2,0,2,2,0
13174,LA FARINE BAKERY,6,4,2,3,3
13175,LA FAVORITA,4,1,3,1,3
13176,LA FAVORITA # 2,5,1,4,2,3
13177,"LA FE GROCERY, INC.",2,0,2,1,1
13178,"LA FERIA DE LAS FLORES, LLC",9,3,6,5,4
13179,LA FERIA GROCERY,17,9,8,6,11
13180,LA FIESTA,24,8,16,15,9
13181,LA FIESTA BAKERY,19,14,5,3,16
13182,"LA FIESTA PRODUCTS, INCORPORATE",2,0,2,1,1
13183,LA FIESTA RESTAURANT,20,13,7,6,14
13184,"LA FINCA MARKET, INC.",2,0,2,1,1
13185,"LA FINCA, INC.",4,3,1,2,2
13186,LA FLOR DE ACAPULCO INC,20,6,14,9,11
13187,LA FLOR DE MAYO ICE CREAM,2,1,1,2,0
13188,LA FLOR DE MEXICO,23,9,14,12,11
13189,LA FLOR DE MICHOACAN,12,3,9,7,5
13190,LA FLOR DE MICHOACAN INCORPORATED,3,1,2,2,1
13191,LA FLOR DE MICHOACAN PALETERIA Y NEVERIA,6,0,6,4,2
13192,LA FLOR GROCERY STORE,15,5,10,8,7
13193,"LA FLOR MICHOACANA #3, LLC",2,1,1,1,1
13194,LA FLORENCIA BAKERY,8,4,4,6,2
13195,LA FOGATA,12,4,8,5,7
13196,LA FOGATA E. L.,5,2,3,3,2
13197,LA FOGATA NUEVA RESTAURANT,22,7,15,10,12
13198,LA FONDA CHIQUITA,2,0,2,2,0
13199,LA FONDA CHIQUITA TLC,5,2,3,3,2
13200,LA FONDA LATINO GRILL,15,6,9,5,10
13201,LA FONDITA,3,0,3,2,1
13202,LA FONDITA ALEGRE,7,3,4,4,3
13203,LA FONTANELLA,16,6,10,6,10
13204,LA FOOD MART,10,5,5,7,3
13205,LA FORTALEZA DE ARCELIA GUERRERO,7,2,5,4,3
13206,LA FOURNETTE,22,9,13,8,14
13207,LA FRANCE BAKERY,10,4,6,3,7
13208,LA FRESCASITA,2,1,1,1,1
13209,"LA FRESH MARKET ,INC.",10,1,9,6,4
13210,LA FRUTERIA INC,9,5,4,3,6
13211,LA FUENTE,13,7,6,3,10
13212,LA FUENTE #2,4,0,4,2,2
13213,LA FUENTE BANQUET HALL,23,3,20,18,5
13214,LA FUENTE LA BUENA SALUD,2,0,2,1,1
13215,LA FUENTE RESTAURANT,5,2,3,5,0
13216,LA FUENTE RESTAURANTE #2,14,8,6,6,8
13217,LA FUENTE RESTAURANTE #3,7,2,5,4,3
13218,LA GARITA DE SAN LUIS,3,3,0,2,1
13219,LA GLORIA BANQUETS 63RD STREET,4,3,1,1,3
13220,LA GONDOLA,21,8,13,13,8
13221,LA GONDOLA CUCINA ITALIANA,10,1,9,6,4
13222,LA GORDA FELIZ,4,2,2,2,2
13223,LA GOZADERA,6,1,5,4,2
13224,LA GOZADERA LATIN RESTAURANT & BAR,11,4,7,9,2
13225,LA GRANDE VIIE,4,0,4,1,3
13226,LA GUADALUPANA,2,1,1,2,0
13227,LA GUADALUPANA WHOLESALE CO,2,2,0,0,2
13228,LA GUANTANAMERA RESTAURANT,2,0,2,2,0
13229,LA GUERA RESTAURANT INC.,7,2,5,6,1
13230,LA GUERITA MEXICAN SHACK,3,0,3,0,3
13231,LA GUERRERENSE,21,8,13,11,10
13232,LA GUERRERENSE COCINA MEXICANA,8,5,3,3,5
13233,"LA HACIENDA BRANDS, INC",6,0,6,3,3
13234,LA HACIENDITA TAQUERIA INC,19,10,9,7,12
13235,"LA HACIENDITA TAQUERIA KEDZIE, INC.",21,7,14,11,10
13236,LA HAVANA CAFE,4,2,2,3,1
13237,"LA HAVEN, INC",4,1,3,2,2
13238,LA HORA DEL CHIVO,2,1,1,1,1
13239,LA HUACANA,15,3,12,9,6
13240,LA HUARACHITA,8,3,5,5,3
13241,LA HUASTECA,3,1,2,2,1
13242,LA HUMITA,19,8,11,8,11
13243,LA HUMITA ON WHEELS,9,3,6,4,5
13244,LA IGUANA RESTAURANT,3,0,3,3,0
13245,LA IGUANITA RESTAURANT,21,6,15,13,8
13246,LA INTERNATIONAL,5,1,4,4,1
13247,LA ISLA PEQUENA,7,1,6,5,2
13248,LA ISLA PEQUENA RESTAURANT,4,2,2,2,2
13249,LA ISLAS MARIAS MOLOLOA,2,0,2,2,0
13250,LA JAIBA,4,1,3,2,2
13251,LA JEFA,7,4,3,4,3
13252,LA JEREZANA,13,4,9,2,11
13253,LA JOSIE,11,2,9,7,4
13254,LA JUNQUENA,6,2,4,3,3
13255,LA KEBRADA,11,4,7,6,5
13256,LA KERMESE,6,2,4,5,1
13257,LA KORITA,5,3,2,2,3
13258,LA LAS PIZZA AND WINGS INC.,3,0,3,2,1
13259,LA LENA,23,10,13,10,13
13260,LA LLAMARADA RESTAURANT,6,2,4,5,1
13261,LA LOMA,9,6,3,3,6
13262,LA LOMITA PRODUCE MARKET LLC,2,0,2,2,0
13263,LA LUCE,16,3,13,11,5
13264,LA LUNA,12,1,11,10,2
13265,LA LUNA BAKERY,18,6,12,6,12
13266,LA LUNA BAKERY #2,19,9,10,12,7
13267,LA LUNA GROCERY,11,4,7,3,8
13268,LA MADRILENA,3,0,3,2,1
13269,LA MADRILENA BAKERY,3,0,3,2,1
13270,LA MALINCHE COFFEE HOUSE LLC,7,2,5,4,3
13271,"LA MAMA,S PIZZA INC",4,1,3,3,1
13272,LA MANZANA ICE CREAM & CANDY SHOP,4,1,3,2,2
13273,LA MARGUARITA AUTHENTIC MEXICAN FOOD,7,2,5,5,2
13274,LA MARIPOSA MICHOACANA,12,2,10,7,5
13275,LA MARKET,2,0,2,2,0
13276,"LA MARKET, INC",2,0,2,1,1
13277,LA MARQUESA,11,3,8,4,7
13278,LA MAS CHIQUITA,7,1,6,6,1
13279,LA MEJIKANA,9,2,7,6,3
13280,LA MERCED INC,19,9,10,8,11
13281,LA MEXICANA BAKERY CAFE #2,5,2,3,3,2
13282,LA MEXICANA GRILL LLC,8,3,5,4,4
13283,LA MEZCALERA,5,3,2,2,3
13284,LA MICHOACANA,40,17,23,19,21
13285,LA MICHOACANA - MILWAUKEE,6,3,3,5,1
13286,LA MICHOACANA ARMITAGE T.J. LLC,11,3,8,6,5
13287,LA MICHOACANA AZTECA,10,4,6,6,4
13288,LA MICHOACANA BELMONT,3,0,3,3,0
13289,"LA MICHOACANA BONITA, INC",7,4,3,3,4
13290,LA MICHOACANA D BEATRIZ & ALMA,10,3,7,9,1
13291,"LA MICHOACANA DE ISABELLA, LLC",2,1,1,1,1
13292,LA MICHOACANA DE JENNY,4,1,3,3,1
13293,LA MICHOACANA DE MARTHA LLC,9,4,5,5,4
13294,LA MICHOACANA DE MARTHA LLC.,14,6,8,5,9
13295,LA MICHOACANA DE PONCITLAN,7,2,5,5,2
13296,LA MICHOACANA DE PONCITLAN INC.,3,1,2,2,1
13297,LA MICHOACANA DEL PANDA,3,1,2,1,2
13298,"LA MICHOACANA DEL PANDA, INC.",9,3,6,5,4
13299,LA MICHOACANA DIVERSEY LLC,7,2,5,4,3
13300,"LA MICHOACANA DON CHUY, LLC",2,0,2,2,0
13301,LA MICHOACANA FAVORITA LLC,10,3,7,5,5
13302,LA MICHOACANA FRUTILETA #2,8,2,6,6,2
13303,LA MICHOACANA HOWARD,10,3,7,4,6
13304,LA MICHOACANA ICE CREAM SHOP,16,5,11,12,4
13305,LA MICHOACANA ICE CREAM SHOP 4,15,8,7,6,9
13306,LA MICHOACANA IN LOGAN SQUARE,7,2,5,3,4
13307,LA MICHOACANA IN PILSEN,4,0,4,3,1
13308,LA MICHOACANA JUGOLANDIA #1 LTD,2,1,1,0,2
13309,LA MICHOACANA LOGAN SQUARE,4,1,3,2,2
13310,LA MICHOACANA LOS PRIMOS,12,9,3,7,5
13311,LA MICHOACANA PLUS,3,0,3,3,0
13312,LA MICHOACANA PREMIIUM,8,4,4,5,3
13313,LA MICHOACANA PREMIUM,16,6,10,9,7
13314,"LA MICHOACANA PREMIUM DE CHICAGO,LLC.",6,3,3,3,3
13315,LA MICHOACANA PRIME,6,0,6,4,2
13316,LA MICHOACANA SUPREMA,12,5,7,5,7
13317,LA MICHOACANA THE GREEN PARTY INC.,13,5,8,8,5
13318,LA MICHOACANA VIP,3,0,3,2,1
13319,LA MICHOACANA Y EL SURTIDAZO BOTANERO,6,0,6,5,1
13320,LA MICHOACANA Y MAS INC.,13,3,10,8,5
13321,LA MICHOACANA ZAMORANA,5,1,4,3,2
13322,LA MICHOACANA/ FRUTILETA,2,0,2,2,0
13323,LA MICHOACANNA PREFERIDA,2,0,2,2,0
13324,LA MICHOAKANA,11,4,7,4,7
13325,LA MILPA GROCERY STORE,2,1,1,1,1
13326,LA MIXTECA POBLANA,21,3,18,15,6
13327,LA MIXTECA POBLANA 2 LLC,28,12,16,18,10
13328,LA MOM KITCHEN,9,2,7,5,4
13329,LA MONARCA,2,0,2,1,1
13330,LA MONARCA MICHOACANA RESTAURANT CORPORATION,2,1,1,1,1
13331,LA MONTANA,3,1,2,2,1
13332,LA MONTANA GROCERY,4,1,3,3,1
13333,"LA MORENITA MICHOACANA, INC.",7,3,4,4,3
13334,LA MUSHKILA,4,0,4,4,0
13335,LA NACIONAL,4,1,3,4,0
13336,LA NEVERITA ICE CREAM & ANTOJITOS,3,1,2,2,1
13337,LA NONNA,15,5,10,10,5
13338,LA NONNA FOODS.,2,1,1,1,1
13339,"LA NUEVA IMAGEN GROCERY, INC.",8,2,6,6,2
13340,LA NUEVA MICHOACANA #2,2,2,0,1,1
13341,LA OAXAQUENA,2,0,2,2,0
13342,"LA OAXAQUENA GROCERY, INC.",3,1,2,2,1
13343,LA PALAPA,8,1,7,6,2
13344,LA PALAPA INC.,34,12,22,16,18
13345,LA PALAPITA,21,12,9,8,13
13346,LA PALMA,17,8,9,9,8
13347,"LA PALMA CHICAGO ,LLC",2,0,2,2,0
13348,"LA PALMA DE MICHOCAN,  INC.",2,1,1,1,1
13349,LA PALMA EXPRESS,3,0,3,1,2
13350,LA PALMA RESTAURANT,21,8,13,8,13
13351,LA PALMA SUPERMERCADO,16,5,11,12,4
13352,LA PALMITA GROCERY INC.,2,1,1,1,1
13353,LA PANADERIA CENTRAL BAKERY,14,6,8,4,10
13354,LA PANE,9,5,4,4,5
13355,LA PANE HALAL PIZZA,4,1,3,3,1
13356,LA PAPA'S,9,4,5,5,4
13357,LA PARADA EN PILSEN,4,2,2,2,2
13358,LA PARRILLADA,2,1,1,2,0
13359,LA PASADITA,37,13,24,21,16
13360,LA PATISSERIE P,20,10,10,8,12
13361,LA PATRONA,8,2,6,3,5
13362,LA PATRONA TAQUERIA,4,1,3,3,1
13363,LA PENA,12,4,8,7,5
13364,LA PENA RESTAURANTE,25,7,18,14,11
13365,LA PENCA DE JALISCO CORP,6,2,4,3,3
13366,LA PEQUENA GROCERY,3,1,2,2,1
13367,"LA PERLA CHICAGO, RESTAURANT & LOUNGE",4,1,3,2,2
13368,LA PERLA DEL GUADIANA,2,1,1,1,1
13369,LA PERLA MIXTECA RESTAURANT,9,5,4,6,3
13370,LA PERLA NEGRA RESTAURANT,2,1,1,1,1
13371,LA PERLA TAPATIA,16,10,6,7,9
13372,LA PERLA TAPATIA #2,14,6,8,5,9
13373,LA PERLA TAPATIA BAKERY,16,6,10,8,8
13374,LA PESCA,8,1,7,6,2
13375,LA PETITE FOLIE,12,4,8,4,8
13376,LA PETITE PASTRY INC,9,3,6,0,9
13377,LA PHARMACIE,6,2,4,3,3
13378,LA PIRAMIDE RESTAURANT,14,7,7,5,9
13379,LA PIRAMIDE RESTAURANT CORPORATION,9,3,6,3,6
13380,LA PLACITA,28,13,15,12,16
13381,LA PLACITA DE DURANGO,20,7,13,12,8
13382,LA PLAZA FOOD MART INC,2,1,1,1,1
13383,"LA PLAZITA BAKERY, INC.",4,2,2,3,1
13384,LA PLENA RESTAURANT,15,9,6,3,12
13385,LA POSADA LOUNGE,3,0,3,3,0
13386,LA POTOSINA GROCERY,4,1,3,3,1
13387,LA PRIMAVERA GROCERY INC.,7,1,6,4,3
13388,LA PRIMERA,9,4,5,5,4
13389,LA PRINCESA GROCERY,2,0,2,2,0
13390,LA PROGRESSIVA PRE-SCHOOL,6,2,4,2,4
13391,LA PROVENCE,5,2,3,3,2
13392,LA PROVIDENCIA FOOD MART,11,4,7,4,7
13393,LA PUESTA DEL SOL,3,0,3,2,1
13394,LA PULQUERIA,15,5,10,14,1
13395,LA PULQUERIA / WINGS FIREHOUSE / PILSEN CAFE,3,1,2,2,1
13396,"LA QUEBRADA #3, INC.",19,9,10,9,10
13397,LA QUEBRADA #5,26,13,13,11,15
13398,LA QUEBRADA #6,4,3,1,1,3
13399,LA QUEBRADITA,7,3,4,4,3
13400,LA QUINTA DE LOS REYES,10,5,5,6,4
13401,LA QUINTA FOOD PRODUCTS,2,1,1,1,1
13402,LA QUINTA INN & SUITES,11,6,5,1,10
13403,LA QUINTA INN AND SUITES,2,0,2,1,1
13404,LA RABIDA CHILDREN'S HOSPITAL,7,2,5,1,6
13405,LA RAMONCITA GROCERY STORE,2,0,2,2,0
13406,LA REYNA DEL  NORTE RESTAURANT,8,1,7,6,2
13407,LA REYNA DEL SAZON,2,1,1,1,1
13408,LA REYNA MICHOACANA INC.,4,0,4,2,2
13409,"LA RICA MICHOACANA NEVERIA, LLC",19,8,11,10,9
13410,LA RICURA DISTRIBUTION LTD.,2,1,1,1,1
13411,LA ROCA,2,0,2,2,0
13412,"LA ROCA II, INC.",4,2,2,2,2
13413,LA ROCCIA,3,0,3,3,0
13414,LA ROKA CORP.,4,3,1,1,3
13415,LA ROQUETA DE ACAPULCO #2 INC.,4,2,2,2,2
13416,LA ROQUETA RESTAURANT,16,9,7,2,14
13417,LA ROQUITA,11,4,7,7,4
13418,LA ROSITA SUPERMARKET,2,1,1,1,1
13419,LA RUTA,3,1,2,2,1
13420,LA SABROSA RESTAURANT & PIZZERIA,4,0,4,3,1
13421,LA SABROSITA,3,1,2,3,0
13422,"LA SALLE CAFE LUNA, INC.",14,4,10,7,7
13423,LA SANDWICHERA,8,3,5,3,5
13424,"LA SARDINE,  INC.",16,7,9,7,9
13425,LA SCAROLA,21,5,16,14,7
13426,LA SERA CAFE,2,1,1,2,0
13427,LA SERENA,9,3,6,3,6
13428,LA SERPIENTE EMPLUMADA LLC,2,1,1,0,2
13429,LA SIERRA CORPORATION,8,4,4,2,6
13430,LA SIRENA,9,1,8,6,3
13431,LA SIRENA CLANDESTINA,20,5,15,11,9
13432,LA STORIA,14,8,6,5,9
13433,LA STRADA CAFE,11,7,4,4,7
13434,LA SUSHERIA COCINA FUSION,4,0,4,2,2
13435,LA TACOREA INC.,8,5,3,2,6
13436,LA TAPENADE EXPRESS E09,4,2,2,1,3
13437,LA TAPENADE GATE H14,16,7,9,2,14
13438,LA TAPENADES GATE H14,8,4,4,2,6
13439,"LA TAQUERIA EL PRIMO,INC.",8,3,5,6,2
13440,LA TAQUERIA LA PUERTA CORP,3,1,2,2,1
13441,LA TAQUIZA GRILL CORP.,7,1,6,5,2
13442,LA TERRAZA,4,0,4,3,1
13443,LA TERRAZA GALLO,7,3,4,5,2
13444,LA TIENDA ECUATORIANA ECUA PHONE CARDS,2,2,0,1,1
13445,LA TIENDITA FOODMART,3,0,3,2,1
13446,LA TIPICA TIENDITA,3,1,2,2,1
13447,LA TORTA CHILANGA,18,8,10,10,8
13448,LA TORTA CHILANGA #2,14,5,9,9,5
13449,LA TRAILITA,14,5,9,10,4
13450,LA TRATTORIA DEL MERLO,2,0,2,2,0
13451,LA TRES TARASCAS INC,4,1,3,2,2
13452,LA TRINIDAD,6,2,4,4,2
13453,LA TROPICANA,6,3,3,2,4
13454,"LA TROPICANA FOOD, INC.",2,1,1,1,1
13455,LA TROPICANA INC,17,10,7,8,9
13456,LA TROPICANA RESTAURANT,3,0,3,3,0
13457,LA TRUCHA ARCOIRIS,11,6,5,5,6
13458,LA TUYA GROCERY,6,2,4,3,3
13459,"LA UNICA FOOD MART, INC.",23,7,16,11,12
13460,LA UNIDAD GROCERY CORP.,2,1,1,1,1
13461,"LA V BAKERY, INC",3,0,3,2,1
13462,LA VACA MARGARITA BAR #2,8,2,6,7,1
13463,LA VECCHIA TRATTORIA INC,4,0,4,4,0
13464,LA VENCEDORA,3,1,2,2,1
13465,LA VICTORIA,3,0,3,2,1
13466,LA VILLA,27,16,11,8,19
13467,LA VILLA GROCERIES,2,1,1,2,0
13468,"LA VILLITA FOOD MARKET, INC.",3,1,2,2,1
13469,LA VILLITA GROCERY,5,2,3,3,2
13470,"LA VILLITA MICHOACANA,CORP",6,1,5,6,0
13471,LA VILLITA RESTAURANT,19,4,15,11,8
13472,LA VINA DEL MAR,18,7,11,6,12
13473,LA'RA'S,3,3,0,1,2
13474,LA'RA'S #!,6,0,6,5,1
13475,LAA-MUSHKILA RESTAURANT,9,3,6,6,3
13476,"LABAMBA JALISCO, INC.",9,5,4,2,7
13477,LABOR OF LOVE,4,1,3,3,1
13478,LABOR OF LOVE PERFORMNG ARTS ACADEMY,4,1,3,3,1
13479,LABRIOL BAKERY AND CAFE,5,2,3,4,1
13480,LABRIOLA BAKERY AND CAFE,8,1,7,5,3
13481,LABRIOLA BAKERY CAFE,25,8,17,14,11
13482,LACABANA,4,2,2,1,3
13483,LACALACA 22 LLC,2,1,1,0,2
13484,LACASA DEL PUEBLO TAQUERIA,12,4,8,6,6
13485,LACEBOLLITA GRILL,2,1,1,1,1
13486,LACOCO'S PIZZA & PASTA,8,2,6,4,4
13487,LACOCO'S PIZZA & WINGS,11,5,6,2,9
13488,LACUNA ENTERTAINMENT,5,1,4,4,1
13489,LADY ANN'S,3,0,3,3,0
13490,LADY BUG BOOK CAFE,7,3,4,4,3
13491,LADY DI'S BAKERY,12,6,6,4,8
13492,LADY GREGORY'S,21,8,13,9,12
13493,LADY GREGORY'S OLD TOWN,11,2,9,4,7
13494,"LADY GREGORY,S",2,0,2,1,1
13495,LADY MAY CHICAGO,6,2,4,3,3
13496,LADYBUG & FRIEND'S DAYCARE,10,2,8,7,3
13497,LADYBUG & FRIENDS DAYCARE AND PRESCHOOL,13,6,7,3,10
13498,"LADYBUG & FRIENDS DAYCARE AND PRESCHOOL EW,LLC",10,3,7,8,2
13499,"LADYBUG & FRIENDS DAYCARE AND PRESCHOOL IP, LLC",10,2,8,5,5
13500,LADYBUG BOOK CAFE,3,1,2,2,1
13501,LADYBUG MDL BELMONT3 LLC,3,2,1,0,3
13502,LADYBUG MDL LINCOLN1,11,6,5,5,6
13503,LADYBUG MDL VAN BUREN 4 LLC,7,0,7,6,1
13504,LAESPIGA DE ORO BAKERY,16,6,10,7,9
13505,LAFA,2,0,2,1,1
13506,LAFARINE BAKERY #2,10,6,4,4,6
13507,"LAFERIR INTERNET CAFE & GIFT SHOP, INC",3,1,2,2,1
13508,LAGNIAPPE-A CREOLE CAJUN JOYNT,12,3,9,9,3
13509,LAGO BANQUETS,19,3,16,11,8
13510,LAGO WINE BAR,9,1,8,7,2
13511,LAGOS FRUIT MARKET,9,4,5,4,5
13512,LAGRANJA RESTAURANT INC.,8,3,5,4,4
13513,LAGUARDIA'S CUBAN  BISTRO,3,2,1,1,2
13514,LAGUNITAS BREWING COMPANY,7,3,4,4,3
13515,LAHORE FOOD & GRILL,25,7,18,15,10
13516,LAHORI CHARGA,7,3,4,3,4
13517,LAI  LAI,3,1,2,2,1
13518,LAI LAI ORIENTAL EXPRESS,4,2,2,2,2
13519,LAI LAI RESTAURANT,12,5,7,4,8
13520,LAILA'S GRAND GAME ROOM INC,10,1,9,7,3
13521,LAINE'S BAKE SHOP,3,1,2,3,0
13522,LAKE & CICERO INC.,2,1,1,1,1
13523,LAKE & PULASKI CHILD DEVELOPMENT CENTER,21,11,10,10,11
13524,LAKE & UNION REST & LOUNGE,4,0,4,4,0
13525,LAKE BREEZE RESTAURANT,5,4,1,2,3
13526,LAKE FOOD,3,0,3,3,0
13527,LAKE FRONT CITGO,6,2,4,4,2
13528,LAKE GROCERY,5,1,4,2,3
13529,LAKE GROCERY STORE,3,0,3,2,1
13530,LAKE JUNCTION FISH & CHICKEN,2,0,2,1,1
13531,LAKE LANGANO ETHIOPIAN-CHINE,6,4,2,2,4
13532,LAKE POINT MARKET,8,3,5,3,5
13533,LAKE SHORE COMMISSARY,2,0,2,2,0
13534,LAKE SHORE HEALTH CARE & REHABILITATION CENTRE LLC,16,7,9,7,9
13535,LAKE SHORE SCHOOL,26,13,13,9,17
13536,LAKE SHORE SCHOOLS,29,9,20,7,22
13537,LAKE STREET QUICK STOP,2,1,1,2,0
13538,LAKE VIEW FOODS INC,3,1,2,2,1
13539,LAKE VIEW LUTHERAN CHURCH,3,1,2,0,3
13540,LAKE VIEW YMCA,2,1,1,1,1
13541,LAKE WESTERN CITGO,4,3,1,3,1
13542,LAKE'S BEST PIZZERIA,10,2,8,7,3
13543,LAKEBREEZE,13,2,11,11,2
13544,LAKEFRONT CHILDREN'S ACADEMY,12,8,4,1,11
13545,LAKEFRONT NURSING & REHAB CENTER,11,8,3,5,6
13546,"LAKEFRONT NURSING & REHABILITATION CENTER, LLC",10,6,4,7,3
13547,LAKELAND INC,17,3,14,10,7
13548,LAKESHORE CONVENIENCE STORE,2,0,2,1,1
13549,"LAKESHORE LEARNING ACADEMY, INCORPORATED",13,4,9,5,8
13550,"LAKESHORE RACQUET CLUB, INC.",4,2,2,2,2
13551,LAKESHORE SPORT & FITNESS,33,11,22,18,15
13552,"LAKESIDE ACADEMY, INC",9,5,4,5,4
13553,LAKESIDE BAR,2,0,2,1,1
13554,LAKESIDE BOARDING HOME,8,1,7,7,1
13555,LAKESIDE CENTER,6,4,2,5,1
13556,"LAKESIDE CONVENIENT, INC.",5,1,4,2,3
13557,LAKESIDE FOOD WINE SPIRITS 2,2,0,2,0,2
13558,LAKESIDE FOOD WINE SPIRITS LLC,3,1,2,3,0
13559,LAKESIDE MARKET,2,0,2,0,2
13560,LAKEVIEW BASEBALL CLUB,17,5,12,10,7
13561,LAKEVIEW BEER WINE SPIRITS,2,2,0,0,2
13562,LAKEVIEW FOOD & LIQUOR,7,4,3,5,2
13563,LAKEVIEW FOOD PANTRY,3,0,3,2,1
13564,LAKEVIEW KITCHEN & MARKET,9,4,5,2,7
13565,"LAKEVIEW MARKET FOOD, WINE & SPIRITS",6,1,5,4,2
13566,LAKEVIEW NURSING & GER CENTRE,6,2,4,3,3
13567,LAKEVIEW PRESCHOOL ACADEMY,6,0,6,1,5
13568,LAKEVIEW REHABILITATION AND NURSING CENTER,13,5,8,6,7
13569,LAKEVIEW REWIRED CAFE,13,4,9,7,6
13570,LAKEVIEW TAPROOM,5,2,3,3,2
13571,LALA FOOD MART,9,4,5,5,4
13572,LALIBELA RESTAURANT,17,4,13,10,7
13573,LALICH DELICATESSEN,16,10,6,3,13
13574,LALO  RESTAURANT,17,4,13,8,9
13575,LALO SUBWAY INC,10,4,6,3,7
13576,LALO'S,3,1,2,3,0
13577,LALO'S MEXICAN AND TEQUILA BAR,11,5,6,6,5
13578,LALO'S MEXICAN RESTAURANT,21,11,10,8,13
13579,LALOS MEXICAN RESTAURANT,18,13,5,3,15
13580,"LAMADIA - ART OF PIZZA, LOVE OF WINE",10,3,7,6,4
13581,LAMAJAK,2,0,2,0,2
13582,LAMAR FOOD,2,0,2,2,0
13583,LAMONTS GIFT SHOP,3,2,1,1,2
13584,LAN KWAI FONG BAR & GRILL,2,1,1,0,2
13585,LAN'S CAFE,5,2,3,3,2
13586,LANA'S RESTAURANT & GROCERY INC.,3,1,2,2,1
13587,LANA'S RESTAURANT INC,3,1,2,1,2
13588,LAND AND LAKE KITCHEN,8,4,4,5,3
13589,LAND AND LAKE KITCHEN ANDERSONVILLE,5,0,5,3,2
13590,LAND AND LAKE RAVENSWOOD,9,4,5,7,2
13591,LANDBIRDS,6,2,4,4,2
13592,LANDMARK CENTURY CENTRE CINEMA,6,3,3,3,3
13593,LANE TECH HIGH SCHOOL,21,11,10,9,12
13594,LANGLEY CITGO,2,0,2,1,1
13595,LANGOSTA NAYARITA,13,2,11,8,5
13596,"LANGOSTA NAYARITA OF CHICAGO, LLC",4,1,3,1,3
13597,LANGSTON HUGHES,26,10,16,12,14
13598,LANS,34,10,24,26,8
13599,LANZHOU DOODLES,8,4,4,6,2
13600,LAO BEIJING RESTAURANT,17,10,7,6,11
13601,LAO HUNAN,11,6,5,3,8
13602,LAO HUNAN CHINESE RESTAURANT,12,5,7,5,7
13603,LAO MA LA CHINESE RESTAURANT,4,1,3,2,2
13604,LAO PENG YOU LLC,8,3,5,5,3
13605,LAO SHANGHAI RESTAURANT,11,4,7,6,5
13606,LAO SZE CHUAN,53,11,42,32,21
13607,LAO SZE CHUAN GRANT PARK,8,1,7,6,2
13608,LAO SZE CHUAN RESTAURANT,35,15,20,16,19
13609,LAO SZE CHUAN UPTOWN,20,7,13,13,7
13610,LAO YOU JU CHINESE BAR AND RESTAURANT,19,13,6,6,13
13611,LAO YUNNAN,14,4,10,8,6
13612,LAO YUNNAN RESTAURANT,9,2,7,6,3
13613,LAOJIUMEN HOTSPOT INC,4,1,3,2,2
13614,LAPAZ RESTAURANT,8,1,7,5,3
13615,LARA,19,10,9,5,14
13616,LARABIDA CHILDREN'S HOSPITAL,16,7,9,4,12
13617,LARAMIE & LAKE FOOD MART,5,1,4,3,2
13618,LARAMIE BAKERY & DELI,26,14,12,10,16
13619,LARAMIE FOOD & LIQUOR,4,3,1,2,2
13620,"LARAMIE FOOD GROUP, INC.",4,2,2,3,1
13621,LARAMIE GRILL & SUB INC.,2,0,2,2,0
13622,LARAMIE MINI MARKET INC.,5,3,2,4,1
13623,LARAMIE MINI MART 1,6,3,3,4,2
13624,LARAMIE MINI MART 2,4,1,3,3,1
13625,LARDON & THE UNION TAPROOM & THE MEADOWLARK,4,1,3,0,4
13626,LAREYNA POLAR,2,0,2,2,0
13627,LARISTOS,2,0,2,2,0
13628,LARK,14,4,10,9,5
13629,LARRY BARRY,4,0,4,3,1
13630,LARRY'S,2,1,1,2,0
13631,LARRY'S KIDDIE CITY CENTER,2,0,2,2,0
13632,LARSA'S MEDITERRANEAN RESTAURANT,7,1,6,5,2
13633,LAS 3 ISLAS DE NAYARIT,4,2,2,2,2
13634,LAS AMERICAS,5,2,3,3,2
13635,LAS AMERICAS APARTMENTS,14,5,9,5,9
13636,LAS AMERICAS FOOD& LIQUOR INC.,11,4,7,7,4
13637,LAS AMERICAS GRILL,3,0,3,1,2
13638,LAS ASADAS,38,14,24,16,22
13639,LAS ASADAS MAR Y TIERRA,4,2,2,4,0
13640,LAS ASADAS MEXICAN GRILL,4,1,3,3,1
13641,LAS ASADAS RESTAURANT,8,5,3,1,7
13642,LAS BRISAS DEL MAR,23,11,12,12,11
13643,LAS CARNITAS URUAPAN,8,2,6,5,3
13644,LAS CAZUELAS,7,3,4,3,4
13645,LAS CAZUELAS GRILL INC.,10,6,4,3,7
13646,LAS CEREZAS INC.,3,1,2,2,1
13647,LAS CUARTRO PERLAS INC,4,1,3,4,0
13648,LAS DELICIAS BAKERY,15,8,7,9,6
13649,LAS DELICIAS DE LA MICHOACANA LLC,5,1,4,2,3
13650,LAS DELICIAS DE MICHOACAN,9,4,5,5,4
13651,LAS DELICIAS DE MICHOACAN INC,4,1,3,2,2
13652,LAS DELICIAS DE MORELIA,8,5,3,2,6
13653,"LAS DELICIAS DE MORELIA, INC.",10,3,7,6,4
13654,LAS DELICIAS LATINAS,2,2,0,2,0
13655,"LAS DELICIAS LATINAS, INC.",15,11,4,6,9
13656,LAS DELICIAS MICHEL ICE CREAM SHOP,2,0,2,1,1
13657,LAS ESPERANZAS,22,8,14,7,15
13658,LAS FRESAS,7,1,6,5,2
13659,LAS FUENTES,25,9,16,15,10
13660,LAS FUENTES ICE CREAM CORP,11,6,5,4,7
13661,LAS GAMA'S RESTAURANT,3,1,2,3,0
13662,LAS GEMELAS FRUIT MARKET,3,0,3,2,1
13663,"LAS GLORIAS SUPERMARKET, INC.",2,1,1,2,0
13664,LAS GORDITAS DEL NIETO DE DON ANGEL INC.,4,3,1,2,2
13665,LAS ISABELAS,5,1,4,3,2
13666,LAS ISAVELLAS TAQUERIA,5,3,2,2,3
13667,LAS ISLAS DE NAYARIT,4,2,2,3,1
13668,LAS ISLAS MARIAS,186,62,124,112,74
13669,LAS ISLAS MARIAS II,11,5,6,4,7
13670,LAS ISLAS MARIAS MOLOLOA,3,3,0,0,3
13671,LAS ISLAS MARINAS,4,3,1,1,3
13672,LAS MANANITAS INC,14,8,6,5,9
13673,LAS MANAS TAMALES,3,0,3,2,1
13674,LAS MARAVILLAS RESTAURANT,5,2,3,2,3
13675,LAS MOJARRAS RESTAURANT,18,8,10,7,11
13676,LAS PALMAS,12,2,10,9,3
13677,"LAS PALMAS OF CHICAGO ON PULASKI, INC.",8,1,7,5,3
13678,LAS PALMAS RESTAURANT,14,6,8,6,8
13679,LAS PALMAS RESTAURANTE CORP.,3,0,3,3,0
13680,LAS PICOSAS CO,22,9,13,9,13
13681,LAS PINATAS MEXICAN RESTAURANT,2,0,2,2,0
13682,LAS QUECAS,20,9,11,9,11
13683,LAS QUINCE LETRAS,3,2,1,2,1
13684,LAS ROSAS,2,1,1,2,0
13685,LAS ROSAS MARKET INC,6,4,2,3,3
13686,LAS SISTERS INC,2,0,2,1,1
13687,LAS SISTERS INC.,5,0,5,4,1
13688,LAS TABLAS,35,11,24,19,16
13689,LAS TABLAS ON LINCOLN,25,14,11,11,14
13690,LAS TARASCAS DE MORELIA,4,1,3,1,3
13691,LAS TORRES,8,4,4,4,4
13692,LAS TOXICAS #2,4,0,4,3,1
13693,LAS TRADICIONALES,5,2,3,4,1
13694,LAS TRADICIONALES BAKERY CORP.,3,1,2,1,2
13695,LAS TRES CAMPANITAS,4,1,3,3,1
13696,LAS TRES CAMPANITAS #2,8,3,5,4,4
13697,LAS TRES CAMPANITAS #7 INC.,4,0,4,3,1
13698,LAS TRES CAMPANITAS INC #2,15,8,7,3,12
13699,LAS TRES CAMPINITAS,7,4,3,2,5
13700,"LAS TRES COSTENITAS RESTAURANT, INC.",5,2,3,4,1
13701,LAS VILLAS BAKERY & CAFE,2,1,1,1,1
13702,LASALLE CAFE LUNA,4,4,0,1,3
13703,LASALLE HOTEL CHICAGO,7,0,7,5,2
13704,LASALLE ST. NEWS STAND,2,1,1,0,2
13705,LASALLE ll LANGUAGE MAGNET SCHOOL,15,5,10,3,12
13706,LASANI ZABIHA MEAT & GROCERY,13,4,9,5,8
13707,LASCHET'S INN,20,5,15,12,8
13708,LASHON'S ANGELIC LEARNING CENTER LLC,10,0,10,10,0
13709,LAST BAY BEER COMPANY LLC,11,6,5,5,6
13710,LAST CALL LOUNGE,7,5,2,1,6
13711,LAST PIT STOP FOOD,7,3,4,4,3
13712,LATAMBENITA,2,0,2,1,1
13713,LATE BLOOMER,2,0,2,2,0
13714,LATE NIGHT THAI AND SUSHI,14,7,7,6,8
13715,LATE NIGHT THAI INC.,3,2,1,2,1
13716,LATIN AMERICAN BAKERY,15,7,8,5,10
13717,LATIN AMERICAN MOTORCYCLE ASSOCIATION,8,1,7,5,3
13718,LATIN AMERICAN REST & LOUNGE,32,10,22,21,11
13719,LATIN CORNER RESTAURANT,4,0,4,3,1
13720,LATIN FUEGO,3,0,3,2,1
13721,LATIN FUSION,2,0,2,0,2
13722,LATIN PATIO,19,6,13,9,10
13723,LATIN RHYTHIMS ACADEMY OF DANCE & PERFORMANCE,5,3,2,2,3
13724,LATIN SCHOOL OF CHICAGO,18,7,11,14,4
13725,LATINICITY,27,11,16,17,10
13726,LATINO MART & DOLLAR +,2,1,1,1,1
13727,LATINO MEAT & PRODUCE,2,1,1,1,1
13728,LATINO'S BAR & RESTAURANT,4,0,4,3,1
13729,LATITUDE20 LLC,2,0,2,0,2
13730,LATIZI,3,1,2,1,2
13731,LAUGH FACTORY CHICAGO,17,3,14,12,5
13732,LAUGHS AND GIGGLES CHILDREN'S ACADEMY,16,6,10,8,8
13733,LAURA WARD ELEMENTARY,15,5,10,8,7
13734,LAURA WARD ELEMENTARY SCHOOL,4,1,3,1,3
13735,LAURA'S CATERING SERVICE,2,1,1,1,1
13736,LAURA'S PIZZA AND PASTA INC.,5,2,3,4,1
13737,LAURASSI RESTAURANT,3,1,2,1,2
13738,LAUREL ROOM,4,0,4,1,3
13739,LAURENCE ARMOUR DAY SCHOOL,19,13,6,3,16
13740,LAURIE'S REST & COCKTAIL LOUNG,2,1,1,1,1
13741,LAURO'S TACOS,5,2,3,3,2
13742,LAVA LOUNGE,3,1,2,0,3
13743,LAVASH,6,1,5,2,4
13744,LAVASH MEDITERRANEAN GRILL,10,2,8,6,4
13745,LAVAZZA,19,9,10,6,13
13746,LAVAZZA - ESPRESSION BY LAVAZZA,2,1,1,1,1
13747,LAVAZZA CAFE,9,3,6,5,4
13748,LAVAZZA ESPRESSION,5,3,2,1,4
13749,LAVISH LYFE STAFFING,3,0,3,2,1
13750,LAVO ASIAN GRILL INC.,4,1,3,3,1
13751,LAW DAWGS,8,2,6,5,3
13752,"LAWLESS, CORPORATION",2,2,0,1,1
13753,LAWN,5,3,2,1,4
13754,LAWN MAGIC LOUNGE,7,4,3,2,5
13755,LAWNDALE COMMUNITY ACADEMY,28,9,19,13,15
13756,LAWNDALE COMMUNITY DAY CARE,15,4,11,3,12
13757,LAWNDALE FOOD MARKET,17,8,9,8,9
13758,LAWNDALE FOOD WINE & SPIRITS INC,6,3,3,4,2
13759,LAWNDALE MOBIL MART,3,1,2,3,0
13760,LAWNDALE QUIK MARKET,2,2,0,2,0
13761,LAWNYA'S KITCHEN,4,1,3,3,1
13762,LAWREL LIQUORS,2,0,2,1,1
13763,"LAWRENCE AVENUE HOT DOG STAND,INC",3,0,3,2,1
13764,LAWRENCE ELEMENTARY,5,4,1,1,4
13765,LAWRENCE FISH MARKET,10,4,6,5,5
13766,LAWRENCE FOOD AND GROCERY,2,1,1,1,1
13767,LAWRENCE FRUIT MARKET,20,10,10,9,11
13768,LAWRENCE GAS & SUPER MINI MART,9,6,3,6,3
13769,LAWRENCE GRILL,2,0,2,2,0
13770,LAWRENCE GROCERY & DOLLAR INC,3,0,3,2,1
13771,LAWRENCE GROCERY & MEAT,2,0,2,1,1
13772,LAWRENCE HALL,4,1,3,3,1
13773,LAWRENCE HALL YOUTH SERVICE,16,4,12,7,9
13774,LAWRENCE MARKET CO,3,1,2,2,1
13775,LAWRENCE PASTRY SHOP,19,8,11,6,13
13776,"LAWRENCE POULTRY, INC.",3,2,1,1,2
13777,LAWRENCE PRODUCE & MEAT,4,0,4,3,1
13778,LAWRENCE SHELL,4,1,3,3,1
13779,LAWRENCE SNACK SHOP,2,1,1,1,1
13780,LAWRENCE'S FISH & SHRIMP,13,6,7,3,10
13781,"LAWRENCE'S FISHERIES, INC.",17,11,6,2,15
13782,LAWRENE FISH MARKET,21,6,15,12,9
13783,LAWRY'S THE PRIME RIB,16,5,11,10,6
13784,LAXI LIQUOR,4,1,3,2,2
13785,LAYFAYETTE,5,2,3,2,3
13786,LAYMON'S,2,1,1,2,0
13787,LAYMON'S BBQ CATERING AND HOMEMADE SAUSAGES,8,5,3,3,5
13788,LAZARO CARDENAS BRANCH,17,9,8,6,11
13789,LAZARO CARDENAS ELEMENTARY,22,11,11,9,13
13790,LAZARO CARDENAS SOUTH,5,1,4,1,4
13791,LAZO'S TACOS,22,8,14,14,8
13792,"LAZO'S TACOS, INC",14,4,10,6,8
13793,LAZY CAMEL & WESTERN WINE & SPIRITS,12,5,7,9,3
13794,LAZZARA'S CAFE INC.,3,1,2,2,1
13795,LAZZAT,6,3,3,4,2
13796,LB WILSON LLC-LA BOULANGERIE,14,6,8,11,3
13797,LD PHO,11,8,3,4,7
13798,LE BOUCHON,18,4,14,9,9
13799,LE CAFE,15,4,11,8,7
13800,LE CAFE GRILL,5,1,4,2,3
13801,LE CLAIRE HEADSTART CENTER,5,1,4,4,1
13802,LE COLONIAL,10,4,6,5,5
13803,LE DUCK,4,2,2,2,2
13804,LE FLEUR DE LIS,14,5,9,9,5
13805,LE FLOUR BAKE SHOP & MARKET INC.,14,5,9,5,9
13806,LE FRENCH PATTISSERIE,3,1,2,2,1
13807,LE MACARON FRENCH PASTRIES,3,2,1,2,1
13808,LE MOON COFFEE SHOP,3,2,1,3,0
13809,LE MOYNE FAMILY MARKET,4,2,2,2,2
13810,LE NOCTURNE,7,1,6,5,2
13811,LE PAIN QUOTIDIEN,81,37,44,54,27
13812,LE PARIS BAKERY,28,9,19,12,16
13813,LE PARIS BAKERY NO 2 INC,16,8,8,5,11
13814,LE PASSAGE,6,2,4,4,2
13815,LE PIANO,16,3,13,13,3
13816,LE PITA,6,3,3,2,4
13817,LE PITA FRESH,8,2,6,6,2
13818,LE POPULAR BAKERY,5,2,3,3,2
13819,LE POULET,5,2,3,3,2
13820,LE SUD,14,7,7,11,3
13821,LE'S PHO,14,5,9,9,5
13822,LE'SELECT,4,2,2,1,3
13823,LEADBELLY,7,5,2,2,5
13824,LEADER BAR,14,2,12,10,4
13825,LEAGUE CHILD DEVELOPMENT CENTER,15,7,8,4,11
13826,LEAH'S PANCAKE HOUSE,2,0,2,2,0
13827,LEAMINGTON FOODS,37,10,27,18,19
13828,LEAMINGTON FOODS INC,32,13,19,11,21
13829,LEANS NUTRITION CLUB,9,2,7,6,3
13830,LEAPS OF LEARNING CHILDCARE CENTER INC.,8,2,6,3,5
13831,LEARN & GROW CHILDCARE,11,3,8,6,5
13832,LEARN CHARTER SCHOOL,19,11,8,4,15
13833,LEARN CHARTER SCHOOL CARROLL CAMPUS,7,3,4,3,4
13834,LEARN TOGETHER GROW TOGETHER CHID DEVELOPMENT CENT,3,2,1,1,2
13835,LEARN TOGETHER GROW TOGETHER CHILD DEVELOPMENT CEN,25,7,18,6,19
13836,LEARNING EXPRESS CHILD CARE,8,3,5,2,6
13837,"LEARNING LEGACY CHILD CARE CENTER, INC",9,3,6,5,4
13838,LEARNING THROUGH PLAY CENTER LLC,13,4,9,4,9
13839,"LEARNING TREE PRESCHOOL AND NURSERY, INC.",16,5,11,4,12
13840,LEAVITT STREET TAVERN,8,3,5,4,4
13841,LEBAIL,3,1,2,1,2
13842,LEBANESE MEAT MARKET,15,4,11,11,4
13843,LEBANON BITES  RESTAURANT INC.,3,1,2,3,0
13844,LEBNAN SWEETS,3,2,1,1,2
13845,LEE ELEMENTARY,22,11,11,7,15
13846,LEE GROCERY INC,2,1,1,1,1
13847,LEE WING WAH,30,14,16,11,19
13848,LEE'S CUDDLES N CARE INC.,18,9,9,7,11
13849,LEE'S GARDEN CHINESE FOOD,16,5,11,6,10
13850,LEE'S UNLEADED BLUES,2,1,1,1,1
13851,LEE'S WOK,39,18,21,18,21
13852,LEEN'S FOOD,5,0,5,4,1
13853,"LEEN'S PIZZA & GRILL, INC.",3,1,2,2,1
13854,LEFT COAST FOOD + JUICE,26,6,20,17,9
13855,LEFT COAST WELLS,7,2,5,4,3
13856,LEG ROOM,2,1,1,1,1
13857,LEGACY CAFE AND SUPPER CLUB,7,3,4,5,2
13858,LEGACY CHARTER SCHOOL,8,1,7,6,2
13859,LEGAL PREP CHARTER ACADEMY,15,6,9,7,8
13860,LEGEE RICE AND NOODLES,7,4,3,3,4
13861,LEGEND FOOD MART,2,2,0,1,1
13862,LEGEND SPICY BAR,2,1,1,1,1
13863,LEGEND TASTY HOUSE,9,1,8,7,2
13864,LEGHORN CHCIKEN 2,7,2,5,6,1
13865,LEGHORN CHICKEN,8,5,3,4,4
13866,"LEILA'S FOOD MARKET, INC.",5,2,3,3,2
13867,LEILALOVE,3,2,1,2,1
13868,LELAND ELEMENTARY SCHOOL,16,6,10,7,9
13869,LELAND SPA AND SMOOTHIES,3,1,2,2,1
13870,LEMEN SUN CORP.,2,1,1,1,1
13871,LEMME GET UMMM,3,1,2,2,1
13872,LEMON CHICAGO,4,2,2,2,2
13873,LEMON GRASS RESTAURANT,13,6,7,3,10
13874,LEMON SHARK,3,1,2,3,0
13875,LEMON TREE EXPRESS,6,2,4,2,4
13876,LEMONS ENTERPRISES INC.,21,9,12,7,14
13877,LENA'S PIZZA,18,6,12,6,12
13878,"LENORA'S PLACE DAYCARE AND LEARNING CENTER, LLC",6,2,4,3,3
13879,LENORE'S KITCHEN,7,1,6,2,5
13880,LEO HIGH SCHOOL,21,11,10,9,12
13881,LEO'S BEEF,2,0,2,2,0
13882,"LEO'S FAST FOOD, INC.",3,0,3,3,0
13883,LEO'S FOOD AND LIQUOR,2,0,2,2,0
13884,LEO'S FOOD MART,3,0,3,2,1
13885,LEO'S SANDWICHES AND WINGS,4,2,2,3,1
13886,LEON'S BAR-B-QUE,7,3,4,4,3
13887,LEON'S BAR-B-QUE-#4,13,3,10,4,9
13888,LEON'S BBQ,5,0,5,1,4
13889,"LEON'S CHICAGO'S BEST, INC",18,5,13,13,5
13890,LEON'S ON 63RD ST.,3,0,3,3,0
13891,LEONA'S,4,2,2,2,2
13892,LEONA'S   PIZZA,5,1,4,4,1
13893,LEONA'S PIZERIA,5,1,4,2,3
13894,LEONA'S PIZZA,36,9,27,27,9
13895,LEONA'S PIZZERIA,70,28,42,30,40
13896,"LEONA'S PIZZERIA, INC.",25,11,14,8,17
13897,LEONA'S RESTAURANT,66,24,42,37,29
13898,LEONARDO'S PIZZA,4,1,3,2,2
13899,LEONARDO'S RISTORANTE TUSCAN BISTRO,16,7,9,11,5
13900,LEONAS,11,6,5,3,8
13901,LEONIDAS CAFE CHOCOLATERIE,12,7,5,5,7
13902,LEOPOLD,8,4,4,4,4
13903,LES FINCH'S LEARNING TREE,3,1,2,1,2
13904,"LES FINCH'S LEARNING TREE, INC.",16,9,7,5,11
13905,LES NOMADES LIMITED PRTNERSHP,20,9,11,9,11
13906,LESLIE'S PIZZA CORP.,2,1,1,1,1
13907,LET THEM EAT CAKE,8,0,8,1,7
13908,LET THEM EAT CAKE 2,8,1,7,1,7
13909,LET THEM EAT CHOCOLATE! CO.,2,1,1,1,1
13910,LET'S EAT THAI,9,1,8,8,1
13911,LET'S EAT TO LIVE,3,1,2,2,1
13912,"LET'S GET POPPIN, INC.",12,4,8,4,8
13913,LET'S GO DINER,2,2,0,1,1
13914,LETIZA'S NATURAL BAKERY / ENOTECA ROMA,23,11,12,8,15
13915,LETS PLAY ARCHER,2,0,2,2,0
13916,LETTUCE MIX,3,1,2,1,2
13917,LETTY'S TACOS,4,1,3,3,1
13918,LEUNG'S  CHOP SUEY,20,8,12,6,14
13919,LEVAIN BAKERY,5,1,4,2,3
13920,LEVANT COFFEE,2,0,2,2,0
13921,LEVEL 1 RESTAURANT CG LLC,2,1,1,1,1
13922,LEVEL 10/24,2,1,1,1,1
13923,LEVINSONS INC,16,11,5,4,12
13924,LEVY PREMIUM FOOD SERVICE LIMITED PARTNERSHIP,19,7,12,9,10
13925,LEVY PREMIUM FOODSERVICE,6,1,5,1,5
13926,LEVY PREMIUM FOODSERVICE LIMITED PARTNERSHIP,43,15,28,11,32
13927,LEVY RESTAURANT AT U.S.CELLULAR FIELD,3,2,1,1,2
13928,LEVY RESTAURANTS,10,3,7,1,9
13929,LEVY RESTAURANTS @ LINCOLN PARK ZOO,11,4,7,2,9
13930,LEVY RESTAURANTS @ WRIGLEY FIELD,32,6,26,23,9
13931,LEVY RESTAURANTS AT GAURANTEED RATE FIELD,14,6,8,3,11
13932,LEVY RESTAURANTS AT GUARANTEED RATE FIELD,29,9,20,9,20
13933,LEVY RESTAURANTS AT U.S CELLULAR FIELD,6,2,4,2,4
13934,LEVY RESTAURANTS AT UNITED CENTER,48,21,27,17,31
13935,LEVY RESTAURANTS AT WRIGLEY FIELD,87,51,36,17,70
13936,LEVY'S RESTAURANTS AT GUARANTEED RATE FIELD,15,8,7,2,13
13937,LEVY(EVENTS)LIMITED PARTNERSHIP,11,6,5,4,7
13938,LEVY@ JIM BEAM PATIO,2,2,0,0,2
13939,LEVY@WRIGLEY,2,0,2,0,2
13940,LEX CHINESE,7,4,3,4,3
13941,LEXINGTON BETTY SMOKE HOUSE,2,1,1,1,1
13942,LEXINGTON BETTY SMOKE HOUSE #1 INC,3,1,2,3,0
13943,LEXINGTON BETTY SMOKEHOUSE,8,1,7,5,3
13944,LEZ ENFANTS ACADEMY INC.,18,10,8,6,12
13945,"LFP CHURRO #1, LLC",2,1,1,1,1
13946,LG 25 FOOD & LIQUOR,3,2,1,1,2
13947,LI HING INC.,13,5,8,4,9
13948,LIAM DOLLAR PLUS,3,1,2,2,1
13949,LIAN'S,3,2,1,1,2
13950,LIANG CRISPY ROLL,2,0,2,1,1
13951,LIANG'S KITCHEN,11,4,7,4,7
13952,LIBERO CAFE,15,5,10,11,4
13953,LIBERTY CAFE INC.,5,0,5,4,1
13954,LIBERTY HOUSE CAFE LLC,3,2,1,3,0
13955,LICKITY SPLIT FROZEN CUSTARD & SWEETS,16,8,8,7,9
13956,LICORICE,8,2,6,5,3
13957,LIDO'S  CAFFE  EAST,2,1,1,1,1
13958,"LIDO, INC.",19,4,15,9,10
13959,"LIEZ-NEY-LAND LEARNING CENTER, INC.",5,2,3,1,4
13960,LIFE FORCE CAFE,2,2,0,1,1
13961,LIFE LLC,9,4,5,4,5
13962,LIFE ON  MARS,2,1,1,1,1
13963,LIFE SPRING HEALTH FOOD,8,5,3,1,7
13964,LIFE STYLE,4,1,3,3,1
13965,LIFE TIME RIVER NORTH AT ONE CHICAGO,5,3,2,2,3
13966,LIFE'S A CABERNET,3,1,2,2,1
13967,LIFE'S SWEET INC,7,4,3,4,3
13968,LIFESTYLE CENTER,5,2,3,3,2
13969,LIFESTYLE CHANGE NUTRITION & FITNESS,3,0,3,2,1
13970,LIFESTYLE NUTRITION,2,1,1,1,1
13971,LIFESTYLES TUCK SHOP,6,2,4,4,2
13972,LIFEWAY KEFIR SHOP,28,9,19,12,16
13973,LIFEWORKS C/O CAPITAL ONE,6,4,2,1,5
13974,LIFTED MART CORP.,6,2,4,4,2
13975,LIGHT CAFE INC0RPORATED,3,2,1,1,2
13976,LIGHT HOUSE,5,2,3,4,1
13977,LIGHT HOUSE LLC,4,0,4,3,1
13978,LIGHTHOUSE ARTSPACE CHICAGO,7,2,5,4,3
13979,LIGHTHOUSE BAR AND GRILL,2,2,0,2,0
13980,LIGHTHOUSE CLARK LLC,4,2,2,4,0
13981,LIIDO GRILL,7,2,5,5,2
13982,LIKE IT USED TO BE SOUL FOOD,3,0,3,2,1
13983,LIL BJS VARIETY SHOP,2,1,1,1,1
13984,"LIL BUDDY'S, INC.",3,1,2,1,2
13985,LIL EINSTEIN'S INSTITUTE FOR SCHOLARS,13,5,8,8,5
13986,LIL GUYS & MY PIE TOO,14,8,6,3,11
13987,LIL JJ'S,3,1,2,2,1
13988,LIL JJ'S FISH CHICKEN & MORE,7,4,3,4,3
13989,LIL PEG'S,4,1,3,1,3
13990,LIL SAM,3,0,3,2,1
13991,LIL SAMS MINI MART,2,1,1,1,1
13992,LIL' BA-BA-REEBA!,3,0,3,2,1
13993,LIL' SCHOLARS LEARNING CENTER,2,0,2,1,1
13994,LIL' SCHOLARS LEARNING CENTER LLC,9,2,7,5,4
13995,LIL'S DIETARY SPECIALTY SHOP,2,1,1,1,1
13996,LILAC TIGER,4,2,2,2,2
13997,LILCOUNTRY SOUL FOOD,7,2,5,4,3
13998,LILIW M3 ORIENTAL STORE INC.,2,0,2,1,1
13999,LILLIE'S PARK GRILL & CAFE,7,1,6,5,2
14000,LILLIE'S Q,33,13,20,16,17
14001,LILLY BELL'S DINNER,20,5,15,15,5
14002,LILLY'S QUICK MART & FRESH DELI INC,2,1,1,1,1
14003,LILUVA SALUD Y VIDA,2,0,2,1,1
14004,LILY SUPERMARKET,16,8,8,8,8
14005,LILYPAD,10,3,7,5,5
14006,"LILYS KWICK STOP 1, LLC.",3,1,2,2,1
14007,LIME LEAF,4,2,2,3,1
14008,LIMELIGHT,18,6,12,8,10
14009,LIMITLESS COFFEE,2,1,1,2,0
14010,LIMITLESS COFFEE & TEA,12,4,8,8,4
14011,LIN'S CHINESE RESTAURANT,7,5,2,3,4
14012,LINA PITA,3,1,2,2,1
14013,LINA'S PIZZA INC,11,6,5,6,5
14014,LINCOLN AVE SUBWAY,4,2,2,2,2
14015,LINCOLN AVENUE MAID-RITE DINER,2,0,2,1,1
14016,LINCOLN AVENUE SOCIAL,6,2,4,6,0
14017,LINCOLN CAFE AND MARKET LLC,2,1,1,1,1
14018,LINCOLN HALL,21,7,14,10,11
14019,LINCOLN ICE CREAM COMPANY LLC,3,0,3,2,1
14020,LINCOLN KARAOKE,18,5,13,8,10
14021,LINCOLN KING DAY CARE,12,2,10,10,2
14022,LINCOLN PARK FOOD AND LIQUOR,3,1,2,0,3
14023,LINCOLN PARK HOSPITAL,2,0,2,2,0
14024,LINCOLN PARK MARKET INC,5,2,3,3,2
14025,LINCOLN PARK PIZZA,18,2,16,14,4
14026,LINCOLN PARK PRE K,4,0,4,3,1
14027,LINCOLN PARK PRE-SCHOOL,14,6,8,7,7
14028,LINCOLN PARK PRESCHOOL,16,2,14,7,9
14029,LINCOLN PARK PRESCHOOL & KINDERGARTEN,9,3,6,3,6
14030,"LINCOLN PARK PRESCHOOL & KINDERGARTEN,INC",4,1,3,2,2
14031,LINCOLN PARK PRESCHOOL AND KINDERGARTEN,5,3,2,2,3
14032,LINCOLN PARK STADIUM BAR AND GRILL,16,5,11,10,6
14033,LINCOLN PARK TERRACE INC,5,2,3,1,4
14034,LINCOLN PARK'S NOODLE HOUSE,7,3,4,3,4
14035,LINCOLN PERK,2,1,1,2,0
14036,LINCOLN PERRY APARTMENTS,12,5,7,5,7
14037,LINCOLN PK COOPERATIVE NURSERY,15,3,12,7,8
14038,LINCOLN QUALITY MEAT MARKET INC.,5,1,4,2,3
14039,LINCOLN RESTAURANT,10,4,6,8,2
14040,LINCOLN ROSELAND HEAD START,7,3,4,3,4
14041,LINCOLN SQUARE DAY CARE,3,0,3,1,2
14042,"LINCOLN SQUARE LANES, INC.",4,1,3,2,2
14043,LINCOLN SQUARE MONTESSORI SCHOOL,14,8,6,6,8
14044,LINCOLN SQUARE SUSHI CORPORATION,2,0,2,1,1
14045,LINCOLN SQUARE TAPROOM,2,0,2,0,2
14046,LINCOLN STATION,13,4,9,4,9
14047,LINCOLN TAVERN & RESTAURANT,4,0,4,4,0
14048,LINCOLN/SHEFFIELD APTS,2,1,1,1,1
14049,LINCOLN/SHEFFIELD APTS.,13,2,11,5,8
14050,LINDA MICHIOCANA,6,2,4,3,3
14051,LINDA MICHOACANA,7,1,6,4,3
14052,LINDA'S MAGIC BROWNIES,2,1,1,1,1
14053,LINDBLOM MATH/SCIENCE ACADEMY,19,10,9,5,14
14054,LINDO GUADALAJARA,4,2,2,2,2
14055,LINDO GUADALAJARA RESTAURANT,23,11,12,9,14
14056,LINDO MEXICO,10,5,5,6,4
14057,LINDO MICHOACAN,50,25,25,20,30
14058,LINDO MICHOACAN INC,3,2,1,1,2
14059,LINDY'S & GERTIES ON ARCHER,21,6,15,10,11
14060,LINDY'S CHILI INC,3,0,3,3,0
14061,LINDY'S CHILI- GERTIE'S ICE CREAM & CHILI,16,7,9,9,7
14062,LINDY'S/CHILI,12,7,5,4,8
14063,LINDYS AND GERTIES ORIGINAL,10,3,7,5,5
14064,"LINEAGE LOGISTICS,  PFS, LLC",2,1,1,2,0
14065,LINKEDIN CORPORATION,10,2,8,5,5
14066,LINKIN HOUSE,6,0,6,4,2
14067,LINKS TO LEARNING CHILD CARE,14,3,11,2,12
14068,LIO FOOD DIST INC,2,1,1,1,1
14069,LION FOOD MARKET,3,1,2,2,1
14070,LION HEAD PUB/ THE APARTMENT,16,6,10,8,8
14071,LION'S DEN EATERY,4,1,3,2,2
14072,"LION'S MARKET, INC",4,2,2,4,0
14073,LIONEL HAMPTON ELEMENTARY,17,6,11,4,13
14074,LIOR'S CAFE,4,1,3,3,1
14075,LIPS,2,0,2,1,1
14076,LIPS RESTAURANT,9,1,8,8,1
14077,LIQUIDATIONS R US,2,2,0,1,1
14078,LIQUOR EXPO,2,1,1,1,1
14079,LIQUOR MAX,3,3,0,1,2
14080,LIRICA,9,3,6,4,5
14081,LIS  STORE,5,3,2,3,2
14082,LISA'S FOOD MARKET,3,3,0,1,2
14083,LISA'S FOOD MART,2,1,1,1,1
14084,LITEHOUSE ON 53RD ST,3,0,3,3,0
14085,LITEHOUSE WHOLE FOOD,9,1,8,7,2
14086,LITEHOUSE WHOLE FOOD GRILL,10,4,6,7,3
14087,"LITERACY ZONE, INC.",9,6,3,1,8
14088,LITHUANIAN CENTER INC,5,1,4,3,2
14089,LITO'S EMPANADAS,2,1,1,2,0
14090,LITO'S EMPANADAS II LLC,5,1,4,3,2
14091,"LITO'S EMPANADAS, INC.",7,2,5,3,4
14092,LITO'S TAMALES,3,1,2,2,1
14093,LITTLE  CAESARS # 1744,14,2,12,11,3
14094,LITTLE  JOHN,3,1,2,2,1
14095,LITTLE ACHIEVERS ACADEMY,19,8,11,7,12
14096,LITTLE ANGELS  II,2,0,2,2,0
14097,LITTLE ANGELS  LEARNING CENTER,9,3,6,5,4
14098,LITTLE ANGELS ACADEMY & KINDERGARTEN,10,4,6,5,5
14099,LITTLE ANGELS DAY CARE CENTER,20,10,10,6,14
14100,LITTLE ANGELS EARLY CHILDHOOD,14,8,6,6,8
14101,LITTLE ANGELS FAMILY DAYCARE,23,12,11,6,17
14102,LITTLE ANGELS LEARNING CENTER,7,5,2,3,4
14103,LITTLE ANGELS LEARNING CENTER OF CHICAGO,9,2,7,4,5
14104,LITTLE ANGELS PARADISE DAYCARE AND EDUCATIONAL CEN,7,2,5,4,3
14105,LITTLE APPLE SEEDS LEARNING ACADEMY,27,12,15,13,14
14106,LITTLE BABA'S,8,2,6,3,5
14107,LITTLE BABA'S PHILLY STEAK,11,7,4,6,5
14108,LITTLE BABAS FAMOUS STEAK & LEMONADE,10,5,5,6,4
14109,LITTLE BAD WOLF,13,3,10,5,8
14110,LITTLE BEANS CAFE,7,1,6,2,5
14111,LITTLE BEAR DAY CARE,11,6,5,0,11
14112,LITTLE BLACK PEARL,11,6,5,3,8
14113,LITTLE BRANCH CAFE,13,3,10,8,5
14114,LITTLE BROWN BEAR,10,2,8,3,7
14115,LITTLE BRUDDERS,2,0,2,2,0
14116,LITTLE BUCHAREST BISTRO,22,6,16,13,9
14117,LITTLE BUGS LEARNING CENTER INC,13,8,5,7,6
14118,LITTLE BUNNY #1 FROZEN YOGURT,3,1,2,2,1
14119,LITTLE CAESAR ENTERPRISES,8,3,5,6,2
14120,"LITTLE CAESAR ENTERPRISES, INC",2,0,2,1,1
14121,"LITTLE CAESAR ENTERPRISES, INC.",29,9,20,20,9
14122,LITTLE CAESAR PIZZA,53,17,36,31,22
14123,LITTLE CAESAR PIZZA #1643,19,8,11,10,9
14124,LITTLE CAESAR PIZZA #1648,16,1,15,12,4
14125,LITTLE CAESAR PIZZA #1650,12,4,8,9,3
14126,LITTLE CAESAR PIZZA #1651,13,7,6,7,6
14127,LITTLE CAESAR PIZZA #1715,16,8,8,10,6
14128,LITTLE CAESAR PIZZA #1728,3,1,2,2,1
14129,LITTLE CAESAR PIZZA #1729,15,5,10,8,7
14130,LITTLE CAESAR PIZZA TREAT #1605,22,4,18,16,6
14131,LITTLE CAESAR'S,16,4,12,10,6
14132,LITTLE CAESAR'S PIZZA,17,6,11,9,8
14133,LITTLE CAESARS,22,9,13,15,7
14134,LITTLE CAESARS PIZZA,7,4,3,4,3
14135,LITTLE CAESARS PIZZA TREAT #1627,14,5,9,9,5
14136,LITTLE CLOWN PIZZA,3,2,1,1,2
14137,LITTLE CLOWN PIZZA & RESTAURANT,16,5,11,4,12
14138,"LITTLE CREATIVE MINDS CHILD DEVELOPMENT CENTER, IN",6,2,4,3,3
14139,LITTLE DENNIS,18,6,12,8,10
14140,LITTLE EINSTEINS ACADEMY,12,3,9,3,9
14141,LITTLE EINSTEINS DAYCARE INC.,4,1,3,1,3
14142,"LITTLE EINSTEINS DAYCARE, INC.",11,4,7,3,8
14143,"LITTLE EINSTEINS DAYCARE,INC.",6,2,4,2,4
14144,LITTLE ELITE CHILD CARE,6,2,4,5,1
14145,LITTLE EXPLORERS LEARNING ACADEMY INC.,7,3,4,3,4
14146,LITTLE FEATHERS PERFORMING ARTS CHILDCARE CENTER,4,0,4,3,1
14147,"LITTLE FEATHERS PERFORMING ARTS CHILDCARE CENTER,",2,0,2,2,0
14148,LITTLE FEET BIG STEPS CENTER,9,5,4,3,6
14149,LITTLE FOLKS COTTAGE INC,17,6,11,6,11
14150,LITTLE FOLKS DAYCARE,3,3,0,0,3
14151,LITTLE FOX DAYSCHOOL,21,7,14,8,13
14152,LITTLE FRIENDS PRESCHOOL,4,0,4,1,3
14153,"LITTLE GEMS INTERNATIONAL (BELDEN),INC",9,5,4,3,6
14154,LITTLE GENIUS COMMUNITY DAYCARE 11,12,5,7,3,9
14155,LITTLE GENIUS COMMUNITY DAYCARE CENTER INCORPORATED,13,7,6,5,8
14156,LITTLE GIANTS CHILD CARE CENTER,6,3,3,1,5
14157,LITTLE GOAT DINER,26,5,21,12,14
14158,LITTLE GOAT FRENCH MARKET,4,1,3,2,2
14159,LITTLE GREEK CORNER INC.,6,1,5,4,2
14160,LITTLE GREEN TREE HOUSE,24,6,18,10,14
14161,LITTLE HANDS AND FEET LEARNING CENTER,7,4,3,3,4
14162,"LITTLE HANDS CHILD CREATIVE CENTER, INC.",14,8,6,4,10
14163,LITTLE HANDS LEARNING CENTER,28,13,15,13,15
14164,LITTLE HANDS LEARNING CENTER ACADEMY,2,1,1,1,1
14165,"LITTLE HANDS LEARNING CENTER ACADEMY, INC",16,5,11,8,8
14166,LITTLE HARVARD ACADEMY,18,6,12,8,10
14167,"LITTLE HOPPERS PLAY CAFE,LLC",8,2,6,6,2
14168,LITTLE INSPIRATIONS,14,4,10,7,7
14169,"LITTLE INSPIRATIONS, INC.",11,7,4,2,9
14170,LITTLE ISLAND NEVERIA JALISCO,6,2,4,4,2
14171,LITTLE JAMAICA JERK CUISINE,5,1,4,1,4
14172,LITTLE JIM'S,15,5,10,10,5
14173,LITTLE JOE'S CIRCLE LOUNGE INC,13,3,10,9,4
14174,LITTLE KID N ME LEARNING CENTER,3,2,1,2,1
14175,LITTLE KIDDIES INC,9,6,3,2,7
14176,LITTLE KIDDIES INC.,14,5,9,8,6
14177,LITTLE KIDS VILLAGE LEARNING,40,19,21,17,23
14178,LITTLE KITCHEN,15,4,11,8,7
14179,LITTLE LAGOS MARKETS,3,2,1,1,2
14180,LITTLE LAMB HOT POT,5,0,5,3,2
14181,LITTLE LAMB NO. 18,10,6,4,5,5
14182,LITTLE LAZO'S,8,0,8,6,2
14183,LITTLE LEADER'S ACADEMY,8,2,6,4,4
14184,"LITTLE LEADERS LEARNING ACADEMY, INC.",9,3,6,6,3
14185,LITTLE LEADERS OF TOMORROS,11,3,8,4,7
14186,LITTLE LEADERS OF TOMORROW,31,15,16,13,18
14187,LITTLE LEADERS OF TOMORROW DAY CARE CENTER,18,9,9,7,11
14188,LITTLE LEARNERS DAYCARE,20,9,11,2,18
14189,LITTLE LEARNING ACADEMY,6,2,4,5,1
14190,LITTLE LESLY RESTAURANT,2,0,2,1,1
14191,LITTLE LULU'S ITALIAN ICE,5,3,2,3,2
14192,LITTLE MADRID COFFEE SHOP,6,3,3,3,3
14193,LITTLE MARKET BRASSIERE,12,4,8,6,6
14194,LITTLE MARVELS EARLY CHILDHOOD SCHOOL,12,4,8,4,8
14195,LITTLE MEL'S HOT DOG,14,6,8,6,8
14196,LITTLE MINDS DAYCARE CENTER,2,1,1,1,1
14197,LITTLE MIRACLES CHILD CARE INC.,13,5,8,5,8
14198,LITTLE MIRACLES DAYCARE & LEARNING ACADEMY INC.,3,0,3,3,0
14199,LITTLE MISS MUFFIN INC,2,1,1,1,1
14200,"LITTLE MUNCHKINS PRODUCE,INC",18,7,11,9,9
14201,LITTLE NEST CARE INC.,9,3,6,4,5
14202,LITTLE OLIVE LOUNGE,7,2,5,5,2
14203,LITTLE PEOPLE DAYCARE,4,2,2,1,3
14204,LITTLE PEOPLE INSTITUTE,4,1,3,2,2
14205,LITTLE PEOPLE LEARNING,16,4,12,9,7
14206,"LITTLE PEOPLE LEARNING, INC",5,1,4,3,2
14207,"LITTLE PEOPLE LEARNING, INC.",5,3,2,2,3
14208,LITTLE PEOPLE R UNIQUE 2 LEARNING CENTER,6,3,3,1,5
14209,LITTLE PICKLE,6,4,2,4,2
14210,LITTLE QUIAPO RESTAURANT,27,8,19,16,11
14211,LITTLE RASCALS,7,3,4,5,2
14212,LITTLE SAIGON BAGUETTE,13,3,10,10,3
14213,LITTLE SALAD SHOP,3,2,1,1,2
14214,"LITTLE SAM DOLLAR & TOBACCO, INC.",5,1,4,4,1
14215,LITTLE SANDWICH HOUSE,7,3,4,5,2
14216,LITTLE SCHOLARS JOURNEY,11,4,7,4,7
14217,LITTLE SCHOLARS LEARNING CENTER,21,14,7,3,18
14218,LITTLE SHEEP MONGOLIAN HOTPOT,6,2,4,2,4
14219,LITTLE SHEPHERDS ACADEMY,14,7,7,5,9
14220,LITTLE SISTERS OF THE POOR INC,6,2,4,2,4
14221,"LITTLE SISTERS OF THE POOR, INCORPORATED",10,6,4,3,7
14222,LITTLE SMOQUE,8,4,4,1,7
14223,LITTLE SPROUTS DAYCARE INCORPORATED,10,5,5,3,7
14224,LITTLE STARS DAY CARE & LEARNING CENTER CO.,11,3,8,5,6
14225,LITTLE TACO CESAR LA GUERITA MEXICAN SNACKS,2,1,1,0,2
14226,LITTLE TYKES II DAYCARE INC,16,6,10,3,13
14227,LITTLE TYKES PRE-SCHOOL INC.,18,6,12,5,13
14228,LITTLE UNICOCO RESTAURANT,5,2,3,1,4
14229,LITTLE VICTORIES,3,1,2,0,3
14230,LITTLE VIETNAM RESTAURANT,25,5,20,13,12
14231,"LITTLE VILAGE NURSING AND REHABILITATION CENTER, L",5,3,2,3,2
14232,LITTLE VILLAGE ELEMENTARY,17,11,6,5,12
14233,LITTLE VILLAGE HIGH SCHOOL,21,11,10,7,14
14234,"LITTLE VILLAGE KIDS TOWN, INC.",14,8,6,6,8
14235,LITTLE VILLAGE KWIK MART,2,1,1,1,1
14236,LITTLE VILLAGE MINI MART INC.,3,1,2,2,1
14237,LITTLE VINES CHILDCARE CENTER,11,3,8,6,5
14238,LITTLE WOK,57,21,36,27,30
14239,"LITTTLE BRANCH CAFE, INC.",17,5,12,10,7
14240,LIUYISHOU HOT POT CHICAGO,4,0,4,2,2
14241,LIVE AND BELIEVE WELLNESS DBA LAB NUTRITION,6,1,5,4,2
14242,LIVE AND LEARN CHILD DEVELOPMENT CENTER INC.,11,5,6,6,5
14243,LIVE BETTER/VIVE MEJOR,3,2,1,2,1
14244,LIVING GOOD COFFEE,3,1,2,2,1
14245,LIVING THE LANGUAGE,4,2,2,2,2
14246,"LIVING THE LANGUAGE, LLC",12,4,8,4,8
14247,LIVING WATER TEA HOUSE,6,1,5,4,2
14248,LIVING WITNESS LEARNING DAY CARE,18,8,10,6,12
14249,LIZ-NEY-LAND LEARNING CENTER,13,5,8,6,7
14250,"LIZ-NEY-LAND LEARNING CENTER, INC.",6,2,4,1,5
14251,LIZZIE MC NEILLS,16,6,10,7,9
14252,LIZZIE'S BAKE SHOPPE,2,0,2,1,1
14253,LIZZY J. CAFE,4,2,2,3,1
14254,LLOYD'S CHICAGO RESTAURANT,16,9,7,4,12
14255,LLOYD'S UPSCALE STREET FOOD,3,0,3,2,1
14256,"LLOYDS LOUNGE, INC.",9,3,6,5,4
14257,LM CATERING,12,4,8,5,7
14258,LM GOURMET,2,0,2,1,1
14259,LM LE RESTAURANT,8,5,3,3,5
14260,LO BBY NEWSTAND,4,3,1,1,3
14261,LO MEJOR DE LO MEJOR,2,1,1,2,0
14262,LO' DOWN DIRTY VEGAN,2,0,2,2,0
14263,LO'S CHINA KITCHEN INC.,8,6,2,2,6
14264,LO'S CHINESE KITCHEN,11,8,3,2,9
14265,LOAD A SPUD,3,0,3,3,0
14266,LOAF LOUNGE,5,2,3,2,3
14267,LOAFERS,4,2,2,2,2
14268,LOBA PASTRY + COFFEE,9,6,3,7,2
14269,LOBBY SHOP,7,2,5,4,3
14270,LOBO BRAVO,9,3,6,6,3
14271,LOBSTERBOYS,3,0,3,2,1
14272,LOCAL FOOD HALL,7,1,6,5,2
14273,LOCAL FOODS,21,7,14,12,9
14274,LOCAL GOODS CHICAGO,4,3,1,1,3
14275,LOCAL MARKET,30,7,23,14,16
14276,LOCAL MOTION,2,0,2,2,0
14277,LOCAL ROOT,7,3,4,3,4
14278,LOCANDA,6,1,5,4,2
14279,LOCK WOOD FOOD MART,4,0,4,3,1
14280,LOCKDOWN,25,10,15,15,10
14281,LOCKWOOD,15,7,8,6,9
14282,"LOCKWOOD FOOD MART, INC.",3,1,2,2,1
14283,"LOCO SAVINGS, INC.",5,1,4,3,2
14284,LOFT LUCIA,2,1,1,1,1
14285,LOGAN  SQUARE  KITCHEN,8,5,3,3,5
14286,LOGAN 11,5,2,3,4,1
14287,LOGAN CERTIFIED FOODS CORP,3,2,1,2,1
14288,LOGAN QUICK MART,4,0,4,3,1
14289,LOGAN SQUARE AUDITORIUM,12,1,11,7,5
14290,LOGAN SQUARE LIQUOR,2,1,1,0,2
14291,LOGAN SQUARE TOBACCO,2,1,1,1,1
14292,LOGAN SQUARE YMCA FIRST LUTHERAN HEADSTART,8,4,4,2,6
14293,"LOGAN TAVERN GROUP, LLC",3,2,1,2,1
14294,LOGAN VEGAN,2,0,2,1,1
14295,LOGAN'S BAR AND GRILL,19,7,12,10,9
14296,LOGGINS NEIGH GROCERY,4,1,3,3,1
14297,LOKAL CONTEMPORARY EUROPEAN,11,3,8,6,5
14298,LOLA'S CONEY ISLAND LLC,4,1,3,1,3
14299,LOLA'S RESTAURANT AND BAR,5,2,3,2,3
14300,LOLAS CONEY ISLAND LLC,7,3,4,3,4
14301,LOLAS CONEY LLC,3,0,3,2,1
14302,"LOLIN FOOD,INC.",3,2,1,2,1
14303,LOLLI AND POPS,5,1,4,3,2
14304,LOLLY POP NURSERY SCHOOL INC,7,4,3,2,5
14305,LOLLY-POP NURSERY SCHOOL,6,3,3,3,3
14306,LOMAS RESTAURANT,5,2,3,2,3
14307,LOMITO'S HOUSE CORP,2,0,2,2,0
14308,LONCARS,5,3,2,2,3
14309,LONCHERA MICHOACANA,4,2,2,1,3
14310,LONDON BRIDGES PRE-SCHOOL,6,4,2,4,2
14311,LONDONHOUSE HOTEL,37,14,23,25,12
14312,LONE STAR BBQ BAR,7,4,3,3,4
14313,LONE WOLF,10,3,7,4,6
14314,LONESOME ROSE,3,1,2,0,3
14315,"LONG MINI MART, INC",3,1,2,2,1
14316,LONG TUNG CHINESE KITCHEN,39,12,27,23,16
14317,LONGACRE,6,1,5,6,0
14318,LONGACRE CHICAGO/LONGACRE PIZZA BOX,7,2,5,3,4
14319,LONGMAN & EAGLE,26,14,12,13,13
14320,LONGWOOD FOODS,16,9,7,7,9
14321,LONNIE'S PIZZERIA INC,19,6,13,12,7
14322,LOOK-IN  GROCERY & DELI,4,1,3,3,1
14323,LOOMIS CITGO INC.,6,4,2,2,4
14324,LOOMIS FAST FOOD & MART,3,2,1,2,1
14325,LOOMIS FOOD MARKET,13,5,8,7,6
14326,"LOONY FOOD MARKET, INC",2,0,2,2,0
14327,LOONY FOOD MART,4,0,4,3,1
14328,LOOP JUICE,16,6,10,6,10
14329,"LOOP LEARNING CENTER, INC",20,8,12,5,15
14330,LOOP MINI MART,2,0,2,1,1
14331,LOOP PIZZA,2,1,1,1,1
14332,LOOP SOUP,8,3,5,6,2
14333,LOOP TAVERN,2,0,2,1,1
14334,LOOP'S FISH & CHICKEN,2,1,1,1,1
14335,LOOSELEAF LOUNGE,6,1,5,3,3
14336,LOPEZ'S LIQUORS,2,1,1,1,1
14337,"LOQUACIOUS CULINARY EVENTS, INC",9,2,7,6,3
14338,LORDANCHILD CHRISTIAN DAY CARE INC.,14,6,8,5,9
14339,LOREL AVENUE FOOD MART,2,1,1,1,1
14340,LOREN CHILDREN LEARNING CENTER,25,13,12,11,14
14341,LORENZ BRENTANO ELEMENTARY,3,2,1,1,2
14342,LORETO GROCERY,5,3,2,1,4
14343,LORETTA'S BAKE SHOP AND CAFE,7,2,5,2,5
14344,LORETTO HOSPITAL,37,15,22,11,26
14345,LORI'S HALLMARK SHOPS #66,2,1,1,1,1
14346,LORRAINE'S DINER INC,8,4,4,2,6
14347,LOS  ALTOS,14,4,10,6,8
14348,LOS 3 COMPADRES DE GUERRERO LLC,2,0,2,2,0
14349,LOS ALAMOS,16,5,11,8,8
14350,LOS ALTOS,10,4,6,4,6
14351,LOS ALTOS DE LA SIERRA,3,1,2,2,1
14352,LOS AMANTES,24,4,20,17,7
14353,LOS AMIGOS MEXICAN RESTAURANT INC,7,2,5,4,3
14354,LOS ANAFRES RESTAURANT,5,1,4,3,2
14355,LOS ANDANES LLC,3,1,2,1,2
14356,LOS ARCOS,2,2,0,0,2
14357,"LOS ARCOS AUTHENTIC MEXICAN FOOD, INC.",25,13,12,10,15
14358,LOS ARCOS PIZZERIA,5,2,3,3,2
14359,LOS ARCOS RESTAURANT,5,3,2,2,3
14360,LOS ARRIADOS INCORPORATED,13,10,3,4,9
14361,LOS ARTISTA,5,3,2,1,4
14362,LOS ASADORES MEXICAN GRILL,9,5,4,5,4
14363,LOS AZARES MEXICAN GRILL LLC,11,2,9,8,3
14364,LOS BARRILES,4,3,1,1,3
14365,LOS CAMINOS DE MICHOACAN,5,1,4,3,2
14366,LOS CAMINOS DE MICHOACAN I INC,4,1,3,2,2
14367,LOS CANDILES,27,7,20,11,16
14368,LOS CANTARITOS,15,6,9,6,9
14369,"LOS CANTARITOS GRILL, INC",5,1,4,3,2
14370,LOS CARBONES,5,2,3,2,3
14371,"LOS CASCABELES,INC.",5,0,5,3,2
14372,LOS CHEPES,7,3,4,4,3
14373,LOS COMALES,10,4,6,5,5
14374,LOS COMALES #3,28,9,19,13,15
14375,LOS COMALES NO 5 INC,2,1,1,1,1
14376,LOS COMPA'S TACOS,3,1,2,2,1
14377,"LOS CORRALES TAQUERA, INC.",16,10,6,7,9
14378,LOS CORRALES TAQUERIA Y RESTAURANTE,5,2,3,1,4
14379,LOS CUATES DE JUANITA'S,15,8,7,10,5
14380,LOS CUATES MERCADO,2,1,1,2,0
14381,LOS CUATRO HERMANOS GROCERY,4,1,3,0,4
14382,LOS CUATRO JALAPENOS,3,1,2,2,1
14383,LOS DEFINES #2,5,2,3,2,3
14384,LOS DOS ARTUROS,4,1,3,2,2
14385,LOS DOS GALLOS BRAVOS TAQUERIA,2,1,1,1,1
14386,LOS DOS HERMANOS,3,2,1,2,1
14387,LOS DOS LAREDOS RESTAURANT,3,2,1,1,2
14388,LOS DOS LEONES,2,0,2,1,1
14389,LOS DOS PRIMOS,6,2,4,3,3
14390,LOS DOS RIOS,14,4,10,4,10
14391,LOS ENCINOS INC.,6,3,3,5,1
14392,LOS FAROLES AUTHENTIC MEXICAN RESTAURANT,17,6,11,8,9
14393,LOS GAVILANES,6,2,4,2,4
14394,LOS GIRASOLES,10,3,7,7,3
14395,LOS JALPENOS CORPORATION,7,3,4,3,4
14396,LOS MAGUEYES,6,4,2,3,3
14397,LOS MANGOS,47,21,26,20,27
14398,LOS MANGOS #9 INC.,4,1,3,3,1
14399,LOS MANGOS 3859 LLC,2,2,0,0,2
14400,LOS MANGOS AVERS,7,2,5,4,3
14401,LOS MANGOS NEVERIA Y FRUITERIA,8,4,4,3,5
14402,LOS MANGOS NEVERIA Y FRUTERIA,16,4,12,7,9
14403,LOS MANGOS NEVERIA Y FRUTERIA #3,13,6,7,5,8
14404,"LOS MANGOS, INC.",5,3,2,3,2
14405,LOS MEZKALES GRILL,3,2,1,2,1
14406,LOS MIXIOTES,10,1,9,7,3
14407,LOS MOLCAJETES,16,7,9,8,8
14408,LOS MOLCAJETES RESTAURANT BAR,4,1,3,3,1
14409,LOS NOPALES RESTAURANT,5,1,4,2,3
14410,LOS NOPALITOS RESTAURANT,2,1,1,2,0
14411,LOS NUEVOS CHEFS DEL SABOR,6,0,6,4,2
14412,LOS OLIVO'S,23,8,15,10,13
14413,LOS PAISAS TACOS INC,2,0,2,1,1
14414,LOS PANCHO'S RESTAURANT,24,8,16,16,8
14415,LOS PEKES ICE CREAM & COFFEE SHOP,7,4,3,1,6
14416,LOS PEKES ICE CREAM & COFFEE SHOP INC.,6,2,4,3,3
14417,LOS PEKES ICE CREAM AND COFFEE,5,0,5,2,3
14418,LOS PEQUENOS ANGELITOS DAY CARE CENTER,16,6,10,6,10
14419,LOS PEREZ,3,1,2,3,0
14420,LOS PINOS,3,0,3,2,1
14421,LOS PINOS INC,3,0,3,2,1
14422,LOS POLLITOS,12,3,9,6,6
14423,LOS POTRILLOS,19,6,13,6,13
14424,LOS PRIMOS FRESH MARKET & TAQUERIA LLC,5,0,5,3,2
14425,LOS PRIMOS GROCERY,22,10,12,11,11
14426,LOS SALTOS ICE CREAM SHOP,3,0,3,2,1
14427,LOS SAUCES GROCERY,24,8,16,13,11
14428,LOS SAUCES TAQUERIA,2,0,2,2,0
14429,LOS TACOS & DESSERTS LLC,9,3,6,6,3
14430,LOS TACOS BOYS #1,3,1,2,3,0
14431,"LOS TACOS EXPRESS, INC",11,2,9,7,4
14432,LOS TORITOS RESTAURANT Y TAQUERIA,21,8,13,9,12
14433,LOS TRES AMIGO'S RESTAURANT,15,3,12,7,8
14434,LOS TRES AMIGOS #2,7,5,2,3,4
14435,"LOS TRES AMIGOS 2, INC",2,0,2,1,1
14436,LOS TRES ANGELES DE LA SALUD,7,2,5,5,2
14437,LOS TRES HERMANOS,15,4,11,8,7
14438,LOS TRES HERMANOS INC.,2,0,2,2,0
14439,LOS TRES PANCHOS CORPORATION,10,5,5,4,6
14440,LOS VASOS LOKOS CORP,8,2,6,5,3
14441,LOST LAKE & THANK YOU CHINESE,12,3,9,6,6
14442,LOST LARSON,30,12,18,16,14
14443,LOST NEVER FOUND,5,0,5,4,1
14444,LOT'S OF LOVE ACADEMY,2,0,2,2,0
14445,LOT'S OF LOVE COMMUNITY CENTER,3,0,3,2,1
14446,LOTNO2,2,2,0,0,2
14447,LOTS OF LOVE NFP,20,8,12,7,13
14448,LOTS OF LOVE PRE-SCHOOL ACADEMY,15,10,5,2,13
14449,LOTTIE'S PUB,19,8,11,9,10
14450,LOTUS BANH MI,13,5,8,8,5
14451,LOTUS CAFE & BANH MI SANDWICHES,16,8,8,6,10
14452,LOTUS GARDEN,6,2,4,6,0
14453,LOTUS RESTAURANT,20,9,11,9,11
14454,LOTUS SEED,8,3,5,5,3
14455,LOU MALNATI'S,8,4,4,5,3
14456,LOU MALNATI'S PIZZERIA,112,35,77,47,65
14457,LOU MALNATIS PIZZERIA,33,11,22,11,22
14458,LOU MITCHELL'S,34,12,22,15,19
14459,LOU MITCHELL'S EXPRESS INC,6,3,3,2,4
14460,LOU'S GOURMET SWEETS,3,2,1,1,2
14461,LOUD MOUTH FOOD BIKES,6,1,5,3,3
14462,LOUDERUSK COCINA INC,7,2,5,7,0
14463,LOUI'S DELI & MART,3,2,1,2,1
14464,LOUIE GROCERY,6,2,4,5,1
14465,LOUIS A. WEISS MEMORIAL HOSPITAL,32,13,19,13,19
14466,LOUIS D. ARMSTRONG ELEMENTARY,5,1,4,2,3
14467,LOUIS' GROCERIES,5,0,5,2,3
14468,LOUISA MAY ALCOTT,22,10,12,6,16
14469,LOUISIANA FAMOUS FRIED CHICKEN,7,0,7,3,4
14470,LOUISIANA FRIED CHICKEN,9,1,8,7,2
14471,LOURS BAKERY CAFE,8,2,6,7,1
14472,LOVE & LIGHT CAFE,4,2,2,3,1
14473,LOVE IS CARING DAY CARE CENTER INC.,3,1,2,3,0
14474,LOVE MINI MART INC,3,1,2,2,1
14475,LOVE N LEARN ACADEMY INC,15,7,8,5,10
14476,LOVE STREET,2,2,0,0,2
14477,LOVE TACO,2,2,0,1,1
14478,LOVEBUGS PRESCHOOL,2,1,1,1,1
14479,"LOVEBUGS, TODDLER PROGRAMS AND PRESCHOOL, LLC",4,2,2,1,3
14480,LOVELY KITCHEN AND CAFE,3,1,2,1,2
14481,"LOVELY, TOO: A BAKE SHOP",10,4,6,4,6
14482,LOVELY: A BAKE SHOP,3,0,3,1,2
14483,LOVELYLAND LEARNING LAB CORPORATION,14,4,10,6,8
14484,LOVING HEART,18,4,14,10,8
14485,LOVING HUT,27,7,20,17,10
14486,LOVING TOUCH DAYCARE PROVIDERS INC,14,4,10,6,8
14487,LOW REZ BREWING,6,2,4,4,2
14488,LOWCOUNTRY,21,5,16,13,8
14489,LOWCOUNTRY 2,20,7,13,12,8
14490,LOWCOUNTRY CHINATOWN INC,6,2,4,2,4
14491,LOWERY SHRIMP HOUSE,3,0,3,3,0
14492,LOYOLA BENTO EXPRESS,3,1,2,2,1
14493,"LOYOLA FOOD  MART, INC.",2,0,2,1,1
14494,LOYOLA UNIV. CHGO./DAYCARE,14,6,8,5,9
14495,LOYOLA UNIVERSITY OF CHICAGO GENTILE ARENA,7,1,6,5,2
14496,LOYOLA'S ASIAN CUISINE AND LOUNGE,3,0,3,3,0
14497,LOZANO ELEMENTARY,17,6,11,4,13
14498,LP EXPRESS,23,10,13,11,12
14499,LP EXPRESS TACOS INC,4,1,3,3,1
14500,LP SUB INC,4,1,3,2,2
14501,LU-LU'S INC,23,8,15,4,19
14502,LUBAVITCH GIRLS HIGH SCHOOL,16,11,5,8,8
14503,LUBAVITCH MESIVTA OF CHICAGO,13,5,8,6,7
14504,LUBIANA INC,2,1,1,1,1
14505,LUC THUANG NOODLE INC.,12,7,5,3,9
14506,LUCERO'S TAMALES,4,0,4,2,2
14507,LUCHA CAFE,4,1,3,3,1
14508,LUCIA FAST FOOD,3,0,3,2,1
14509,LUCIA GOURMET ITALIAN CUISINE,16,7,9,6,10
14510,LUCIANO'S GROCERY-18TH ST,13,7,6,9,4
14511,LUCIDO'S TACOS,3,2,1,2,1
14512,LUCILA'S HOMEMADE,6,1,5,4,2
14513,LUCILLE'S,2,0,2,2,0
14514,LUCKS  FOOD,15,7,8,10,5
14515,LUCKY BAR,3,1,2,2,1
14516,LUCKY CHARM CAFE,4,1,3,3,1
14517,LUCKY CORNER FOOD,2,1,1,1,1
14518,LUCKY CORNER STORE,2,1,1,1,1
14519,LUCKY COTTAGE FOOD,5,0,5,5,0
14520,LUCKY DOGZ,5,1,4,3,2
14521,LUCKY DOOR PATIO & TAP,2,1,1,1,1
14522,LUCKY DORR,2,1,1,0,2
14523,LUCKY FOOD,4,0,4,4,0
14524,LUCKY FOOD MARKET,2,0,2,1,1
14525,LUCKY GRILL,20,11,9,5,15
14526,LUCKY GRILL INC,23,11,12,7,16
14527,LUCKY GROCERIES,2,1,1,2,0
14528,LUCKY MART,2,0,2,1,1
14529,LUCKY MEXICAN RESTAURANT,2,0,2,1,1
14530,LUCKY MINI MART,5,0,5,3,2
14531,LUCKY ONE FOOD STORE CORP.,9,4,5,6,3
14532,LUCKY QUICK PICK,3,0,3,2,1
14533,LUCKY STRICK,4,2,2,4,0
14534,LUCKY STRIKE,7,1,6,4,3
14535,LUCKY STRIKE DOWNTOWN CHICAGO,6,1,5,3,3
14536,LUCKY STRIKE LANES,27,10,17,14,13
14537,LUCKY STRIKE WRIGLEYVILLE,2,1,1,2,0
14538,LUCKY VITO'S PIZZERIA,17,4,13,11,6
14539,LUCKY'S CAFE,3,0,3,3,0
14540,LUCKY'S SANDWICH CO. MAXWELL STREET,8,4,4,3,5
14541,LUCKY'S SANDWICH CO. WICKER PARK,7,3,4,2,5
14542,LUCKY'S SANDWICH COMPANY,16,8,8,8,8
14543,LUCY & MAX SPORTS BAR & GRILL,6,1,5,5,1
14544,LUCY'S,25,8,17,12,13
14545,LUCY'S CAFE,7,3,4,6,1
14546,LUCY'S PALETERIA Y NEVERIA FRUITLANDIA,5,0,5,3,2
14547,LUDLOW LIQUORS,3,1,2,2,1
14548,LUELLA FOOD STORE,3,1,2,3,0
14549,LUELLA'S GOSPEL BIRD,7,2,5,6,1
14550,LUELLA'S SOUTHERN KITCHEN LLC,12,4,8,4,8
14551,LUGANO'S PIZZA,17,9,8,5,12
14552,LUGANO'S PIZZA #3,3,2,1,1,2
14553,LUGANOS PIZZA,28,11,17,19,9
14554,LUIGI CAFE INC,6,4,2,2,4
14555,LUIGI RESTAURANT,3,1,2,2,1
14556,LUIGI STEFANI PIZZERIA,16,7,9,1,15
14557,"LUIGI'S PIZZA BY THE SLICE, INC",49,17,32,32,17
14558,LUIS C. GOMEZ,10,5,5,3,7
14559,LUIS VEGA ROMERO,4,1,3,2,2
14560,LUKE'S,21,9,12,9,12
14561,LUKE'S BEEF & PIZZA,19,10,9,8,11
14562,LUKE'S LOBSTER,16,8,8,4,12
14563,LUKES LOBSTER,3,1,2,2,1
14564,LULA B'S PIZZARIA,7,2,5,7,0
14565,LULA CAFE,16,8,8,4,12
14566,LULA' S GRILL & PIZZA INC,11,4,7,6,5
14567,LULALA RESTAURANT,2,0,2,1,1
14568,LULU BELLE'S PANCAKE HOUSE,11,6,5,7,4
14569,"LULU FOOD MART, INC.",8,0,8,7,1
14570,LULU MINI MARKET INC,5,0,5,3,2
14571,LULU'S,3,0,3,2,1
14572,"LULU'S FOOD & TOBACCO, INC.",4,2,2,3,1
14573,LULU'S GROCERY,3,0,3,2,1
14574,LUMES PANCAKE HOUSE,51,19,32,27,24
14575,LUMINARY,5,4,1,2,3
14576,LUNA CAFE,3,2,1,2,1
14577,LUNA CAPRESE TRATTORIA,2,1,1,1,1
14578,LUNA FOOD MART,9,2,7,5,4
14579,LUNA LLENA SPORTS GRILL,14,6,8,11,3
14580,LUNA PARK INC,18,9,9,6,12
14581,LUNA SPA AND CAFE,2,0,2,1,1
14582,LUNA'S,2,0,2,1,1
14583,LUNA'S BAKERY,9,2,7,6,3
14584,"LUNADA MEXICAN GRILL, INC.",3,2,1,1,2
14585,LUNCH DON LEO INC,2,1,1,1,1
14586,LUPE DOLLAR PLUS & FOOD MART,3,2,1,2,1
14587,LUPES TACOS BUFFET,3,1,2,2,1
14588,LUPITA'S GROCERY,4,2,2,3,1
14589,LUPITA'S QUESADILLAS,3,1,2,3,0
14590,LUPITA'S SUPERMERCADO,5,1,4,4,1
14591,LUPITAS MEXICAN AMERICAN FOOD,14,4,10,6,8
14592,LUPITO'S,5,3,2,2,3
14593,"LUPO'S FAMOUS PHILLY CHEESE STEAK & ITILI ICE, INC.",3,2,1,2,1
14594,LURE,8,4,4,4,4
14595,LURE FISHBAR CHICAGO,9,1,8,3,6
14596,LUSCIOUS LAYERS BAKERY,4,3,1,1,3
14597,LUSH WINE & SPIRITS,26,11,15,9,17
14598,LUTHERAN SCHOOL OF THEOLOGY,8,4,4,4,4
14599,LUTNIA RESTAURANT,23,6,17,14,9
14600,LUTZ CONTINENTAL CAFE & PASTRY SHOP,17,7,10,7,10
14601,LUV N CARE,8,4,4,3,5
14602,LUVERSIA'S FAMILY RESTAURANT,8,3,5,5,3
14603,LUVIANOS FAST FOOD,3,1,2,2,1
14604,LUX,4,2,2,3,1
14605,LUX 2 FOOD & LIQUOR,4,2,2,2,2
14606,LUX GALERIE,4,1,3,4,0
14607,LUXBAR,16,6,10,4,12
14608,LUXOR CAFE,2,1,1,1,1
14609,LUXURY CAKE,6,2,4,5,1
14610,LUZZAT RESTAURANT INC.,20,8,12,9,11
14611,LXG MIDWAY AIRPORT HOTEL,5,1,4,2,3
14612,LYDIA HOME ASSOCIATION DAY CARE,15,6,9,5,10
14613,LYFE KITCHEN,43,16,27,17,26
14614,LYFE KITCHENETTE,3,1,2,2,1
14615,LYMAN A BUDLONG ELEMENTARY,20,12,8,6,14
14616,LYNN S HALLMARK,2,1,1,1,1
14617,LYRA,2,2,0,0,2
14618,LYRA'S FINE DESSERTS,3,2,1,0,3
14619,La Autentica De Guerrero Inc.,10,0,10,8,2
14620,La Calaca Cantina,3,1,2,3,0
14621,La Chaparrita,4,1,3,3,1
14622,La Ciudad Mexican Cafe,17,3,14,9,8
14623,La Dona Grocery Store,3,1,2,2,1
14624,La Esquinita,7,5,2,2,5
14625,La Flor Grocery #2,2,1,1,2,0
14626,La Fonda Chiquita,7,2,5,2,5
14627,La Grande Boucherie / Omakase Room,5,1,4,3,2
14628,La Isla Pequena,8,3,5,3,5
14629,La KATRINA  AUTENTICA,4,0,4,4,0
14630,La Madrilena Bakery,7,1,6,4,3
14631,La Michoacana Natural,4,1,3,2,2
14632,La Michoacana de Tocumbo,5,1,4,5,0
14633,La Michoacana of JuNe,3,1,2,2,1
14634,La Nueva Idea Restaurant,3,1,2,2,1
14635,La PALOMA GROCERY STORE,7,4,3,3,4
14636,La PILLUELITA  DE MICHOACAN,12,2,10,8,4
14637,"La Parrilla Colombian Steakhouse, LLC",21,10,11,10,11
14638,La Parrilla Latin Food LLC,7,3,4,4,3
14639,La Qunita Inn & Suites Chicago Lake Shore,8,4,4,7,1
14640,La Taberna on Halsted,15,6,9,6,9
14641,La UNIKA DE MICHOACAM,2,1,1,1,1
14642,La Union Grocery & Carniceria Inc.,2,1,1,1,1
14643,La Viva Kitchen,14,9,5,7,7
14644,La Yummy Michoacana Ice Cream Shop,2,0,2,1,1
14645,LaPILLUELITA  deMICOACAN,10,2,8,8,2
14646,LaSalle,17,8,9,3,14
14647,Lafayette,11,1,10,6,5
14648,Lake Geneva One Inc,3,0,3,3,0
14649,Lake Shore Groceries,14,7,7,3,11
14650,Lake View (H/S),24,7,17,11,13
14651,Lakeview Subway,9,1,8,8,1
14652,Landmark,6,3,3,3,3
14653,Laramie Bakery & Deli,16,7,9,5,11
14654,Laramie Mini Mart 2,2,0,2,1,1
14655,Larrabee Apartments,4,2,2,4,0
14656,Las Casas Occupational High School,3,0,3,2,1
14657,Las Casita's Restaurant,7,4,3,5,2
14658,Las Delicias De Morelia,2,1,1,1,1
14659,Las Delicias De Puerto Rico,19,5,14,11,8
14660,Las Tarascas,5,4,1,2,3
14661,Latino Youth Center  (H/S),16,12,4,4,12
14662,Lavizzo Elementary School,21,7,14,6,15
14663,Lawrence Grocers,3,1,2,2,1
14664,Lawrence Restaurant,3,0,3,3,0
14665,Laxi Liquor,7,3,4,5,2
14666,Le Colonial,13,9,4,2,11
14667,Le Peep Restaurant,4,1,3,3,1
14668,Le's Pho,5,2,3,3,2
14669,Lea French Street Food,6,2,4,2,4
14670,Learn Charter School,17,4,13,5,12
14671,Lee's Wok,2,0,2,1,1
14672,Leo's Coney Island,5,2,3,3,2
14673,Leo's Restaurant,4,2,2,3,1
14674,Leona's Pizzeria,5,1,4,4,1
14675,Level,2,1,1,1,1
14676,Levy Restaurants @Lincoln Park Zoo,11,6,5,2,9
14677,Levy Restaurants at Wrigley Field,39,21,18,10,29
14678,Lewis Elementary,19,9,10,5,14
14679,Lickity Split FC&S 2 LLC,7,2,5,4,3
14680,Life Force Cafe,5,3,2,3,2
14681,Light House Restaurant,2,0,2,2,0
14682,Lili's Bakery,2,0,2,1,1
14683,Limra Food Tobacco,3,0,3,2,1
14684,Lincoln,19,10,9,4,15
14685,Lincoln Park (H/S),22,10,12,9,13
14686,Lincoln Park Academy,18,11,7,5,13
14687,Lincoln Park Tap,3,1,2,2,1
14688,Linda's Magic Brownies,2,2,0,0,2
14689,Links Taproom,9,4,5,4,5
14690,Liquid Concessions,2,1,1,1,1
14691,Lito's Taco and Empanada House,5,0,5,3,2
14692,Little Angels Learning Center Of Chicago,13,4,9,3,10
14693,Little Bad Wolf,10,6,4,6,4
14694,Little Green Oak,13,10,3,3,10
14695,"Little Hands And Feet Baby Academy, Inc",5,3,2,2,3
14696,"Little People's Day Care & Kindergarten, Inc.",20,6,14,12,8
14697,Lloyd,18,12,6,5,13
14698,Lokal  Contemporary  European,18,5,13,11,7
14699,Los Caminos De Michoacan,11,3,8,5,6
14700,Los Delfines #2,13,8,5,6,7
14701,Los Dos Primos,7,2,5,4,3
14702,Los Jazmines,4,2,2,2,2
14703,Los Taquitos Grill,3,0,3,3,0
14704,Lou Malnati's Pizzeria,60,23,37,25,35
14705,Louis J. Agassiz Elementary,16,9,7,7,9
14706,Lovett,21,4,17,11,10
14707,"Lucky Corner Foods, Inc",2,1,1,1,1
14708,Lucky Taco,3,1,2,2,1
14709,Ludlow Charlingtons,4,1,3,2,2
14710,Lutheran Church Missouri Synod,13,4,9,4,9
14711,Luxury Cafe,4,0,4,2,2
14712,M  HENRIETTA,7,4,3,2,5
14713,M & A BAKERY,14,6,8,6,8
14714,"M & A FOOD MARKET, INC.",2,0,2,1,1
14715,"M & A FOOD, INC.",7,4,3,5,2
14716,M & A FOODS LLC,4,1,3,4,0
14717,"M & A GRILL, INC.",4,1,3,3,1
14718,M & A MINI MARKET INC.,3,2,1,1,2
14719,M & D GROCERY STORE,3,0,3,2,1
14720,M & D VARIETY STORE,3,2,1,2,1
14721,"M & G CHAR GRILL,, INC.",19,7,12,6,13
14722,M & G GROCERY,3,1,2,2,1
14723,M & G PIZZA,7,1,6,4,3
14724,M & H FOOD & DELI,4,1,3,3,1
14725,M & H MART,3,0,3,2,1
14726,M & J CHICKEN & FISH,13,2,11,6,7
14727,M & J LIQUOR & GROCERY,2,0,2,1,1
14728,M & K FOOD MARKET,2,1,1,1,1
14729,M & M  FOOD MART,13,5,8,9,4
14730,M & M CHICKEN KOOP,2,1,1,1,1
14731,M & M FOOD,5,2,3,2,3
14732,M & M FOODMART II,2,2,0,1,1
14733,M & M Food & Dollar Store,3,1,2,2,1
14734,M & M PANTRY,2,1,1,2,0
14735,M & M STOP & SHOP,2,0,2,1,1
14736,"M & M YALE MART, INC",6,2,4,5,1
14737,M & N FOOD MART PLUS,3,2,1,1,2
14738,M & R FOODS,10,4,6,7,3
14739,"M & S # 2 FOOD MART, INC.",9,5,4,3,6
14740,"M & S FOOD MARKET, INC.",7,5,2,1,6
14741,M & W FOOD & LIQUOR,2,2,0,1,1
14742,M A M GROUP LLC,4,2,2,4,0
14743,M BURGER,38,18,20,12,26
14744,M G BIEN ESTAR,5,1,4,4,1
14745,M G CAFE,2,0,2,2,0
14746,M H FOOD MART,4,3,1,2,2
14747,M J FLAMING,21,7,14,14,7
14748,M K POULTRY,6,1,5,3,3
14749,"M K POULTRY, INC.",16,5,11,9,7
14750,M KAFE,7,2,5,4,3
14751,"M L K GROCERY,INC.",4,2,2,2,2
14752,M N J FAST FOOD RESTAURANT,2,1,1,1,1
14753,M T DAIRY SERVICE,2,1,1,1,1
14754,M Vie,9,3,6,4,5
14755,M&M FAST FOOD CARRY OUT,2,1,1,1,1
14756,M&M RESTAURANT GROUP,8,2,6,5,3
14757,M&M2 FAST FOOD INC,2,1,1,1,1
14758,M&T FAST FOOD FLAVOR,3,1,2,2,1
14759,M. HENRY,25,12,13,15,10
14760,"M. L. K.  FOOD MART, INC.",8,2,6,4,4
14761,M. L. K. CONVENIENT STORE,7,1,6,5,2
14762,M.A FOOD,2,0,2,1,1
14763,"M.H.R.,L.L.C.",9,2,7,7,2
14764,M.O.L. INFANT ACADEMY,6,0,6,4,2
14765,M.W. FOOD MART,3,0,3,2,1
14766,M.W. PRINCE HALL GRAND LODGE,12,3,9,8,4
14767,M2,9,3,6,3,6
14768,M2 Cafe,7,1,6,4,3
14769,MA GONG & LA PO,19,5,14,10,9
14770,MA NI ZABIHA HALAL MART,5,3,2,3,2
14771,"MA QUICK MART, INC.",7,3,4,5,2
14772,MA&I,13,7,6,5,8
14773,MABE'S DELI INC,8,2,6,5,3
14774,MABES DELI,3,0,3,2,1
14775,MABLE'S TABLE,4,2,2,2,2
14776,MAC ARTHUR'S,38,13,25,16,22
14777,MAC DYNAMITE,2,0,2,0,2
14778,MAC KELLY'S,7,2,5,3,4
14779,MAC KELLY'S GREEN & THINGS INC,4,3,1,1,3
14780,MAC KELLYS GREENS & THINGS,15,6,9,7,8
14781,MAC'S AMERICAN FOOD,24,7,17,13,11
14782,MACARONI GRILL,41,22,19,17,24
14783,MACAU TASTY HOUSE,13,4,9,7,6
14784,"MACCY,INC",5,1,4,3,2
14785,MACELLO RISTORANTE,19,9,10,9,10
14786,MACHETES & MACHETACOS INC.,9,5,4,3,6
14787,MACHETES BIG QUESADILLAS,4,3,1,2,2
14788,MACHETES PA MATAR EL HAMBRE,16,9,7,7,9
14789,MACHINE,11,2,9,11,0
14790,MACHOS TACOS AND WINGS,2,1,1,1,1
14791,MACHU PICCHU,10,4,6,7,3
14792,MACHU PICCHU RESTAURANT,10,1,9,7,3
14793,MACIAS PRODUCE INC.,28,10,18,11,17
14794,MACK'S RED HOT,6,4,2,2,4
14795,MACKELLY'S,10,4,6,5,5
14796,MACKELLYS,3,2,1,1,2
14797,MACKU,19,2,17,14,5
14798,MACKU SIGNATURE,5,1,4,4,1
14799,MACLEAN CENTER CAFE,15,8,7,5,10
14800,MACY'S,114,57,57,32,82
14801,MACY'S GYROS,2,1,1,1,1
14802,MAD,15,3,12,9,6
14803,MAD BOILER,6,2,4,2,4
14804,MAD LOVE,5,2,3,2,3
14805,MAD RIVER BAR & GRILLE,16,5,11,9,7
14806,MADAME DELLUC ARTISAN CHOCOLATIER,2,1,1,1,1
14807,MADDANTHONY'S BAR & GRILL/LACOCO'S PIZZA & PASTA,13,6,7,7,6
14808,MADDIEBIRD BAKERY,7,3,4,2,5
14809,MADDON'S POST,7,1,6,4,3
14810,MADEROS LATIN GRILL & BAR,6,1,5,6,0
14811,MADINA FOOD MART,4,1,3,3,1
14812,MADINA GROCERS INC.,2,1,1,1,1
14813,MADISON  STREET BURGERS,4,2,2,3,1
14814,MADISON & VINE WINES,8,4,4,1,7
14815,MADISON 4102,3,1,2,1,2
14816,MADISON A & H FOOD MART INC.,2,1,1,2,0
14817,MADISON BANQUETS INC.,5,2,3,3,2
14818,MADISON CRAB HOUSE,10,3,7,7,3
14819,MADISON DISCOUNT STORE INC.,3,1,2,2,1
14820,MADISON EXPRESS FOOD MART,5,2,3,3,2
14821,MADISON EXPRESS MINI MART,2,0,2,1,1
14822,MADISON FOOD,3,1,2,1,2
14823,MADISON FOOD & DELI INC.,5,0,5,4,1
14824,MADISON FOOD & LIQUOR,8,1,7,6,2
14825,MADISON FOOD & MEAT MARKET INC.,8,1,7,6,2
14826,MADISON FOOD & SPIRITS,6,3,3,2,4
14827,"MADISON FOOD MART, INC",3,0,3,2,1
14828,MADISON FOODS AND FISH MARKET INC.,2,0,2,1,1
14829,MADISON GROCERY & BEAUTY SUPPLY,3,2,1,1,2
14830,"MADISON HANAN, INC.",4,1,3,3,1
14831,MADISON MINI MART,7,0,7,4,3
14832,MADISON PULASKI FOOD MART,2,0,2,0,2
14833,"MADISON QUICK MARKET, INC.",2,1,1,1,1
14834,"MADISON QUICK SHOP,INC.",4,0,4,4,0
14835,MADISON STREET GRILL,11,4,7,7,4
14836,MADISON SUBS & GYROS,6,1,5,4,2
14837,MADISON SUBWAY LLC,8,4,4,1,7
14838,MADISON SUPER MARKET FOOD,3,0,3,2,1
14839,MADISON SUPERMARKET,5,3,2,3,2
14840,MADISON TAVERN,14,6,8,7,7
14841,MADNI MART U.S.A. INC.,8,5,3,5,3
14842,MADO,3,1,2,2,1
14843,MADO HEALTHCARE-DOUGLAS PARK,15,8,7,6,9
14844,MADO HEALTHCARE-UPTOWN,3,2,1,1,2
14845,MADONNA CAMPUS,5,3,2,1,4
14846,MADRE MIA JUICE BAR AND VEGGIE CAFE,2,1,1,1,1
14847,"MAE'S EARLY CHILDHOOD DEVELOPMENT AND THERAPEUTIC DAY CARE CENTER, INCORPORATED",9,4,5,2,7
14848,MAG'S GRILL,3,1,2,1,2
14849,"MAGA WAREHOUSE, INC",2,0,2,1,1
14850,MAGAL RESTAURANT,3,1,2,2,1
14851,MAGE EDUCATION,3,1,2,1,2
14852,MAGGIANO'S BANQUETS ON GRAND,14,6,8,4,10
14853,MAGGIANO'S LITTLE ITALY,29,13,16,13,16
14854,MAGGIE GYROS,13,8,5,4,9
14855,MAGGIE GYROS & CHICKEN,36,12,24,13,23
14856,MAGGIES FOOD,3,1,2,2,1
14857,MAGGY'S FOOD,2,2,0,1,1
14858,"MAGIC CAFE & GRILL, INC.",3,1,2,2,1
14859,MAGIC CELL,2,1,1,1,1
14860,MAGIC CITY BBQ CATERING AND SOUL INC.,3,2,1,2,1
14861,MAGIC GRILL INC.,6,4,2,1,5
14862,MAGIC JOHNSON BRIDGESCAPE ACADEMY,6,0,6,2,4
14863,MAGIC JOHNSON BRIDGESCAPE ACADEMY HUMBOLDT PARK,14,6,8,9,5
14864,MAGIC JUG,19,6,13,6,13
14865,MAGIC SNACK SHOP,5,2,3,3,2
14866,MAGICLAND CENTER INC.,6,1,5,6,0
14867,MAGNIFICO COFFEE,2,1,1,2,0
14868,MAGNOLIA BAKERY,21,8,13,8,13
14869,MAGNOLIA CAFE,10,2,8,7,3
14870,"MAGNOLIA FOOD MART, INC.",5,3,2,2,3
14871,MAGNOLIA SPORTS BAR,3,2,1,1,2
14872,MAGO GRILL & CANTINA,9,0,9,5,4
14873,MAGO'S TAMALES & TAQUERIA,39,13,26,16,23
14874,MAGONGLAPO,6,1,5,4,2
14875,MAH'S MINI MART,4,1,3,3,1
14876,MAHALIA JACKSON ELEMENTARY SCHOOL,20,6,14,5,15
14877,MAHALO,4,0,4,3,1
14878,MAHARAJ CHICAGO INC,9,3,6,5,4
14879,MAHIRA YASHFEEN INVESTMENTS,2,0,2,1,1
14880,MAHIREEN GROCERY STORE,2,0,2,2,0
14881,MAHONEY'S,20,11,9,10,10
14882,MAI TAI,7,3,4,4,3
14883,MAICO'S BAKERY,13,4,9,8,5
14884,MAICOS BAKERY IL. CORP.,4,1,3,3,1
14885,MAICOS TACOS AND BAKERY,4,0,4,2,2
14886,MAILLARD TAVERN,12,4,8,8,4
14887,MAIN DINING,14,8,6,6,8
14888,"MAIN STREET FOOD 103, INC.",2,0,2,1,1
14889,MAISON,4,2,2,1,3
14890,MAISON CUISINE,5,2,3,2,3
14891,MAISON DE CASTELNAU,3,0,3,2,1
14892,MAISON MARCEL,26,12,14,18,8
14893,MAISON PARISIENNE,22,9,13,10,12
14894,MAJANI,9,3,6,5,4
14895,MAJANI FOOD EMPORIUM,8,3,5,2,6
14896,MAJESTIC HOTEL,9,6,3,2,7
14897,MAJOR CHARLES L. HUNT POST NO. 2024,11,3,8,7,4
14898,MAJOR HALL CORPORATION,2,0,2,2,0
14899,MAKER'S MARK BARREL ROOM,4,2,2,0,4
14900,MAKI MASTERS,2,0,2,1,1
14901,MAKKAH CAFE,7,3,4,5,2
14902,MAKKI FAST FOOD AND GRILL,3,0,3,2,1
14903,MAKKI GRILL,20,7,13,10,10
14904,MAKKI MART CORP,6,2,4,4,2
14905,MAKKI MEAT & GROCERY INC,6,3,3,1,5
14906,MAKO,6,2,4,5,1
14907,MAKOLA AFRICAN SUPERMARKET,8,4,4,4,4
14908,MAKOLA AFRICAN SUPERMART,6,2,4,4,2
14909,MAKOTO,15,6,9,9,6
14910,"MALAK FAMILY FOOD MART,INC",4,1,3,3,1
14911,MALCOLM X COLLEGE,10,2,8,7,3
14912,MALEK FOOD MART,4,1,3,3,1
14913,MALI MART INC,5,3,2,3,2
14914,MALIK FOOD MART,7,2,5,5,2
14915,MAM PRODUCE & MEAT INC,16,2,14,10,6
14916,MAMA AFRICA FOOD STORE,2,0,2,1,1
14917,MAMA ANGIE,4,2,2,2,2
14918,MAMA ANGIE PIZZA,5,1,4,4,1
14919,MAMA B'S PIZZERIA,3,2,1,1,2
14920,MAMA DELIA & BORDEL,3,0,3,2,1
14921,MAMA GREEN'S GOURMET GOODIES,4,2,2,2,2
14922,MAMA K'S,5,1,4,3,2
14923,MAMA K'S CAFE,6,2,4,6,0
14924,MAMA KEMET'S GROCERY,2,0,2,2,0
14925,MAMA LEE'S GOURMET POPCORN INC.,2,1,1,2,0
14926,MAMA LOU'S COMFORT KITCHEN,3,2,1,1,2
14927,MAMA LUCY'S,5,4,1,2,3
14928,MAMA LUCY'S CATERING CORPORATION,23,10,13,10,13
14929,MAMA LUNA RESTAURANT,34,12,22,21,13
14930,MAMA LUNA'S LOUNGE,6,2,4,2,4
14931,MAMA MADE  MY LUNCH,3,2,1,2,1
14932,MAMA MADE SWEET POTATA PIE,3,2,1,2,1
14933,MAMA MECHE RESTAURANT,5,1,4,4,1
14934,MAMA MILANO,20,5,15,12,8
14935,MAMA NEMS,3,1,2,2,1
14936,MAMA NENA'S SHRIMP HOUSE INC,8,5,3,2,6
14937,MAMA TU'S KORNER STORE,3,1,2,1,2
14938,MAMA'S BOY,5,3,2,3,2
14939,MAMA'S FRIED CHICKEN,3,1,2,1,2
14940,MAMA'S GRILL & DELI COMPANY,6,1,5,5,1
14941,MAMA'Z BEEF,6,2,4,2,4
14942,MAMACITA'S RESTAURANT,3,0,3,2,1
14943,MAMAN ZARI,4,2,2,2,2
14944,MAMBO CAFE,11,1,10,10,1
14945,MAMBO'S RESTAURANT INC.,2,0,2,1,1
14946,MAMINA KUHINJA,9,4,5,7,2
14947,MAMMA MIA,7,2,5,4,3
14948,MAMMOTH POKE & BOWL,4,1,3,2,2
14949,MAN-JO-VIN INC,10,6,4,2,8
14950,MAN-O-SALWA,6,1,5,6,0
14951,MANA,6,3,3,5,1
14952,"MANA DISCOUNT, INC.",3,3,0,1,2
14953,MANA FOOD BAR,18,5,13,8,10
14954,MANAR FOOD MARKET,5,2,3,5,0
14955,MANATIS CORP.,2,1,1,1,1
14956,MANCHU WOK,86,44,42,21,65
14957,MANCINAS INC.,7,4,3,3,4
14958,MANCINI'S,13,2,11,10,3
14959,MANDARIN CHINESE REST,6,1,5,4,2
14960,MANDARIN KITCHEN,19,6,13,9,10
14961,MANDELA AFRICAN GROCERY,4,2,2,2,2
14962,MANDI CAKES,2,1,1,1,1
14963,MANDY NOOR,5,1,4,3,2
14964,MANEETHAI RESTAURANT,43,19,24,24,19
14965,MANGAL,3,1,2,3,0
14966,"MANGIA FRESCA INC.,",15,9,6,4,11
14967,MANGIA PIZZA,3,0,3,3,0
14968,MANGIA ROMA,2,0,2,1,1
14969,MANGO MANGO,2,0,2,1,1
14970,MANGO PICKLE,15,5,10,9,6
14971,MANHATTAN BAGELS,3,1,2,3,0
14972,MANHATTAN'S ON DEARBORN,5,3,2,3,2
14973,MANIC MEATBALL ROSCOE,8,1,7,8,0
14974,MANJARES AL EXPRESS,32,12,20,17,15
14975,MANN PARK,13,4,9,6,7
14976,MANNA FOR LIFE,8,4,4,3,5
14977,MANNY'S CAFE MIDWAY,19,13,6,1,18
14978,MANNY'S EXPRESS MIDWAY,9,5,4,1,8
14979,MANNY'S GROCERIES,7,3,4,2,5
14980,MANNY'S GROCERY,4,1,3,2,2
14981,MANNY'S PLACE,5,5,0,4,1
14982,MANNY'S TACOS & BURRITOS,24,13,11,11,13
14983,MANNYS COFFEE HOUSE,15,3,12,5,10
14984,MANNYS COFFEE SHOP INC,11,5,6,4,7
14985,MANOLO'S TAMALES #3,27,2,25,20,7
14986,MANOLOS TAMALES 4,6,2,4,4,2
14987,"MANOLOS TAMALES, INC. #1",30,12,18,17,13
14988,"MANOLOS TAMALES, INC. #2",27,7,20,17,10
14989,MANRRAS GROCERY,2,1,1,2,0
14990,MANSUETO HIGH SCHOOL,2,1,1,0,2
14991,MANZO'S BURGER,10,4,6,3,7
14992,MANZO'S RISTORANTE,4,1,3,2,2
14993,MAPLE & ASH/ EIGHT BAR,27,11,16,14,13
14994,MAPLE PARK WINE AND SPIRITS,4,2,2,1,3
14995,MAPLEWOOD BREWING COMPANY,2,1,1,0,2
14996,MAR & SUCHII,4,1,3,3,1
14997,MAR ICECREAM,5,0,5,3,2
14998,"MAR ROJO, INC.",8,1,7,5,3
14999,MARACA'S,2,1,1,1,1
15000,MARAKECH CUSINE INC.,4,2,2,2,2
15001,MARATHON,96,28,68,55,41
15002,MARATHON CAPITOL CAR WASH,3,0,3,3,0
15003,MARATHON FUEL &  MINI MART,2,0,2,1,1
15004,MARATHON FUEL & MINI MART,27,9,18,14,13
15005,MARATHON GAS,18,5,13,10,8
15006,MARATHON GAS & FOOD,3,1,2,2,1
15007,MARATHON MART,7,5,2,5,2
15008,MARAVILLAS RESTAURANT,21,7,14,7,14
15009,MARBLE,10,4,6,4,6
15010,MARBLE SLAB CREAMERY,4,2,2,3,1
15011,MARCELA'S CAFE,9,2,7,6,3
15012,MARCELA'S PIZZA,4,0,4,3,1
15013,MARCELA'S RESTAURANT,9,4,5,2,7
15014,MARCELA'S RESTAURANT ll,8,1,7,5,3
15015,MARCELLO'S MARKET & DELI,25,8,17,11,14
15016,MARCHE',2,0,2,2,0
15017,MARCHESA,14,2,12,10,4
15018,MARCO'S BEEF,7,4,3,2,5
15019,MARCO'S DRIVE INN,15,2,13,6,9
15020,MARCO'S GROCERY,2,1,1,1,1
15021,MARCO'S PALACE,3,0,3,3,0
15022,MARCONI COMMUNITY ACADEMY,4,2,2,1,3
15023,MARCY - NEWBERRY / ABLA,8,6,2,2,6
15024,MARCY - NEWBERRY/ MARCY,6,2,4,3,3
15025,MARCY NEWBERRY/ ST. JOHN,4,0,4,2,2
15026,MARCY'S MART,3,2,1,2,1
15027,MARCY- NEWBERRY/AUSTIN TOWN HALL HEADSTART,5,2,3,2,3
15028,MARDI'S WHIZ KIDZ,4,0,4,4,0
15029,MARE'S MINI MART & DELI,4,1,3,2,2
15030,MARELYS CAFE,3,1,2,2,1
15031,MARGARET MANOR HOME NORTH,3,0,3,3,0
15032,MARGARET MANOR INC,16,6,10,7,9
15033,MARGARET'S,15,5,10,7,8
15034,MARGARETS VILLAGE BELIEVE SHELTER,4,0,4,2,2
15035,MARGARITA DISTRIBUTORS,6,2,4,3,3
15036,MARGARITA'S HEALTHY BAR,2,0,2,1,1
15037,MARGARITA'S MEAT MARKET,8,4,4,5,3
15038,MARGARITA'S PIZZA & BREAKFAST INC,5,1,4,4,1
15039,MARGARITA'S PIZZERIA,58,23,35,32,26
15040,MARGARITA'S RESTAURANT,6,3,3,4,2
15041,MARGARITAS MOM'S PIZZA,3,0,3,2,1
15042,MARGES STILL,15,9,6,6,9
15043,MARGIE POULOS,9,5,4,2,7
15044,MARGIE'S BEEF,11,3,8,7,4
15045,MARGIE'S BEEF STAND & WING HOUSE,6,2,4,3,3
15046,MARGIE'S CANDIES,18,10,8,6,12
15047,MARGIES CANDIES,21,9,12,10,11
15048,MARI & SLT GROCERY INC.,2,1,1,1,1
15049,MARI'S BUMBLE BEE DAY CARE CORP.,21,10,11,10,11
15050,MARI'S PIZZA,5,2,3,3,2
15051,MARI'S PIZZA TWO,5,0,5,4,1
15052,MARIA DE LOS ANGELES SALGADO - AVILA,2,0,2,2,0
15053,MARIA EUGINIA HUERTA,2,1,1,1,1
15054,MARIA FOOD AND RESTAURANT,3,0,3,3,0
15055,MARIA HIGH SCHOOL,7,4,3,3,4
15056,MARIA HOT DOG & SUB,3,0,3,3,0
15057,MARIA SAUCEDO ELEMENTARY,22,9,13,7,15
15058,MARIA'S,6,1,5,2,4
15059,MARIA'S CORNER STORE,2,0,2,2,0
15060,MARIA'S LOUNGE,4,3,1,2,2
15061,MARIA'S MEXICAN RESTAURANT,26,10,16,15,11
15062,MARIA'S MEXICAN RESTURANT,25,8,17,12,13
15063,MARIA'S PACKAGED GOODS & COMMUNITY BAR,20,9,11,12,8
15064,MARIA'S SUPERMARKET,3,1,2,3,0
15065,MARIA'S TAP,3,1,2,1,2
15066,MARIAM FOOD MART INC.,2,2,0,1,1
15067,MARIANO AZUELA ELEMENTARY,15,8,7,3,12
15068,MARIANO CAFE,14,8,6,9,5
15069,MARIANO'S,34,13,21,13,21
15070,MARIANO'S # 504,3,3,0,0,3
15071,MARIANO'S #8516,20,8,12,10,10
15072,MARIANO'S #8520,44,16,28,24,20
15073,MARIANO'S #8522,44,15,29,19,25
15074,MARIANO'S #8527 UKRANIAN VILLAGE,31,10,21,13,18
15075,MARIANO'S #8534,27,10,17,11,16
15076,MARIANO'S #8538,26,10,16,14,12
15077,MARIANO'S #8539,35,12,23,10,25
15078,MARIANO'S 8515,35,13,22,15,20
15079,MARIANO'S FRESH MARKET #8503,64,27,37,24,40
15080,MARIANO'S FRESH MARKET #8504,21,5,16,11,10
15081,MARIANO'S FRESH MARKET #8507,31,14,17,17,14
15082,MARIANO'S FRESH MARKET #8508,46,12,34,22,24
15083,MARIE FOOD MARKET & BEAUTY,2,0,2,2,0
15084,MARIE GOLD BAKE SHOPPE,20,8,12,11,9
15085,MARIE WUCZYNSKI'S RIPTIDE,2,0,2,1,1
15086,MARIE'S BAKERY,19,8,11,11,8
15087,MARIE'S CAFE & CATERING,10,5,5,4,6
15088,MARIE'S GOLDEN CUE,3,0,3,1,2
15089,MARIE'S LIQUORS INC.,24,10,14,12,12
15090,MARIE'S RIPTIDE LOUNGE,2,2,0,1,1
15091,MARIGOLD,7,2,5,4,3
15092,MARIGOLD RESTAURANT,5,2,3,2,3
15093,MARILLAC SOCIAL CENTER INC.,18,7,11,4,14
15094,MARIN CONVENIENCE STORE,2,1,1,2,0
15095,MARIN'S ICE CREAM SHOP,7,1,6,5,2
15096,MARINA BISTRO,2,1,1,1,1
15097,MARINA FOOD & LIQUOR,2,0,2,2,0
15098,MARINAS CAFE,2,2,0,0,2
15099,MARINERO BAR AND GRILL,19,6,13,12,7
15100,"MARINO'S DISTRIBUTION , INC.",2,0,2,1,1
15101,MARIO & GINO'S,4,2,2,1,3
15102,MARIO 'S BUTCHER SHOP FD CNTR,3,2,1,2,1
15103,MARIO FOOD AND TOBACCO INC.,2,1,1,1,1
15104,MARIO FOOD MARKET INC.,3,1,2,2,1
15105,"MARIO GROCERY & FAST FOOD, INC.",8,1,7,7,1
15106,"MARIO TRICOCI HAIR SALONS & DAY SPAS, LLC",2,1,1,1,1
15107,MARIO'S BUTCHER SHOP,15,8,7,4,11
15108,MARIO'S FOODS,5,1,4,4,1
15109,MARIO'S GOLD COAST RISTORANTE,15,5,10,7,8
15110,MARIO'S ITALIAN  LEMONADE INC,7,3,4,2,5
15111,MARIO'S MARKET,2,2,0,1,1
15112,MARIO'S MINI MART,3,0,3,2,1
15113,MARIO'S TABLE,9,2,7,5,4
15114,MARIOS GOOD,5,2,3,3,2
15115,MARIOS RED HOTS INC,13,4,9,7,6
15116,MARIS SPICES INCORPORATED 1,3,2,1,2,1
15117,MARISCO EL MALECON,7,2,5,5,2
15118,MARISCO EL VENENO #2 CORP.,26,12,14,12,14
15119,MARISCO'S EL NUEVO VALLARTA #2,5,3,2,2,3
15120,MARISCOS  LA PLAYA INC,9,3,6,6,3
15121,MARISCOS ALMADA,13,5,8,8,5
15122,MARISCOS BAHIA,10,2,8,7,3
15123,MARISCOS BLUE MARLIN MEXICAN CUISINE,5,1,4,5,0
15124,MARISCOS BUCERIS NAYARIT,12,4,8,6,6
15125,MARISCOS EL ABUELO Y YO SEAFOOD,7,5,2,4,3
15126,MARISCOS EL BARBAS,7,1,6,5,2
15127,MARISCOS EL FABULOSO,4,2,2,2,2
15128,MARISCOS EL KORA INC,11,2,9,7,4
15129,"MARISCOS EL KORA, INC.",13,4,9,5,8
15130,MARISCOS EL MALECON,3,2,1,2,1
15131,MARISCOS EL MALECON #2,3,1,2,2,1
15132,MARISCOS EL OCEANO,10,2,8,6,4
15133,MARISCOS EL PACIFICO,9,2,7,7,2
15134,MARISCOS EL PUERTO,7,3,4,5,2
15135,"MARISCOS EL SENOR OSTION, INC",3,1,2,2,1
15136,MARISCOS EL VENENO,19,10,9,6,13
15137,MARISCOS GALLOS,3,2,1,2,1
15138,MARISCOS LA COSTA,11,1,10,5,6
15139,MARISCOS LA DIABLA,7,2,5,5,2
15140,MARISCOS LA GRULLA,12,5,7,5,7
15141,MARISCOS LA PALMA,15,6,9,8,7
15142,MARISCOS LA ROQUETA INC.,3,1,2,2,1
15143,MARISCOS LA SIRENA,5,1,4,3,2
15144,MARISCOS LAS ISLITAS,34,11,23,26,8
15145,MARISCOS LOS VEREROS RESTAURANT,3,1,2,2,1
15146,MARISCOS LUIS,6,3,3,1,5
15147,MARISCOS LUIS #2 INC.,8,5,3,3,5
15148,MARISCOS LUIS-ITO,10,3,7,7,3
15149,MARISCOS MI LINDO BUCERIAS,11,6,5,5,6
15150,MARISCOS PLAYA AZUL,2,1,1,2,0
15151,MARISCOS Y TAQUERIA,6,2,4,3,3
15152,MARISQUERIA LOS CABOS,21,11,10,8,13
15153,MARISQUERIA VERACRUZ,2,0,2,1,1
15154,MARIST HIGH SCHOOL,15,4,11,9,6
15155,MARK ANTHONY'S,4,0,4,3,1
15156,MARK TWAIN ELEMENTARY,18,8,10,4,14
15157,MARK VEND COMPANY,2,0,2,1,1
15158,MARK'S CHOP SUEY ON HALSTED,3,2,1,1,2
15159,"MARKELLO'S, INC.",5,3,2,3,2
15160,MARKELLOS BAKERY,7,2,5,5,2
15161,MARKELOS BAKERY,16,7,9,11,5
15162,MARKET CITGO,2,0,2,1,1
15163,MARKET CREATION,14,3,11,9,5
15164,MARKET CREATIONS,83,36,47,39,44
15165,MARKET CREATIONS CAFE,16,2,14,10,6
15166,MARKET FISH COOKED & FRESH,12,6,6,6,6
15167,MARKET FISH II,9,2,7,3,6
15168,MARKET FRESH FOODS,8,3,5,3,5
15169,MARKET FRESH INC,14,5,9,3,11
15170,MARKET IN THE PARK,9,2,7,5,4
15171,"MARKET ON HOWARD, LLC",5,0,5,3,2
15172,MARKET PLACE OF CHICAGO LLC,2,1,1,1,1
15173,MARKET SELECT,5,2,3,2,3
15174,MARKET SQUARE,2,1,1,0,2
15175,MARKET THYME,24,11,13,14,10
15176,MARKLAND HUBBARD GOURMET,4,1,3,2,2
15177,MARKLAND-HUBBARD GOURMET PROVISIONS,9,5,4,4,5
15178,MARKOS TACOS & CAFE,8,1,7,6,2
15179,"MARKOVIC ENTERTAINMENT PRODUCTION, INC.",17,4,13,8,9
15180,MARLEYS MART,3,0,3,3,0
15181,"MARLIN'S FISH & CHICKEN, INC.",7,2,5,4,3
15182,"MARLON'S CHICKEN, INC. #2",2,1,1,1,1
15183,MARLONS CHICKEN & FISH,16,4,12,8,8
15184,MARMALADE CHICAGO,19,8,11,10,9
15185,MAROTHON GAS & MART,3,1,2,2,1
15186,MARQUEE LOUNGE,2,1,1,2,0
15187,MARQUETTE ELEMENTARY SCHOOL,25,12,13,9,16
15188,MARQUETTE MARATHON,6,2,4,3,3
15189,MARQUETTE SUPREME,9,2,7,3,6
15190,MARRAKECH,5,0,5,3,2
15191,MARRIOTT CHICAGO MEDICAL DISTRICT,12,3,9,7,5
15192,"MARRIOTT HOTEL SERVICES, INC.",15,7,8,3,12
15193,MARRIOTT MARQUIS CHICAGO,44,15,29,21,23
15194,MARS PARADISE,4,1,3,3,1
15195,MARSHALL'S LANDING,12,4,8,5,7
15196,MARSHFIELD URBAN GRILL,4,2,2,1,3
15197,MART ANTHONY,14,4,10,6,8
15198,MART PLAZA CATERING CORP,28,13,15,9,19
15199,MARTELLO'S PIZZA #1,9,4,5,5,4
15200,MARTELLO'S RESTAURANT AND BAR,4,2,2,4,0
15201,MARTHA NUTRICION,4,1,3,3,1
15202,MARTHA'S FOOD MARKET,6,2,4,3,3
15203,MARTHA'S FOOD MARKET 2,3,0,3,2,1
15204,"MARTHA'S FOOD MARKET CO., INC.",4,1,3,3,1
15205,MARTHA'S FRESH MARKET,6,2,4,3,3
15206,MARTHA'S GRILL,11,4,7,7,4
15207,MARTHON GAS & FOOD MART,5,4,1,3,2
15208,MARTIN  RYERSON ELEMENTARY,5,1,4,1,4
15209,MARTIN LUTHER KING JR. ACADEMY OF SOCIAL JUSTICE,26,10,16,8,18
15210,MARTIN'S CORNER,16,6,10,4,12
15211,MARTIN'S FRESH MARKET,6,3,3,3,3
15212,MARTINEZ FOOD INC.,2,1,1,1,1
15213,MARTINEZ SUPERMARKET,7,4,3,1,6
15214,MARTINEZ SUPERMARKET INC,11,3,8,7,4
15215,MARTINI BROS INC,4,1,3,3,1
15216,MARTINI CLUB,27,7,20,20,7
15217,MARTINI CLUB AT MANOR BOWLING & BILLIARD,21,7,14,15,6
15218,MARTINI PARK,2,0,2,1,1
15219,"MARTINO'S ITALIAN CUISINE & PIZZERIA, INC.",19,6,13,7,12
15220,MARTY'S,2,1,1,1,1
15221,MARTYRS',21,7,14,13,8
15222,MARVIN RESTAURANT,21,10,11,12,9
15223,MARVIN'S FOOD & FUEL / MORGAN'S ON FULTON,9,5,4,3,6
15224,MARWA GRILL,5,2,3,3,2
15225,MARY AND JANET'S DAYCARE & LEARNING CENTER,14,7,7,5,9
15226,MARY ANN'S FOODTINI,2,0,2,1,1
15227,MARY CRANE CENTER,4,2,2,2,2
15228,MARY CRANE LEAGUE,24,9,15,10,14
15229,MARY CRANE MORSE SITE,17,7,10,7,10
15230,MARY E. COURTENAY C.P.C.,3,2,1,1,2
15231,MARY E. COURTENAY LANGUAGE ARTS CENTER,11,3,8,2,9
15232,MARY JANE CAFE,3,0,3,2,1
15233,MARY LEE'S SMOKEHOUSE,4,1,3,3,1
15234,MARY MAPLE DODGE ELEMENTARY SCHOOL,5,1,4,1,4
15235,MARY SEARS CHILDREN'S ACADEMY,5,0,5,2,3
15236,MARY'S ABC ACADEMY CHILD DAY CARE CENTER,14,4,10,6,8
15237,MARY'S BAR B QUE INC.,17,6,11,6,11
15238,MARY'S CAFE,8,4,4,3,5
15239,MARY'S CATERING SERVICE INC.,2,2,0,1,1
15240,MARY'S FOOD AND GROCERY STORE,5,2,3,1,4
15241,MARY'S FOOD MARKET,4,0,4,3,1
15242,MARY'S LEMONADE STAND,4,1,3,2,2
15243,MARY'S SNACK SHOP,5,2,3,2,3
15244,"MARYS TAQUERIA AND GROCERY STORE, INC.",15,5,10,5,10
15245,MARZ COMMUNITY BREWING CO.,11,3,8,5,6
15246,MARZEYA BAKERY,3,0,3,2,1
15247,"MARZEYA BAKERY J.A.S., INC.",3,0,3,3,0
15248,"MARZEYA BAKERY, INC.",7,1,6,5,2
15249,MAS,5,2,3,3,2
15250,MAS ALLA DEL SOL,15,8,7,7,8
15251,MAS O MENOS LOUNGE,6,2,4,4,2
15252,MAS TACOS,3,2,1,0,3
15253,MASA AZUL,22,6,16,14,8
15254,"MASA UNO, INC.",5,3,2,4,1
15255,MASADA,17,9,8,7,10
15256,MASAKI SUSHI,17,6,11,8,9
15257,MASALA,7,4,3,3,4
15258,MASALA   GRILL,5,4,1,3,2
15259,MASALA INDIAN AND  MEDITERRANEAN CORP,9,2,7,4,5
15260,MASALA'S,3,0,3,2,1
15261,MASHAWI,6,1,5,5,1
15262,MASON,4,1,3,3,1
15263,"MASON MINI MART, INC.",2,1,1,1,1
15264,MASON/BLIND DRAGON,10,1,9,8,2
15265,MASOULEH,5,3,2,2,3
15266,MASTERS PANCAKE HOUSE,15,6,9,5,10
15267,"MASTI GRILL, INC.",11,4,7,6,5
15268,MASTRO'S STEAKHOUSE,28,13,15,12,16
15269,MASU,7,4,3,5,2
15270,MATCHACITA,4,1,3,3,1
15271,MATERNITY BVM,17,7,10,5,12
15272,MATHER HIGH SCHOOL,24,12,12,9,15
15273,MATHER'S MORE THAN A CAFE,26,12,14,10,16
15274,MATHER'S MORE THEN A CAFE,17,11,6,4,13
15275,MATI'S THE COFFEE COMPANY,11,4,7,8,3
15276,MATILDA,26,8,18,19,7
15277,MATISSE,21,7,14,10,11
15278,MATSU SHITA JAPANESE RESTAUANT,6,2,4,3,3
15279,MATSUMOTO JAPANESE RESTAURANT,2,0,2,2,0
15280,MATSUYA JAPANESE RESTAURANT,20,3,17,14,6
15281,MATT'S CATERING,2,1,1,1,1
15282,MATTHEW A. HENSON ELEMENTARY SCHOOL/CPC,6,4,2,1,5
15283,MATTO FORNAIO,2,1,1,1,1
15284,MAUI WOWI HAWAIIAN,2,1,1,1,1
15285,MAUI WOWI HAWAIIAN COFFEE & SMOOTHIES,2,1,1,1,1
15286,MAVELI STORE,2,0,2,2,0
15287,MAVI CHICAGO,2,1,1,2,0
15288,MAWA PARADISE,10,1,9,8,2
15289,MAX MARKET,2,1,1,1,1
15290,MAX ORIENT,2,1,1,1,1
15291,MAX'S FOOD + LIQUOR,4,3,1,1,3
15292,MAX'S RESTAURANT CHICAGO/MAX'S RESTAURANT CUISINE,8,3,5,3,5
15293,MAX'S TAKE OUT,21,8,13,9,12
15294,MAX'S WINE DIVE,6,1,5,4,2
15295,MAXI BAKERY,8,2,6,4,4
15296,MAXIM'S CHICAGO,3,1,2,3,0
15297,MAXIM'S RESTAURANT INC,27,13,14,13,14
15298,MAXIMUM YOGA & DANCE,4,1,3,3,1
15299,MAXINES 1 LLC,13,7,6,4,9
15300,MAXS DRIVE INN,10,7,3,3,7
15301,MAXWELL  GRILL,5,4,1,1,4
15302,MAXWELL AND FISH,4,0,4,3,1
15303,MAXWELL CHARCOAL GRILL,18,8,10,6,12
15304,MAXWELL FAMOUS STEAK & LIMONADE,2,1,1,1,1
15305,MAXWELL GRILL PLUS,2,1,1,1,1
15306,"MAXWELL GRILL, INC",7,4,3,4,3
15307,MAXWELL INN,2,0,2,1,1
15308,MAXWELL ST & FRESH LEMONADE,2,0,2,1,1
15309,MAXWELL ST EXPRESS,7,2,5,5,2
15310,MAXWELL STREET,3,1,2,2,1
15311,MAXWELL STREET ARMITAGE,3,0,3,2,1
15312,MAXWELL STREET CICERO,18,9,9,6,12
15313,MAXWELL STREET DEPOT INC.,19,3,16,4,15
15314,MAXWELL STREET EXPRESS,13,3,10,5,8
15315,MAXWELL STREET GRILL,55,24,31,17,38
15316,MAXWELL STREET HARRISON,21,10,11,11,10
15317,MAXWELL STREET SACRAMENTO,13,5,8,7,6
15318,MAXWELL STREET SAUSAGE CORP.,3,1,2,2,1
15319,MAXWELL STREET STATION,4,1,3,3,1
15320,MAXWELL THE ORIGINAL #1,3,0,3,2,1
15321,MAXWELL'S,17,6,11,9,8
15322,MAXWELL'S CHARCOAL GRILL,2,1,1,1,1
15323,MAXWELL'S ON OGDEN,5,2,3,3,2
15324,MAXWELLS TRADING,6,2,4,3,3
15325,MAY AND GRAND LLC,15,7,8,7,8
15326,MAY MAY GOURMET FOOD INC,23,9,14,13,10
15327,MAY ST. RESTAURANT,7,0,7,5,2
15328,MAY STREET CAFE,9,2,7,5,4
15329,MAY STREET GROCERIES,2,1,1,2,0
15330,MAY STREET MARKET,2,0,2,2,0
15331,"MAYA ONE FOOD & SPIRITS, INC.",2,0,2,2,0
15332,"MAYA SUPERSTORE, INC.",3,1,2,3,0
15333,MAYA'S MINI MART INC.,4,2,2,2,2
15334,MAYA'S NAYARIT,3,1,2,3,0
15335,MAYA'S NAYARIT INC,7,3,4,5,2
15336,"MAYA'S PIZZA, INC.",17,5,12,3,14
15337,MAYAHUEL RESTAURANT & PULQUERIA,2,0,2,2,0
15338,MAYAN PALACE,12,2,10,4,8
15339,MAYAN PALACE 2,9,1,8,6,3
15340,MAYAN SOL RESTAURANT,5,1,4,2,3
15341,MAYAN SOL-LA ESQUINITA DEL SABOR,5,3,2,2,3
15342,MAYANA CHOCOLATE,4,2,2,2,2
15343,MAYFAIR EARLY LEARNING,12,3,9,6,6
15344,MAYFAIR FOOD & LIQUOR,7,3,4,5,2
15345,MAYFAIR MARATHON INC,18,7,11,9,9
15346,MAYFAIR MARKET,11,5,6,6,5
15347,MAYFAIR MARKET PLACE,4,2,2,2,2
15348,MAYFAIR RESTAURANT,16,6,10,7,9
15349,MAYFIELD CARE AND REHABILITATION CENTER LLC,3,2,1,1,2
15350,MAYFIELD CARE CENTER INC,8,3,5,3,5
15351,"MAYFIELD HEALTH CENTER, LLC.",9,6,3,5,4
15352,MAYFIELD-MADISON MINI MART,3,0,3,2,1
15353,MAYFLOWER CHINESE RESTAURANT,19,10,9,10,9
15354,MAYFLOWER FOOD,22,3,19,15,7
15355,MAYFLOWER FOOD INC.,2,1,1,1,1
15356,MAYFLOWER RESTAURANT,29,12,17,16,13
15357,"MAYFLOWER SEAFOOD RESTAURANT, LLC",18,4,14,12,6
15358,MAYNE STAGE/ACT ONE CAFE,2,1,1,1,1
15359,MAYNE/ACT ONE CAFE,19,9,10,8,11
15360,MAYO ELEMENTARY SCHOOL,4,3,1,0,4
15361,MAYPOLE ONE STOP SHOP INC.,6,1,5,6,0
15362,MAYRA'S FAMILY CATERING,3,3,0,2,1
15363,MAYS ELEMENTARY,5,3,2,1,4
15364,MAYUR MARKET INC.,2,1,1,2,0
15365,MAZ DOLLAR & FOOD INC.,2,1,1,1,1
15366,MAZA EXP,10,0,10,9,1
15367,MAZA RESTAURANT,2,0,2,2,0
15368,MAZAMITLA TAQUERIA,3,0,3,1,2
15369,MC CANN DAY CARE CENTER,19,3,16,13,6
15370,MC DONALD' S  # 6888,11,8,3,2,9
15371,MC DONALD' S # 22100,11,3,8,4,7
15372,MC DONALD'S,177,73,104,60,117
15373,MC DONALD'S #11559,15,7,8,7,8
15374,MC DONALD'S #3901,7,1,6,4,3
15375,MC DONALD'S #5697,9,5,4,3,6
15376,MC DONALD'S 6039,9,5,4,2,7
15377,MC DONALD'S RESTAURANT,26,13,13,8,18
15378,MC DONALDS,106,51,55,37,69
15379,MC DONALDS RESTAURANT,16,11,5,6,10
15380,MC GEE'S ENTERPRISES INC,2,0,2,2,0
15381,MC GEE'S JUKEBOX LOUNGE INC,3,1,2,2,1
15382,MC GOWAN'S TAP,6,0,6,6,0
15383,MC INTOSH'S,2,0,2,2,0
15384,MC KINNEY'S EARLY LEARNING ACADEMY,17,9,8,2,15
15385,MC NAMARA'S FOOD & DRINKS,20,9,11,11,9
15386,MC SNACK SHOP,2,0,2,2,0
15387,MCAULIFFE ELEMENTARY SCHOOL,18,11,7,5,13
15388,MCCB,13,9,4,7,6
15389,MCCORMICK & SCHMICK'S SEAFOOD RESTAURANT,36,9,27,16,20
15390,MCCORMICK PLACE,27,13,14,17,10
15391,MCCORMICK PLACE - NORTH BUILDING,16,6,10,4,12
15392,MCCORMICK PLACE - SOUTH BUILDING - SAVOR,20,11,9,7,13
15393,MCCORMICK PLACE - WEST BUILDING  - SAVOR,17,9,8,5,12
15394,MCCORMICK PLACE- LAKESIDE CENTER- SAVOR,19,9,10,8,11
15395,MCCORMICK PLACE-LAKESIDE CENTER-SAVOR,4,1,3,1,3
15396,MCCORMICK PLACE-NORTH BUILDING,3,1,2,1,2
15397,MCCORMICK PLACE-SOUTH BUILDING-SAVOR,3,2,1,1,2
15398,MCCORMICK PLACE-WEST BUILDING-SAVOR,4,1,3,1,3
15399,MCCORMICK TRIBUNE YMCA PRESCHOOL,8,3,5,2,6
15400,MCCORMICK YMCA PRESCHOOL,6,2,4,1,5
15401,MCCOY HEALTHY FOODS,2,1,1,1,1
15402,MCDONALD,6,3,3,2,4
15403,MCDONALD' S # 5618,15,6,9,6,9
15404,MCDONALD' S RESTAURANT,2,0,2,2,0
15405,MCDONALD'S,755,320,435,267,488
15406,MCDONALD'S #10720,13,4,9,7,6
15407,MCDONALD'S #11290,9,2,7,4,5
15408,MCDONALD'S #20104,13,9,4,3,10
15409,MCDONALD'S #26364,12,3,9,4,8
15410,MCDONALD'S #4305,30,12,18,12,18
15411,MCDONALD'S #490,30,11,19,15,15
15412,MCDONALD'S #5293,6,2,4,4,2
15413,MCDONALD'S #5813,14,5,9,3,11
15414,MCDONALD'S #6113,16,6,10,8,8
15415,MCDONALD'S #6310,6,1,5,2,4
15416,MCDONALD'S #6491,24,11,13,11,13
15417,MCDONALD'S #788,8,2,6,4,4
15418,MCDONALD'S - McCAFE',3,0,3,2,1
15419,MCDONALD'S 26371,7,3,4,3,4
15420,MCDONALD'S CORPORATION,40,23,17,9,31
15421,"MCDONALD'S REST. OF ILL, INC",11,7,4,4,7
15422,"MCDONALD'S REST. OF ILLINOIS, INC",10,7,3,2,8
15423,MCDONALD'S RESTAURANT,127,44,83,49,78
15424,"MCDONALD'S RESTAURANT OF ILLINOIS,INC",12,5,7,4,8
15425,MCDONALD'S RESTAURANTS,65,26,39,27,38
15426,MCDONALD?S 25088,8,2,6,5,3
15427,MCDONALD?S 28128,13,4,9,8,5
15428,MCDONALDS,392,165,227,145,247
15429,MCDONALDS #12003,8,3,5,4,4
15430,MCDONALDS #27672,28,11,17,12,16
15431,MCDONALDS #29307,21,11,10,5,16
15432,MCDONALDS #335,6,3,3,2,4
15433,MCDONALDS #4655,20,10,10,5,15
15434,MCDONALDS #5471,11,7,4,1,10
15435,MCDONALDS #7069,13,4,9,6,7
15436,MCDONALDS #7463,4,1,3,1,3
15437,MCDONALDS 812,17,7,10,10,7
15438,MCDONALDS RESTAURANT,85,36,49,20,65
15439,MCDONALDS RESTAURANT # 14173,20,11,9,6,14
15440,MCDONALDS'S RESTAURANTS,12,4,8,6,6
15441,MCFADDEN'S,17,2,15,10,7
15442,MCGEE'S TAVERN & GRILLE,17,6,11,9,8
15443,MCGUIGANS,11,4,7,7,4
15444,MCKAYLA  RESTAURANT,3,1,2,2,1
15445,MCKELLIN'S,7,3,4,4,3
15446,MCKINLEY  TRUMBULL PK HEADSTART,2,0,2,2,0
15447,MCKINLEY ROSELAND HEADSTART,11,4,7,4,7
15448,MCM PROTEIN BAR,4,1,3,3,1
15449,MCM PUB & LIQUORS,23,7,16,11,12
15450,"ME AND YOU LEARNING ACADEMY, INC.",14,6,8,5,9
15451,ME DEE INC.,18,5,13,8,10
15452,ME WENTWORTH LLC,10,2,8,6,4
15453,ME-GA CARNITAS,9,7,2,4,5
15454,ME-ME ONE STOP,3,0,3,1,2
15455,ME-ME ONE STOP FOOD,8,4,4,4,4
15456,"MEADOWBROOK EGG & DAIRY, LLC",2,0,2,1,1
15457,MEADOWBROOK EGG CO. INC.,2,1,1,1,1
15458,MEAN BAO,2,2,0,2,0
15459,MEANINGFUL MILESTONES,7,4,3,4,3
15460,"MEAT & FOOD MARKET, INC.",3,0,3,1,2
15461,MEAT MARKET & GROCERY,4,0,4,4,0
15462,MEATBALL HERO & PASTA,4,2,2,2,2
15463,"MEATHEAD MANAGEMENT, LLC",13,5,8,7,6
15464,"MEATHEAD RESTAURANTS, LLC",9,3,6,7,2
15465,MED KITCHEN,19,13,6,7,12
15466,MEDDLE COFFEE BAR,5,4,1,1,4
15467,MEDI KITCHEN + COCKTAIL,4,1,3,4,0
15468,MEDITERANEAN GRILL,10,2,8,6,4
15469,MEDITERRANEAN EXPRESS,2,1,1,1,1
15470,MEDITERRANEAN EXPRESS CAFE LLC,3,0,3,2,1
15471,"MEDITERRANEAN FOOD MART, INC.",4,1,3,3,1
15472,MEDITERRANEAN GRILL & CUISINE,6,1,5,3,3
15473,MEDITERRANEAN STOP,3,2,1,1,2
15474,"MEDLEY GRILL & BBQ, LLC",5,1,4,2,3
15475,MEDO FOODS,8,1,7,4,4
15476,"MEDTAK, LTD",2,1,1,2,0
15477,MEE MAH,19,9,10,6,13
15478,"MEENA MARKET, INC.",3,0,3,2,1
15479,MEENARI ORIENTAL RESTAURANT,16,9,7,6,10
15480,MEERATH KABAB,10,1,9,8,2
15481,MEERATH KABAB LIVE BBQ,3,1,2,2,1
15482,MEET & WHISKEY,6,1,5,3,3
15483,MEET FRESH,7,2,5,5,2
15484,MEET NOODLES,3,1,2,2,1
15485,MEETING HOUSE TAVERN,2,0,2,1,1
15486,MEETSTOP,4,0,4,3,1
15487,MEG'S KITCHEN LTD,2,0,2,1,1
15488,MEGA FOOD MART,2,0,2,2,0
15489,MEGA FRIED CHICKEN AND FISH,2,1,1,2,0
15490,MEGA MART,2,1,1,1,1
15491,MEHRAB RESTAURANT,5,2,3,2,3
15492,MEHRAB SUPER MARKET,8,4,4,3,5
15493,MEHRAB SUPERMARKET,5,1,4,4,1
15494,MEHRAB ZABIHA MEAT & TOBACCO,3,1,2,2,1
15495,MEI FOOD,3,2,1,2,1
15496,MEI SHUNG CHINESE RESTAURANT,9,4,5,5,4
15497,MEI SHUNG RESTAURANT,13,5,8,6,7
15498,MEJORA TU ESTILO DE VIDA,3,2,1,2,1
15499,MEKATO'S COLOMBIAN BAKERY,5,2,3,3,2
15500,MEL MARKONS,9,2,7,5,4
15501,MEL-BAY GROCERY,8,3,5,3,5
15502,MELANTHIOS,11,5,6,6,5
15503,MELAO LATIN CUISINE INC.,10,5,5,1,9
15504,MELATE COFFEE SHOP,4,2,2,2,2
15505,MELDI GROCERY STORE INC.,3,2,1,2,1
15506,MELI CAFE ON DEARBORN,17,5,12,7,10
15507,MELI CAFE ON GRAND,27,10,17,14,13
15508,"MELIA FOOD MART, INC.",4,1,3,4,0
15509,MELISSA'S FOOD & LIQUORS,2,1,1,2,0
15510,MELISSA'S FOOD & LIQUORS INC,2,0,2,1,1
15511,MELLO'S CARRY OUTS,8,1,7,6,2
15512,MELLODY FREEZE,2,2,0,1,1
15513,MELLOS CARRY OUTS,23,8,15,12,11
15514,MELLOS PEANUT COMPANY,2,1,1,1,1
15515,MELLOW YELLOW,32,7,25,19,13
15516,MELODY CORPORATION,2,0,2,2,0
15517,MELODY CPC,12,6,6,3,9
15518,MELODY STEM ELEMENTARY AT DELANO CAMPUS,16,6,10,7,9
15519,MELON EXPRESS CATERING CO,13,4,9,7,6
15520,MELROSE DINER,13,2,11,9,4
15521,MELROSE RESTAURANT,17,8,9,8,9
15522,MELT,4,2,2,3,1
15523,MELVILLE FULLER ELEMENTARY,17,12,5,3,14
15524,MEME GROCERY STORE,4,1,3,2,2
15525,MEME WOK,5,3,2,3,2
15526,MEMITO'S ACADEMY FOR CHILDREN,12,9,3,2,10
15527,MEMO'S CATERING,6,0,6,3,3
15528,MEMO'S HOT DOGS,8,3,5,3,5
15529,"MEMO'S RESTAURANT,INC.",16,8,8,9,7
15530,MEMORIAL HALL CLUB,6,2,4,5,1
15531,MEMORIES PUB,4,1,3,4,0
15532,MEMOS TACOS INC,9,3,6,3,6
15533,"MENARD 6300 DONUTS, INC.",5,3,2,2,3
15534,"MENARD FOOD MARKET, INC",3,1,2,2,1
15535,MENARD'S,2,0,2,1,1
15536,MENARDS,2,0,2,1,1
15537,MENCHIE'S,5,2,3,2,3
15538,MENTA ACADEMY CHICAGO WEST,5,1,4,2,3
15539,MENTA ACADEMY MIDWAY,5,2,3,2,3
15540,MENTA ACADEMY SOUTH,2,0,2,1,1
15541,MENYA GOKU,4,0,4,2,2
15542,MERCADITO CHICAGO,27,9,18,17,10
15543,MERCADITO COUNTER,4,2,2,2,2
15544,MERCADITO LA ECONOMICA,4,2,2,1,3
15545,MERCADITO LA MONARCA,2,0,2,1,1
15546,MERCADO 43,6,2,4,4,2
15547,MERCADO DE LA MANZANA,8,2,6,4,4
15548,MERCADO MEXICANO,2,1,1,0,2
15549,MERCADO VIVEROS,3,0,3,2,1
15550,MERCATO DEL PESCE INC,6,3,3,3,3
15551,MERCEDES BENZ OF CHICAGO,3,0,3,1,2
15552,MERCER 113,12,3,9,6,6
15553,MERCHANT,6,2,4,5,1
15554,MERCHANT MARKET,19,8,11,8,11
15555,"MERCY ASIAN FOOD, INC",2,0,2,2,0
15556,MERCY CIRCLE,10,4,6,3,7
15557,MERCY HOME FOR BOYS AND GIRLS,18,11,7,5,13
15558,MERCY HOME FOR GIRLS,4,2,2,0,4
15559,MERCY HOSPITAL CAFETERIA,15,7,8,6,9
15560,MERCY HOSPITAL/MEDICAL CENTER,3,0,3,2,1
15561,MERCY'S TOBACCO,3,1,2,2,1
15562,MERGUEZ,2,1,1,1,1
15563,MERKLE'S BAR & GRILL,18,4,14,11,7
15564,"MERLA'S KITCHEN, LLC",18,7,11,10,8
15565,MERLO ON MAPLE,12,2,10,9,3
15566,MERLO RISTORANTE,3,2,1,1,2
15567,MERMAID FISH & CHICKEN,16,6,10,11,5
15568,MEROE,5,1,4,5,0
15569,MERRILL FOOD,10,3,7,7,3
15570,MESA URBANA DOS,6,2,4,6,0
15571,"MESA URBANA, ATOLITO MEXICAN KITCHEN",7,1,6,4,3
15572,MESON DEL TACO,5,1,4,2,3
15573,MESON DEL TACO EXPRESS,8,4,4,5,3
15574,MESON DEL TACO INC,21,10,11,11,10
15575,MESSIAH LUTHERAN HEADSTART,8,4,4,5,3
15576,MESSNER'S WRIGLEY GRILLE,7,1,6,5,2
15577,MESSY DOGS & EMPANADA KINGDOM,4,2,2,2,2
15578,METAL HAVEN GRILL,4,1,3,3,1
15579,METHODIST HOSPITAL OF CHICAGO,29,13,16,15,14
15580,METRIC COFFEE CAFE,5,4,1,2,3
15581,METRO DELI,11,4,7,6,5
15582,METRO MARKET,3,2,1,1,2
15583,METRO SPICE MART,2,1,1,1,1
15584,METROMART,9,3,6,3,6
15585,METROPOLIS COFFEE COMPANY,15,8,7,5,10
15586,METROPOLIS ROTISSERIA,3,0,3,2,1
15587,METROPOLITAN ASIAN FAMILY SERVICES,13,4,9,3,10
15588,METROPOLITAN BREWING,4,1,3,1,3
15589,METROPOLITAN CLUB,23,8,15,14,9
15590,METROPOLITAN FAMILY SERVICES,35,14,21,8,27
15591,METROPOLITAN FAMILY SERVICES MIDWAY CHILDCARE CENTER,16,5,11,3,13
15592,METROPOLITIAN FAMILY SERVICES,3,0,3,2,1
15593,MEX FLAVOR,4,2,2,2,2
15594,MEXI-TACOS,6,2,4,1,5
15595,"MEXI-TACOS, INC.",5,5,0,2,3
15596,MEXICAN FUSION LLC,2,0,2,2,0
15597,MEXICAN INN RESTAURANT,4,1,3,3,1
15598,MEXICAN RESTAURANT,11,4,7,4,7
15599,"MEXICAN RESTAURANT VILLA VICTORIA, INC.",2,0,2,1,1
15600,MEXICANA RESTAURANT & PASTRY INC,18,8,10,10,8
15601,MEXICO CANDIES & FOOD,5,1,4,4,1
15602,"MEXICO DOLLAR & FOOD,INC",3,0,3,2,1
15603,MEXICO LINDO,4,1,3,2,2
15604,MEXICO LINDO RESTAURANT INC.,4,0,4,3,1
15605,MEXICO STEAK HOUSE,25,12,13,14,11
15606,"MEXICO U.S.A., INC.",4,2,2,1,3
15607,MEXICOLOMBIA,8,5,3,4,4
15608,MEXIQUE,15,4,11,7,8
15609,MEZBAN,4,1,3,3,1
15610,MEZCAL BIRRIA OCOTLAN,8,1,7,5,3
15611,MEZCALA,2,1,1,1,1
15612,MEZCALINA,16,4,12,9,7
15613,MEZE,11,3,8,7,4
15614,MEZQUITE EXPRESS # 2,6,3,3,4,2
15615,MEZQUITE POLLO EXPRESS,13,6,7,10,3
15616,MEZTISOY FOOD MARKET,6,3,3,3,3
15617,MEZZA,40,13,27,20,20
15618,MEZZA GRILLED WRAPS & PITAS,16,7,9,7,9
15619,"MEZZA GRILLED WRAPS AND PITA, INC",16,10,6,7,9
15620,MEZZA GRILLED WRAPS AND PITAS INC,16,5,11,8,8
15621,MF FOODS,2,0,2,1,1
15622,MFK,16,3,13,8,8
15623,"MG OLD FASHION MEAT MARKET, INC.",7,0,7,3,4
15624,MGM Catering,2,1,1,1,1
15625,MI  CABANITA,3,1,2,2,1
15626,MI AMIGO DISCOUNT,2,0,2,1,1
15627,MI CAFETAL,3,0,3,3,0
15628,MI CASITA GRILL RESTAURANT,2,1,1,1,1
15629,MI CIUDAD RESTAURANT,8,6,2,1,7
15630,MI CORAZON CAFE,3,3,0,1,2
15631,MI CUADRA RESTAURANT,4,0,4,3,1
15632,MI CUBA L RESTAURANT,2,1,1,1,1
15633,"MI FIESTA RESTAURANT & CATERING, INC",11,3,8,5,6
15634,MI FOGATA INC.,8,3,5,4,4
15635,"MI GENTE, INC.",5,2,3,3,2
15636,MI LINDA COSTA CHICA INC.,4,0,4,3,1
15637,MI LINDO JEREZ INC,4,0,4,4,0
15638,"MI LINDO MEXICO MARKET, LLC",14,2,12,9,5
15639,MI LINDO PALMAR,2,0,2,2,0
15640,MI LINDO PUEBLO RESTAURANT,2,1,1,1,1
15641,MI LINDO SAN JOSE,3,2,1,2,1
15642,MI MANDADO,4,0,4,4,0
15643,MI MEXICO GROCERY,9,5,4,3,6
15644,MI NUEVA TIERRA,5,2,3,4,1
15645,MI PALMAR,3,1,2,1,2
15646,MI PUEBLO,2,1,1,2,0
15647,MI PUEBLO #1,3,0,3,3,0
15648,MI PUEBLO BAR & GRILL,4,3,1,1,3
15649,MI PUEBLO TWO,21,8,13,7,14
15650,MI RANCHITO,10,2,8,5,5
15651,MI RANCHITO FOOD MARKET,3,0,3,2,1
15652,MI TAQUITO DE BIRRIERIA Y TAQUERIA ARANDAS,2,1,1,1,1
15653,MI TIENDITA,6,1,5,5,1
15654,MI TIENDITA QUICK MART,3,0,3,2,1
15655,MI TIERRA,9,6,3,2,7
15656,MI TIERRA SOUTH RESTAURANT,18,5,13,10,8
15657,MI TIERRA-SOUTH,8,4,4,2,6
15658,MI TOCAYA,10,6,4,5,5
15659,"MI VAQUITA, INC",4,0,4,2,2
15660,MIA FRANCESCA CORP,23,9,14,13,10
15661,MIAMI 99 CENT PLUS,3,0,3,2,1
15662,"MIAMI FISH & CHICKEN INC.,",3,1,2,2,1
15663,MIAMI FOODS,3,0,3,2,1
15664,MIARA'S CONT'L PASTRY DELI INC,7,1,6,5,2
15665,MIBAMYITTAR,3,0,3,2,1
15666,MICELI'S DELI,3,1,2,1,2
15667,MICELI'S DELI & FOOD MART,8,6,2,1,7
15668,MICHAEL BYRNE ELEMENTARY,15,6,9,3,12
15669,MICHAEL DIVERSEY'S,6,2,4,3,3
15670,MICHAEL FARADAY ELEMENTARY,22,10,12,8,14
15671,MICHAEL FARR,2,1,1,2,0
15672,MICHAEL FISH HOUSE,4,2,2,2,2
15673,MICHAEL JORDAN'S STEAKHOUSE,11,5,6,4,7
15674,MICHAEL'S GOURMET COFFEE,3,2,1,1,2
15675,MICHAEL'S ON MAIN CAFE,13,7,6,6,7
15676,"MICHAEL'S RESTAURANT, INC.",18,8,10,7,11
15677,MICHAEL'S WINE & SPIRITS,4,0,4,3,1
15678,"MICHAELS FAST FOOD & GROCERY, INC",4,0,4,3,1
15679,MICHAELS FRESH MARKET,16,7,9,5,11
15680,MICHELLA TERRACE,22,3,19,17,5
15681,MICHELLE,5,1,4,5,0
15682,MICHIGAN CITGO,5,2,3,4,1
15683,MICHIGAN FOOD CENTER INC.,3,1,2,2,1
15684,MICHIGAN FOOD MART & MORE INC.,2,1,1,1,1
15685,MICHIGAN FOODS,2,1,1,1,1
15686,MICHIGAN QUICK MART INC,7,4,3,3,4
15687,MICHOACAN FAST FOOD,2,0,2,2,0
15688,MICHOACAN RESTAURANT,4,0,4,2,2
15689,"MICHOACANA BAKERY, INC",16,4,12,6,10
15690,MICHOACANA GOLD,6,3,3,3,3
15691,MICHOACANA SWEETS,2,0,2,2,0
15692,MICHUU ETHIOPIAN RESTAURANT,3,0,3,3,0
15693,MICKEY'S  CHICKEN,11,1,10,7,4
15694,MICKY'S CHICKEN AND FISH,6,1,5,6,0
15695,MID AMERICA CARE CENTER,10,8,2,3,7
15696,MID AMERICA FOOD MART INC.,5,2,3,3,2
15697,MID CITY CARDS AND GIFTS,4,1,3,1,3
15698,MID CITY VENDING CO,2,0,2,1,1
15699,MID TOWN FOODS,4,2,2,2,2
15700,"MID TOWN PRODUCE, INC.",5,3,2,2,3
15701,MID WAY LIQUORS,5,2,3,4,1
15702,MID WEST GROCERIES,6,3,3,4,2
15703,MID-CITY CARDS & GIFTS,4,0,4,2,2
15704,"MID-TOWN FOOD MARKET, INC.",2,0,2,1,1
15705,MID-TOWN TENNIS CLUB,12,6,6,6,6
15706,MIDCITY FOOD & LIQUOR INC.,5,1,4,2,3
15707,MIDDLE BROW,12,2,10,7,5
15708,MIDDLE EAST BAKERY & GROCERY,10,4,6,4,6
15709,MIDDLE EAST GRILL,10,3,7,4,6
15710,MIDDLE EASTERN FLAIR,3,1,2,2,1
15711,MIDLANE ESPORTS,4,2,2,2,2
15712,MIDNIGHT CAFFE,2,0,2,1,1
15713,MIDORI JAPANESE RESTAURANT,26,11,15,14,12
15714,MIDTOWN ATHLETIC CLUB AND HOTEL,18,7,11,12,6
15715,MIDTOWN KITCHEN,3,1,2,2,1
15716,MIDTOWN MARKET,6,2,4,2,4
15717,MIDWAY AIRPORT CONCESSIONAIRES,6,4,2,1,5
15718,MIDWAY AIRPORT CONCESSIONARES,7,3,4,3,4
15719,MIDWAY FOOD & LIQUORS NO. 2,6,2,4,3,3
15720,MIDWAY GAS,4,0,4,3,1
15721,MIDWAY HEADSTART,6,2,4,2,4
15722,MIDWAY LOUNGE,10,2,8,3,7
15723,MIDWAY MOBIL,5,1,4,5,0
15724,MIDWAY POUR HOUSE,2,0,2,1,1
15725,MIDWAY SUB,15,9,6,4,11
15726,MIDWAY'S BEST BEEF,3,1,2,1,2
15727,MIDWEST,9,3,6,8,1
15728,MIDWEST BUDDHIST TEMPLE,14,9,5,1,13
15729,MIDWEST FUEL,3,1,2,2,1
15730,MIDWEST GAS,6,4,2,5,1
15731,MIDWEST GROCERY,4,0,4,2,2
15732,MIDWESTERN CHRISTIAN ACADEMY OF THE MIDWEST BIBLE CHURCH,15,9,6,4,11
15733,"MIDWESTERN MOONSHINERS, LLC",3,2,1,2,1
15734,MIGUEL ANGEL MEXICAN GRILL CAFE,2,1,1,1,1
15735,MIGUEL GROCERY STORE,4,2,2,2,2
15736,MIH ADMIN SERVICES LLC/BDA KFC,3,0,3,1,2
15737,MIH ADMIN SERVICES LLC/DBA 521038,4,2,2,2,2
15738,MIH ADMIN SERVICES LLC/DBA 521045,2,0,2,1,1
15739,MIH ADMIN SERVICES LLC/DBA KFC 521047,2,1,1,1,1
15740,"MIH ADMIN SERVICES, LLC/DBA 521036",3,2,1,1,2
15741,MIKE DITKA'S RESTAURANT,14,5,9,9,5
15742,MIKE TACOS INC.,4,1,3,3,1
15743,MIKE'S ALE HOUSE,4,1,3,3,1
15744,MIKE'S BIG GYROS,3,3,0,1,2
15745,MIKE'S CHEESESTEAKS,2,0,2,1,1
15746,MIKE'S GRILL,3,0,3,2,1
15747,MIKE'S NEIGHBORHOOD GROCERY,3,0,3,2,1
15748,MIKE'S PANTRY,3,1,2,2,1
15749,MIKE'S PLACE,18,6,12,9,9
15750,MIKE'S REVENGE,3,2,1,1,2
15751,MIKE'S WNGS & SEAFOOD,2,0,2,1,1
15752,"MIKEE'S 1-2-3, INC.",2,0,2,1,1
15753,MIKES LIQUOR,2,0,2,1,1
15754,MIKEY B INC.,2,1,1,2,0
15755,MIKEYS DISCOUNT DOLLAR,2,0,2,1,1
15756,MIKI'S PARK,4,2,2,2,2
15757,MIKKEY'S 53RD,9,3,6,7,2
15758,MIKKEY'S AT THE LAKEFRONT,3,1,2,1,2
15759,MIKKEY'S HYDE PARK,3,0,3,3,0
15760,MIKKEY'S RETRO GRILL,16,5,11,9,7
15761,MIKKEYS 47 EXPRESS LLC,7,2,5,5,2
15762,MIKO'S,12,4,8,7,5
15763,MIKOS,4,3,1,1,3
15764,MIKOS BAKERY,2,0,2,1,1
15765,MIKRUS DELI,2,2,0,0,2
15766,MIKU SUSHI,19,4,15,14,5
15767,MILA 1,9,1,8,4,5
15768,MILA PLAZA,9,5,4,4,5
15769,MILADY'S LUNCHROOM,2,2,0,2,0
15770,MILAN'S RESTAURANT & BAR,16,4,12,13,3
15771,MILANO'S MEATS & PRODUCE,8,1,7,6,2
15772,MILANO'S PIZZA,20,7,13,5,15
15773,MILANOS PIZZA,8,4,4,3,5
15774,MILD SAUCE RESTAURANT,2,1,1,1,1
15775,MILD2 SPICY,18,8,10,11,7
15776,MILENORTH,13,5,8,4,9
15777,MILENORTH CHICAGO,13,3,10,7,6
15778,MILES DAVIS MAGNET ELEMENTARY,14,6,8,2,12
15779,MILESTONES LEARNING ACADEMY,2,1,1,1,1
15780,MILESTONES LEARNING ACADEMY INC.,10,3,7,6,4
15781,MILITO'S MOBIL,3,2,1,0,3
15782,MILK  &  MORE,8,4,4,5,3
15783,MILK & HONEY CAFE,21,8,13,9,12
15784,MILK & HONEY GRANOLA,4,1,3,2,2
15785,"MILK AND HONEY BAKERY,LLC.",2,0,2,1,1
15786,MILKY WAY FOOD.INC.,5,2,3,4,1
15787,MILLARD FOOD,10,2,8,6,4
15788,MILLENIUM DOGS,3,1,2,2,1
15789,MILLENIUM PLACE,17,6,11,12,5
15790,MILLENNIAL MART,5,2,3,3,2
15791,MILLENNIUM,10,5,5,2,8
15792,MILLENNIUM DOGS,9,3,6,3,6
15793,MILLENNIUM HALL CASA BONITA,11,3,8,6,5
15794,MILLENNIUM KNICKERBOCKER HOTEL-NIX,23,7,16,15,8
15795,MILLER PIZZA CO.,14,8,6,7,7
15796,MILLER'S PUB & RESTAURANT,28,11,17,13,15
15797,MILLERS PUB,16,9,7,1,15
15798,MILLIE'S HOUSE KEDZIE,6,1,5,1,5
15799,MILLIE'S SUPPER CLUB,9,1,8,6,3
15800,"MILLION FLAVOR, INC",5,2,3,4,1
15801,MILLION'S CRAB,7,4,3,5,2
15802,MILLYS PIZZA IN THE PAN,4,1,3,2,2
15803,MILO'S GYROS AND CHICKEN,6,2,4,4,2
15804,MILO'S PALACE,16,6,10,10,6
15805,MILO'S PITA,9,3,6,6,3
15806,MILO'S PITA PLACE LTD,5,1,4,2,3
15807,MILT'S BBQ,27,8,19,11,16
15808,MILT'S EXTRA INNINGS,2,1,1,1,1
15809,MILTON BRUNSON ELEMENTARY,19,8,11,4,15
15810,MILWAUKEE & CALIFORNIA PRODUCE INC.,2,1,1,1,1
15811,MILWAUKEE AND CALIFORNIA FOODS,7,3,4,3,4
15812,MILWAUKEE DAYCARE,9,3,6,4,5
15813,MILWAUKEE DOLLAR STORE PLUS INC,3,1,2,2,1
15814,MILWAUKEE FRESH MARKET,5,2,3,3,2
15815,MILWAUKEE'S FOOD & LIQUOR,3,2,1,1,2
15816,MILWOOD,3,0,3,2,1
15817,MILWOODS,5,3,2,3,2
15818,MIMA'S TASTE OF CUBA,8,3,5,5,3
15819,MIMI FOOD MART,4,2,2,3,1
15820,MIMI'S,13,6,7,8,5
15821,MIMI'S CHICKENS,4,0,4,3,1
15822,MIMI'S CHURROS,7,1,6,5,2
15823,MIMI'S ON WESTERN,2,0,2,2,0
15824,MIMI'S SUPERMARKET,3,1,2,2,1
15825,MIMI'S TACOS,5,2,3,3,2
15826,MIN MIN CAFE,16,4,12,8,8
15827,MIN'A'S MEXICAN HOME COOKING AND SNACKS,2,2,0,0,2
15828,"MIN'S NOODLE HOUSE, LTD.",8,1,7,4,4
15829,MINDFUL BAKING CAFE,4,1,3,2,2
15830,MINDY'S BAKERY LLC,2,1,1,0,2
15831,MINE MART - FOOD,2,0,2,2,0
15832,MING BRICKYARD SUPER CHINA BUFFET INC.,29,13,16,14,15
15833,MING CHOY,5,3,2,1,4
15834,MING'S CHOP SUEY,12,4,8,5,7
15835,MINGHIN  CUISINE,11,3,8,8,3
15836,MINGHIN CUISINE,62,26,36,30,32
15837,MINGHIN CUISINE KITCHEN,14,5,9,8,6
15838,MINGHIN CUISINE RIVERNORTH,15,5,10,10,5
15839,MINGHIN JAPANESE,4,1,3,3,1
15840,MINGHIN ON GRANT PARK,15,5,10,7,8
15841,MINGHIN STREETERVILLE,7,1,6,1,6
15842,MINGHIN STRETEREVILLE,6,2,4,3,3
15843,MINI  AZTECA,18,9,9,7,11
15844,MINI BAR,8,1,7,7,1
15845,MINI CHI CHI INC.,14,7,7,7,7
15846,MINI DONUT FACTORY,7,1,6,6,1
15847,MINI HUT INC,15,4,11,6,9
15848,MINI MARKET,3,2,1,2,1
15849,MINI MARQUET TORRES,4,2,2,3,1
15850,MINI MART,16,2,14,12,4
15851,"MINI ME BUNCH, INC.",18,7,11,8,10
15852,MINI MERCADO LA BETANIA,16,5,11,2,14
15853,MINI MOTT,6,3,3,2,4
15854,MINI OXXO MARKET,3,1,2,2,1
15855,MINI PALAPITA,9,3,6,4,5
15856,MINI PALAPITA INC.,10,4,6,7,3
15857,MINI SCHOLARS LEARNING,2,0,2,1,1
15858,MINIGROW BY HONEYGROW,4,0,4,3,1
15859,MINNA'S RESTAURANT,13,4,9,11,2
15860,MINNIE FOOD MART,2,0,2,2,0
15861,MIO BENTO,3,1,2,1,2
15862,MIRA SUSHI,4,4,0,1,3
15863,MIRABELL RESTAURANT,14,2,12,11,3
15864,MIRABELLA'S ITALIAN CUISINE + BAR,15,5,10,7,8
15865,MIRAI SUSHI,24,9,15,15,9
15866,MIRANDA'S GROCERY STORE,6,3,3,2,4
15867,MIRCH FAMILY DINING,3,0,3,1,2
15868,MIRCH INCORPORATED,6,1,5,5,1
15869,MIRLAN & SANAT,3,1,2,2,1
15870,"MIRNAS, INC.",2,0,2,2,0
15871,MIS MOLES RESTAURANTE,3,1,2,2,1
15872,MIS PEQUES RESTAURANT,4,2,2,3,1
15873,MIS TACOS,2,1,1,0,2
15874,MIS TACOS MEXICAN FOOD,26,10,16,8,18
15875,MISANO,2,1,1,1,1
15876,MISERICORDIA BAKERY,16,4,12,3,13
15877,MISERICORDIA BAKERY/MISERICORDIA HEARTS AND FLOUR,7,6,1,3,4
15878,MISERICORDIA HOME,16,6,10,6,10
15879,MISERICORDIA LONG TERM CARE,21,7,14,6,15
15880,MISERICORDIA/MCAULEY HOME,13,8,5,4,9
15881,"MISH GRILL, INC.",3,2,1,1,2
15882,MISKA LIQUOR,2,0,2,1,1
15883,MISKA LIQUORS,4,3,1,2,2
15884,MISKA'S,6,3,3,3,3
15885,MISKA'S LIQUOR,5,1,4,3,2
15886,MISKA'S LIQUOR & DELI,7,3,4,4,3
15887,MISKA'S/ EVA'S SPORTS BAR,8,2,6,5,3
15888,MISKI BAKERY,2,1,1,0,2
15889,MISO & NORI,4,1,3,4,0
15890,MISO ASIAN KITCHEN,20,5,15,11,9
15891,MISOYA CHICAGO INC.,11,3,8,6,5
15892,MISS ANN'S,2,2,0,1,1
15893,"MISS ASIA, LLC",17,8,9,10,7
15894,MISS B&J AFRO CUISINE,3,0,3,2,1
15895,MISS LEE GOOD FOOD,16,7,9,10,6
15896,MISS MUFFET RESTAURANT,25,10,15,13,12
15897,MISS SAIGON,11,5,6,6,5
15898,MISS SAIGON EXPRESS,2,0,2,2,0
15899,MISS SAIGON INC.,10,3,7,7,3
15900,MISSION CONTROL,8,1,7,4,4
15901,MISSISSIPPI FISH HOUSE,3,0,3,2,1
15902,MISSISSIPPI RICKS,9,4,5,5,4
15903,MISSISSIPPI SOUL FOOD,6,1,5,4,2
15904,MISTA PIZZA,7,2,5,5,2
15905,"MISTA PIZZA,LLC",10,5,5,5,5
15906,MISTER GERRY'S,2,1,1,0,2
15907,MITCHELL LOUNGE,3,1,2,2,1
15908,MITCHELL'S ENTERPRISES,3,0,3,3,0
15909,MITHAI,5,1,4,4,1
15910,MIX MATCH FRESH GOURMET POPCORN,3,2,1,2,1
15911,"MIX MEX-CUE, INC",2,2,0,1,1
15912,MIXED GREEN,10,2,8,8,2
15913,MIXED GREENS,29,11,18,15,14
15914,MIXTECO,6,1,5,1,5
15915,"MIXTECO #2, LLC",2,0,2,1,1
15916,MIXTECO GRILL,12,4,8,7,5
15917,MIXTECO GRILL #3 LLC,4,1,3,1,3
15918,MIZRAHI ON CLARK,3,1,2,2,1
15919,MIZU,5,1,4,3,2
15920,MJ FOOD MARKET,6,0,6,6,0
15921,MJ FOOD ON COTTAGE AVE,2,1,1,1,1
15922,MJ ONE STOP SHOP,9,3,6,7,2
15923,MJ RESTAURANT,5,4,1,1,4
15924,MJ TOBACCO & FOOD MART INC.,2,0,2,2,0
15925,MJ'S BARBQ,3,2,1,2,1
15926,MJ'S CAFE,3,1,2,2,1
15927,MK,4,1,3,3,1
15928,MK NOODLE,5,2,3,2,3
15929,MK-THE RESTAURANT,11,5,6,6,5
15930,MKR FOOD AND LIQUOR,4,1,3,2,2
15931,"ML 1948 W. NORTH, LLC DBA RED BEARD COFFEE ROASTER",5,1,4,3,2
15932,ML KING MINI MART,6,1,5,3,3
15933,ML KITCHEN INC.,16,5,11,10,6
15934,MM.QUE RICO,7,3,4,2,5
15935,"MMG W. JACKSON IL, INC.",3,1,2,2,1
15936,MO DAILEY'S PUB & GRILLE,20,7,13,14,6
15937,MO' WINGS PASTA  AND GRILL,3,0,3,2,1
15938,MO'S ASIAN BISTRO,11,3,8,5,6
15939,MO'S MORSELS INC.,2,1,1,1,1
15940,MOBIL,65,21,44,41,24
15941,MOBIL CAR WASH,3,2,1,1,2
15942,MOBIL GAS,20,4,16,12,8
15943,MOBIL GAS AND FOOD MART,2,1,1,1,1
15944,MOBIL GAS AND MINI MART,2,0,2,1,1
15945,MOBIL GAS STATION,5,2,3,3,2
15946,MOBIL MART,6,3,3,4,2
15947,MOBIL ONE STOP CAR WASH,5,2,3,3,2
15948,MOBILE,24,9,15,17,7
15949,MOBILE 2 GO INCORPORATED,3,1,2,2,1
15950,MOBILE GAS,8,2,6,6,2
15951,MOBILE GAS STATION,5,3,2,2,3
15952,MOBILE PRIME GAS &FOOD MART,3,1,2,2,1
15953,MOCCOZY,2,1,1,1,1
15954,MOCHINUT,5,3,2,2,3
15955,MOD PIZZA,17,7,10,12,5
15956,MODEL CHEF LLC,4,3,1,3,1
15957,MODERN ASIAN KITCHEN,19,8,11,10,9
15958,MODERN FOOD MART,2,0,2,1,1
15959,MODERN RELISH,6,2,4,3,3
15960,MODERN WING/TERZO PIANO,15,6,9,8,7
15961,MOE,2,1,1,1,1
15962,MOE & ACE GROCERY,3,0,3,2,1
15963,MOE FOOD MART,4,0,4,3,1
15964,MOE'S  SOUTHWEST GRILL,5,1,4,3,2
15965,MOE'S CANTINA,23,9,14,9,14
15966,MOE'S FOOD & DELI INC.,4,2,2,2,2
15967,MOGADISHU RESTAURANT INC.,16,5,11,13,3
15968,MOHAMMED FOODS,3,3,0,1,2
15969,MOHER,5,1,4,2,3
15970,MOHER PUBLIC HOUSE,15,9,6,5,10
15971,MOHSEN FOOD MART INC,4,1,3,3,1
15972,MOJO 33 NORTH LASALLE LLC,5,0,5,4,1
15973,MOJO 330 N WASASH,3,1,2,2,1
15974,MOJO BAR,6,4,2,1,5
15975,MOJO BAR AND GRILL,10,3,7,7,3
15976,MOJO SOUTH WACKER,4,2,2,2,2
15977,MOJO WEST JACKSON,3,1,2,3,0
15978,MOKU SUSHI BAR,6,3,3,2,4
15979,MOLADE' CHILD DEVELOPMENT CENTER,25,11,14,11,14
15980,MOLE VILLAGE RESTAURANT,6,3,3,4,2
15981,MOLLISON ELEMENTARY SCHOOL,21,12,9,5,16
15982,MOLLY'S CUPCAKES,9,0,9,8,1
15983,MOLLY'S CUPCAKES LLC,10,5,5,4,6
15984,MOLLY'S CUPCAKES RIVER EAST,7,1,6,4,3
15985,MOM AND SONS FOOD MART,5,0,5,4,1
15986,MOM'S & DAD'S DELI,13,5,8,1,12
15987,MOM'S BAKE SHOPPE & RESTAURANT,10,7,3,3,7
15988,MOM'S BBQ,6,3,3,1,5
15989,"MOM'S CORNER STORE, INC.",2,1,1,2,0
15990,MOM'S PLACE - A CHICAGO GATHERING SPOT,5,0,5,3,2
15991,MOM'S PLACE-A CHICAGO GATHERING SPOT,11,5,6,7,4
15992,MOM'S SOUTHERN FOOD,2,1,1,1,1
15993,MOMENTUM COFFEE,9,2,7,4,5
15994,MOMIN GROUP INC.,5,0,5,4,1
15995,"MOMMA J'S KITCHEN, L.L.C.",2,1,1,1,1
15996,MOMMY MO'S INC.,3,0,3,2,1
15997,MOMO FACTORY,12,3,9,6,6
15998,MOMOTARO,19,8,11,11,8
15999,MON AMI GABI,17,5,12,11,6
16000,MON LUNG CHOP SUEY,24,11,13,13,11
16001,MON THAI CUISINE,5,1,4,3,2
16002,MONA LISA PIZZA,2,1,1,1,1
16003,MONA'S SWEET SPOT LLC,2,1,1,1,1
16004,MONAMI GAS INC,2,1,1,1,1
16005,MONARCA P.L.A.C.E .7 INC,11,3,8,7,4
16006,MONARCA RESTAURANT,3,1,2,1,2
16007,MONARCH & LION,2,2,0,0,2
16008,MONARCH CATERING COMPANY,2,1,1,1,1
16009,MONASTERO'S  RISTORANTE,9,3,6,4,5
16010,MONASTERO'S RISTORANTE,9,5,4,4,5
16011,MONEIL FOOD & LIQUOR,4,0,4,3,1
16012,MONETS FOOD MART,6,1,5,2,4
16013,MONEY SHOT RESTAURANT,10,3,7,7,3
16014,MONGOLIAN CUISINE,14,5,9,10,4
16015,MONICA'S  PIZZA INC.,6,3,3,1,5
16016,MONICA'S PIZZA,13,8,5,3,10
16017,MONICA'S SWEET POTATOES,5,1,4,3,2
16018,MONK'S PUB,18,8,10,4,14
16019,MONKEY KING JIANBING,3,0,3,3,0
16020,MONNIE BURKE'S RESTAURANT,9,1,8,6,3
16021,MONNIE D'S PIZZA,3,0,3,1,2
16022,MONO'S FOOD,3,0,3,3,0
16023,MONOCHROME BREWING LLC,3,0,3,3,0
16024,MONROE PAVILION HEALTH & TREATMENT CENTER,11,6,5,4,7
16025,MONSIGNOR MURPHY'S,7,4,3,5,2
16026,MONSTER RAMEN,7,3,4,4,3
16027,MONT CLARE LANES,4,1,3,3,1
16028,MONT CLARE LEYDEN VETERANS,3,1,2,2,1
16029,MONTCLARE SENIOR RESIDENCES,14,7,7,5,9
16030,MONTEALBAN,10,2,8,9,1
16031,MONTEALBAN L.L.C.,11,3,8,5,6
16032,MONTERREY BAKERY,8,4,4,4,4
16033,MONTERREY FOOD MART,4,2,2,3,1
16034,"MONTESSORI ACADEMY & ASSOC., INC.",22,4,18,11,11
16035,"MONTESSORI ACADEMY OF CHICAGO I, LLC",41,13,28,13,28
16036,"MONTESSORI ACADEMY OF CHICAGO, 1, LLC",3,2,1,0,3
16037,MONTESSORI ACDY. INFT/TOD. CNT,14,6,8,6,8
16038,MONTESSORI DE LA CITTA,4,1,3,2,2
16039,MONTESSORI FOUNDATIONS OF CHICAGO,6,2,4,1,5
16040,MONTESSORI GIFTED PREP,2,0,2,1,1
16041,MONTESSORI GIFTED PREP LLC.,13,1,12,5,8
16042,MONTESSORI LEARNING CENTER OF EDISON PARK INC.,15,7,8,4,11
16043,MONTESSORI MAGPIE,11,4,7,4,7
16044,MONTESSORI OF ENGLEWOOD,32,14,18,17,15
16045,MONTESSORI SCHOOL OF ENGLEWOOD,5,3,2,2,3
16046,MONTEVERDE,20,10,10,10,10
16047,MONTGOMERY CLUB,11,5,6,4,7
16048,MONTGOMERY PLACE,19,8,11,11,8
16049,MONTI'S,14,8,6,4,10
16050,"MONTICELLO FISH & CHICKEN,INC.",4,1,3,2,2
16051,"MONTICELLO FOOD MART, INC",3,1,2,2,1
16052,MONTIVA CAFE,3,2,1,2,1
16053,MONTROSE  GAS  STATION,2,0,2,1,1
16054,MONTROSE BAPTIST CHURCH,18,5,13,6,12
16055,MONTROSE BEHAVIORAL HEALTH HOSPITAL,2,2,0,0,2
16056,MONTROSE BP,5,2,3,3,2
16057,"MONTROSE CHICAGO CVS, L.L.C. #6785",2,1,1,0,2
16058,MONTROSE CICERO SHELL,3,0,3,3,0
16059,MONTROSE DELI,25,8,17,10,15
16060,MONTROSE DELI & FRUIT MARKET,19,5,14,9,10
16061,MONTROSE DELI INC,9,3,6,5,4
16062,MONTROSE FOOD & LIQUORS,6,2,4,3,3
16063,MONTROSE FRESH MARKET,5,2,3,3,2
16064,MONTROSE LIQUOR MART,2,1,1,1,1
16065,MONTROSE SUPERMARKET & TAQUERIA INC,4,2,2,3,1
16066,MONTSE'S FOOD MARKET,3,0,3,2,1
16067,MONTY GAELS TAVERN & GRILL,7,2,5,5,2
16068,MOO & OINK INC,16,10,6,6,10
16069,MOODY TONGUE  BREWING COMPANY,9,3,6,6,3
16070,MOODY TONGUE BREWING COMPANY/THE BAR AT MOODY TONG,3,0,3,3,0
16071,MOODY'S RESTAURANT INC,28,10,18,16,12
16072,MOOKIE'S FOOD MART CO.,3,0,3,2,1
16073,MOON FLOWER HOUSE,2,1,1,2,0
16074,MOON FOOD MARKET,3,0,3,3,0
16075,MOON LIGHT MARKET,3,1,2,2,1
16076,MOON PALACE,16,6,10,9,7
16077,MOON STAR GROCERY,13,2,11,11,2
16078,MOON STAR GROCERY MART,3,0,3,2,1
16079,"MOON STAR GROCERY, INC.",5,3,2,2,3
16080,MOON'S SANDWICH SHOP,22,9,13,8,14
16081,MOONBOWLS,6,1,5,6,0
16082,MOONFLOWER,4,0,4,3,1
16083,MOONLIGHT VULTURE,7,2,5,3,4
16084,MOONSHINE,8,3,5,4,4
16085,MOONWALKER CAFE,4,2,2,2,2
16086,MOORE & ALLEYNE INCORPORATED,5,1,4,5,0
16087,MOORE HOUSE,11,5,6,6,5
16088,MOORE POPPIN LLC,2,2,0,1,1
16089,MOOTHIE'S CRAFT SORBETTO & COFFEE,2,0,2,2,0
16090,MORA MIA - CAFE & SMOOTHIE BAR,3,1,2,1,2
16091,MORANDS LIQUORS,4,3,1,4,0
16092,MORDECAI BROWN,13,5,8,8,5
16093,MORE & MORE CANDY STORE,7,1,6,5,2
16094,MORE CUPCAKES,11,5,6,2,9
16095,MORE FOR LESS,13,6,7,8,5
16096,"MORELIA SUPERMARKET #2, INC.",23,8,15,11,12
16097,"MORELIA SUPERMARKET, INC.",30,12,18,18,12
16098,MORENA'S KITCHEN,12,5,7,9,3
16099,MORENAS KITCHEN,4,0,4,4,0
16100,MORETTI'S,30,6,24,15,15
16101,MORGAN BP,3,2,1,2,1
16102,MORGAN CROSSING FOOD STORE INC.,2,2,0,1,1
16103,MORGAN ELEMENTARY,5,2,3,1,4
16104,MORGAN FOOD CORP LLC,23,11,12,9,14
16105,MORGAN FOODS,4,2,2,2,2
16106,MORGAN GAS,7,3,4,4,3
16107,MORGAN MANUFACTURING,7,5,2,3,4
16108,MORGAN PARK ACADEMY,26,10,16,13,13
16109,MORGAN PARK FOODS,3,0,3,2,1
16110,MORGAN QUICK MART INC.,3,1,2,2,1
16111,MORGAN REPAIR & FOOD,5,1,4,3,2
16112,MORGAN STREET CAFE,19,5,14,5,14
16113,MORGAN'S BAR AND GRILL,9,2,7,4,5
16114,MORGANS ON FULTON,4,2,2,4,0
16115,MORITAS TACOS INC.,4,0,4,3,1
16116,MORNING GLORY,14,4,10,6,8
16117,MOROLEON FOODS #2 INC.,20,7,13,11,9
16118,MORRILL,21,9,12,8,13
16119,MORRISON AUTHENTIC SOUTHERN COOKING,12,5,7,6,6
16120,MORRISON MANAGEMENT SPECIALISTS,26,10,16,7,19
16121,MORRISON'S RESTAURANT,38,13,25,19,19
16122,MORRISON'S SOUL FOOD,8,0,8,7,1
16123,MORRY'S DELI,24,7,17,11,13
16124,MORSE CONVENIENT STORE,4,0,4,2,2
16125,MORSE FRESH MARKET,25,6,19,11,14
16126,MORSE GREEN ARCH FOOD MART,3,1,2,2,1
16127,MORSE GYROS,27,10,17,10,17
16128,MORSE LIQUOR,2,1,1,1,1
16129,MORSEL,5,1,4,3,2
16130,MORSELAND,8,3,5,5,3
16131,MORTAR AND PESTLE,13,3,10,5,8
16132,MORTON'S OF CHICAGO,17,6,11,9,8
16133,MORTON'S STEAKHOUSE-WACKER PLACE,24,8,16,7,17
16134,MOSES BUTCHER SHOP,13,7,6,7,6
16135,MOSHE' S NEW YORK KOSHER SAUSAG,3,1,2,1,2
16136,MOSIACS BOUTIQUE & TEA,2,1,1,1,1
16137,MOST WORSHIPFUL ST. JOHN'S  GRAND LODGE,16,3,13,11,5
16138,MOTEL BAR,6,3,3,6,0
16139,"MOTEL SLEEPERS, INC.",14,4,10,8,6
16140,MOTHER AND SON SNACK SHOP,13,9,4,3,10
16141,MOTHER BUTTER'S POPCORN AND CONFECTIONARY,4,1,3,1,3
16142,"MOTHER CLUCKERS, LLC",13,7,6,8,5
16143,MOTHER HUBBARDS,20,5,15,13,7
16144,MOTHER MCAULEY HIGH SCHOOL,19,9,10,7,12
16145,MOTHER'S BROTHER GRILL & SUBS,7,4,3,3,4
16146,MOTHER'S FIRST VENTURE LTD,8,2,6,7,1
16147,MOTHER'S FOOD INC,4,1,3,2,2
16148,MOTHER'S KITCHEN,2,1,1,1,1
16149,MOTHER'S LOVE MARKET,2,1,1,1,1
16150,MOTHER'S LOVE MARKET INC.,3,0,3,3,0
16151,MOTHER'S NATURE CHILDCARE INC.,5,1,4,3,2
16152,MOTHER'S RUIN,4,1,3,1,3
16153,MOTHER'S TOO,4,2,2,2,2
16154,MOTHER'S TOUCH DAY CARE,17,3,14,3,14
16155,MOTHER'S TOUCH INC. II,2,1,1,2,0
16156,MOTI CAFE,7,2,5,5,2
16157,MOTI MAHAL RESTAURANT,2,0,2,2,0
16158,MOTO RESTAURANT,6,1,5,3,3
16159,MOTOR ROW BREWING,5,3,2,3,2
16160,MOUNSEF INTERNATIONAL,20,5,15,10,10
16161,MOUNT CARMEL ACADEMY,15,8,7,4,11
16162,MOUNT GREENWOOD ELEMENTARY,17,9,8,3,14
16163,MOUNT SINAI HOSPITAL MEDICAL CENTER,40,17,23,14,26
16164,MOUNTAIN I INC,4,1,3,1,3
16165,MOUNTAIN TOP KIDS,23,10,13,7,16
16166,MOUSEL KUBBA INC,5,3,2,1,4
16167,MOVE ALONG COFFEE LLC,2,0,2,1,1
16168,MOVING EVEREST CHARTER SCHOOL,14,4,10,6,8
16169,MOXEE,11,4,7,5,6
16170,MOXIE,4,1,3,2,2
16171,MOXY,10,3,7,7,3
16172,MOY LEE,5,1,4,4,1
16173,MOY LEE CHINESE RESTAURANT,9,2,7,7,2
16174,MOY LEE RESTAURANT,19,10,9,8,11
16175,MOZART ELEMENTARY SCHOOL,19,6,13,9,10
16176,MOZART FOOD MART,7,1,6,4,3
16177,MOZART GROCERY STORE,2,0,2,1,1
16178,MOZERKA MEATS INC.,2,1,1,1,1
16179,MOZZARELLA STORE,6,2,4,5,1
16180,MP FAMILY COMMUNITY CENTER CORP,5,0,5,4,1
16181,"MP SQUARED SUBS, LLC",10,5,5,4,6
16182,MPI TRADE & CONSULT LLC,2,1,1,1,1
16183,MR  SUBMARINE,6,4,2,4,2
16184,MR & MRS JAMES CHICKEN & FISH INC.,3,0,3,2,1
16185,MR B'S BBQ,7,3,4,3,4
16186,MR B'S INC,20,8,12,6,14
16187,MR BEEF,23,7,16,15,8
16188,MR BEEF ON HARLEM,7,3,4,4,3
16189,"MR BEEF ON HARLEM, LTD",15,10,5,5,10
16190,MR BROWN'S LOUNGE,19,2,17,11,8
16191,MR CAJAKES SANDWICH SHOP,5,1,4,4,1
16192,MR CAKE,11,2,9,6,5
16193,MR CHILAQUIL,4,1,3,3,1
16194,MR CRAB,2,0,2,1,1
16195,MR DUMPLING CHICAGO,4,1,3,2,2
16196,"MR FOOD MART, INC.",2,1,1,1,1
16197,MR G SUPPER CLUB,13,6,7,6,7
16198,MR G'S FOOD & LIQUOR,10,5,5,4,6
16199,MR GING CHOP SUEY RESTAURANT,8,4,4,2,6
16200,MR GREEK GYROS INC,29,9,20,15,14
16201,MR GYROS,9,4,5,5,4
16202,MR HOAGIE,2,1,1,1,1
16203,MR HOT FISH & CHICKEN,12,4,8,6,6
16204,"MR J & J FISH & CHICKEN, INC.",8,4,4,2,6
16205,MR KITE'S CHOCOLATE,5,4,1,1,4
16206,MR MAXWELL INC.,5,2,3,3,2
16207,"MR MUNCHIES, INC.",2,0,2,1,1
16208,MR P'S CONVENIENCE STORE,5,0,5,3,2
16209,MR PAK'S CATERING,11,4,7,7,4
16210,MR PAT'S HOAGY AND STEAK SANDWICH,4,2,2,3,1
16211,MR PHILLY STEAK,6,5,1,2,4
16212,MR POLLO EXPRESS,4,2,2,1,3
16213,MR QUILES ICE CREAM TRUCK #3,12,3,9,7,5
16214,MR QUILES MEXICAN FOOD,3,1,2,0,3
16215,MR QUILES MEXICAN FOOD #2,7,2,5,4,3
16216,MR QUILES MEXICAN FOOD #4,10,4,6,4,6
16217,MR ROYAL FOOD & TOBACCO,3,1,2,2,1
16218,MR SALSA TAQUERIA,22,10,12,9,13
16219,MR SHAWARMA,5,1,4,2,3
16220,MR SUBMARINE,35,16,19,16,19
16221,MR T'S,7,4,3,6,1
16222,MR TACO MEX,3,0,3,2,1
16223,MR TACO'S,2,1,1,1,1
16224,MR V'S CARRYOUT,13,7,6,1,12
16225,MR ZEES #2,2,2,0,0,2
16226,"MR ZEES, INC",19,9,10,5,14
16227,MR. ALLEN COFFEE SHOP,4,1,3,2,2
16228,MR. B'S OLD FASHIONED DONUTS,4,0,4,3,1
16229,MR. BROAST,3,1,2,2,1
16230,MR. CALAMARI SEAFOOD GRILL & CHICKEN,2,1,1,1,1
16231,MR. CAPTAIN HOOK FISH AND CHICKEN AND GRILL,11,1,10,9,2
16232,"MR. CRAB FISH CHICKEN AND GRILL, INC. OF CHICAGO",11,2,9,9,2
16233,MR. CRAB/SR. CANGREJO,3,2,1,2,1
16234,MR. D'S SNACK SHOP,25,7,18,11,14
16235,"MR. DOLPHIN, INC.",4,1,3,3,1
16236,MR. DUMPLING INC.,4,0,4,4,0
16237,MR. DUNE'S GYROS & SUB,3,1,2,3,0
16238,MR. ELOTE,15,6,9,6,9
16239,MR. FALAFEL,10,2,8,6,4
16240,MR. FISH CHICKEN AND GROCERY INC.,2,0,2,1,1
16241,MR. G'S BEEF,8,2,6,5,3
16242,MR. G'S DINER,12,5,7,6,6
16243,MR. GEE'S,6,1,5,4,2
16244,MR. GEES,20,6,14,12,8
16245,MR. GING CHOP SUEY INC.,11,4,7,5,6
16246,MR. GREEK GYROS,11,2,9,5,6
16247,MR. GRILL,3,1,2,2,1
16248,MR. GYROS,9,2,7,4,5
16249,MR. GYROS INC,19,6,13,9,10
16250,MR. HOT ONE INC.,6,2,4,4,2
16251,"MR. HUT FISH , CHICKEN & SUBMARINE INC",2,1,1,1,1
16252,MR. J FISH & CHICKEN,14,6,8,3,11
16253,MR. J'S,26,10,16,11,15
16254,MR. JACK'S FOOD & LIQUOR,3,1,2,3,0
16255,MR. K'S BACKYARD B B Q COMPANY,3,1,2,2,1
16256,MR. KITE'S CHOCOLATE,3,0,3,1,2
16257,MR. MOLCAJETES INC.,3,1,2,2,1
16258,MR. PHILLY,5,2,3,4,1
16259,MR. POLLO,41,17,24,13,28
16260,MR. QUILES,3,1,2,2,1
16261,MR. QUILES MEXICAN FOOD,12,4,8,7,5
16262,MR. QUILES MEXICAN FOOD #5,9,6,3,5,4
16263,MR. SPANKY'S AND FOODISM,3,0,3,1,2
16264,MR. SUBMARINE,61,23,38,34,27
16265,"MR. TACO MEX, INC.",7,0,7,5,2
16266,MR. TACO'S RESTAURANT,17,9,8,6,11
16267,MR. WANG,17,7,10,8,9
16268,MR.NICKY'S GYROS,6,3,3,2,4
16269,MR.QUILES,2,1,1,1,1
16270,MR.SUBMARINE,16,7,9,6,10
16271,MR.TACO,4,2,2,3,1
16272,MRS FIELDS COOKIES,18,7,11,8,10
16273,MRS MURPHYS AND SONS IRISH  BISTRO,20,11,9,8,12
16274,MRS WRIGHTS GOURMET POPCORN,4,1,3,2,2
16275,MRS. ANTHONY'S HOUSE OF BUTTER COOKES INCORPORATED,2,1,1,1,1
16276,MRS. FIELD'S,8,1,7,5,3
16277,MRS. FIELDS COOKIE,2,1,1,1,1
16278,MRS. FIELDS COOKIES,19,11,8,7,12
16279,MRS. GREEN'S OF WEBSTER,12,5,7,8,4
16280,MRS. GU SKEWER HOT POT,10,3,7,4,6
16281,MRS. OLEARY'S PUB & GRILL,7,2,5,4,3
16282,MRS. T'S SOUTHERN FRIED CHICKEN,3,1,2,2,1
16283,MS AIDEE FOOD MART,3,1,2,2,1
16284,MS EGGROLL #2 INC,2,0,2,1,1
16285,MS EGGROLL #2 STAR INC.,6,3,3,3,3
16286,MS KU'S FLOWERS AND DESERTS,2,0,2,1,1
16287,MS. B'S KITCHEN,5,1,4,3,2
16288,MS. B'S KITCHEN & CATERING LLC,13,0,13,11,2
16289,MS. BISCUIT,19,4,15,10,9
16290,MS. D'S CANDY SHOP,5,4,1,1,4
16291,MS. EGGROLL,27,7,20,11,16
16292,MS. T'S,4,2,2,3,1
16293,MS. T'S SOUTHERN FRIED CHICKEN,2,0,2,1,1
16294,MS. TITTLE'S CUPCAKES,10,5,5,1,9
16295,MS. VETTS WAY CORP,5,2,3,2,3
16296,MT ARARAT DAYCARE CENTER,2,0,2,2,0
16297,MT MINI MARKET,2,0,2,1,1
16298,MUAH COTTON CANDY,2,0,2,1,1
16299,MUCHIN COLLEGE PREP,6,3,3,1,5
16300,MUD BUG,4,0,4,2,2
16301,MUDDER'S,12,2,10,8,4
16302,MUGHAL BAKERY,2,0,2,1,1
16303,MUGHAL INDIA INC,17,8,9,9,8
16304,MUGS BUNNY,5,4,1,1,4
16305,MUGS PIZZA & RIBS,22,9,13,14,8
16306,MUHM,3,0,3,3,0
16307,MUI'S FEIDA BAKERY,25,14,11,12,13
16308,MULAN'S KITCHEN,4,0,4,3,1
16309,MULICA'S DELI & LIQUORS INC,2,1,1,1,1
16310,MULLEN'S BAR & GRILL,15,8,7,6,9
16311,MULLENS ON CLARK,11,1,10,7,4
16312,MULLER MEATS,5,3,2,2,3
16313,MULLIGAN'S,10,3,7,6,4
16314,MUNCHERS,3,2,1,2,1
16315,MUNCHIES,23,4,19,17,6
16316,MUNCHIES BURRITO HOUSE,3,1,2,2,1
16317,MUNCHIES CONVENIENCE,3,1,2,2,1
16318,MUNCHIES FOOD,7,1,6,5,2
16319,"MUNCHIES FOOD MART, INC",7,1,6,6,1
16320,"MUNCHIES GYROS, INC.",22,8,14,7,15
16321,MUNCHIES MART,3,0,3,2,1
16322,MUNCHIES MINI SUPERMARKET,4,0,4,4,0
16323,MUNCHIES ON LARRABEE,5,0,5,3,2
16324,MUNCHIES PLUS,2,1,1,1,1
16325,MUNCHIEZ,6,2,4,5,1
16326,MUNCHY'Z,4,0,4,3,1
16327,"MUNCHYZ,INC",4,1,3,3,1
16328,MUNDANO,2,0,2,2,0
16329,MUNDIAL RESTAURANT,7,1,6,4,3
16330,MUNDIAL RESTAURANT & BAR,5,1,4,4,1
16331,MUNDO SALUDABLE,5,3,2,3,2
16332,MUNICIPAL BAR & DINING COMPANY,15,8,7,8,7
16333,MUNNO,10,2,8,6,4
16334,MUNOZ MARIN-LOWELL,15,8,7,6,9
16335,MURA MURA RAMEN LLC,5,1,4,4,1
16336,MURASAKI,26,6,20,16,10
16337,MURDOCK'S MEMORABLE MEALS,3,2,1,2,1
16338,MURPH'S HOT DOG,4,2,2,2,2
16339,MURPHY ROOFTOP COMPANY,12,5,7,1,11
16340,MURPHY'S EVERYTHING ON IT,10,4,6,4,6
16341,MURPHY'S LOUNGE,2,1,1,1,1
16342,MURRAY'S FISH AND CHICKEN,20,8,12,10,10
16343,MURRY'S FISH & CHICKEN,2,1,1,1,1
16344,MUSA SNACK SHOP,3,1,2,2,1
16345,MUSASHI JAPANESE RESTAURANT,19,8,11,10,9
16346,MUSASHIYA RAMEN,5,2,3,2,3
16347,MUSCLE BAR,9,2,7,7,2
16348,MUSCLE MAKER GRILL,5,2,3,3,2
16349,MUSE COFFEE STUDIO,4,1,3,2,2
16350,MUSE SPIRITS,2,0,2,1,1
16351,MUSEUM KITCHEN,4,1,3,3,1
16352,MUSEUM OF ICE CREAM,7,4,3,4,3
16353,MUSEUM OF SCIENCE & INDUSTRY - FINNEGANS ICE CREAM PARLOR,13,5,8,3,10
16354,MUSIC BOX THEATRE,12,4,8,6,6
16355,MUSKIE'S,3,1,2,2,1
16356,MUSKIES,5,2,3,2,3
16357,MUSLIM WOMEN RESOURCE CENTER COMMUNITY DISCOUNT ST,4,1,3,3,1
16358,MUSTAFA,4,1,3,3,1
16359,MUSTARD SEED KITCHEN,4,0,4,2,2
16360,"MUSTARDSEED LEARNING CENTER, INC.",16,5,11,6,10
16361,MVDS SWEETS CO,3,0,3,2,1
16362,MVP FAMILY LEARNING CENTER CO,6,1,5,2,4
16363,MVP FAMILY LEARNING CENTER CO.,2,0,2,1,1
16364,MY  YOGURT,2,1,1,1,1
16365,MY BUDDY'S,12,3,9,7,5
16366,MY CHOCOLATE SOUL,4,1,3,2,2
16367,MY CHOICE FOOD MART,2,0,2,2,0
16368,"MY CORNER PLAYROOM , INC",4,1,3,1,3
16369,"MY CORNER PLAYROOM, INC",2,0,2,1,1
16370,MY FAIR LADY,20,7,13,11,9
16371,MY FIT FOODS,18,14,4,7,11
16372,MY FRIEND'S PLACE,2,1,1,2,0
16373,MY GIRLFRIENDS KITCHEN,7,1,6,5,2
16374,MY HOUSE,2,0,2,2,0
16375,MY LITTLE ROME,6,2,4,3,3
16376,MY LITTLE SPACE CYBER CAFE,6,3,3,4,2
16377,MY LITTLE STAR DAYCARE CENTER,5,1,4,1,4
16378,MY MART,2,0,2,2,0
16379,MY MOTHER'S KITCHEN,7,5,2,3,4
16380,MY NC,3,2,1,2,1
16381,MY PIZZA KITCHEN,3,1,2,3,0
16382,MY PLACE,24,13,11,16,8
16383,MY PLACE FOOD MART,3,1,2,2,1
16384,MY PRECIOUS LITTLE ANGELS,4,0,4,1,3
16385,MY SWEET STATION INC,13,2,11,8,5
16386,MY TASTY SUB,2,1,1,2,0
16387,MY THAI,10,7,3,2,8
16388,MY THAI - TAKUMI RESTAURANT,25,7,18,16,9
16389,MY ZMALL WORLD CHILDCARE CORPORATION,9,6,3,4,5
16390,MYCHA,7,0,7,5,2
16391,"MYRIAD SERVICES, INC",2,1,1,1,1
16392,MYRON MIXON'S SMOKE SHOW BARBECUE,9,2,7,5,4
16393,MYSHOP CONVENIENCE STORE,3,1,2,2,1
16394,MYSORE WOODLANDS,26,8,18,14,12
16395,MYSTIC BLUE CRUISES,13,6,7,4,9
16396,MYSTIC CELT,8,4,4,3,5
16397,MYSTIC ROGUE,6,2,4,4,2
16398,MYTHOS,13,6,7,5,8
16399,MZ FOOD & CELLULAR,4,1,3,2,2
16400,MZ FOOD & MORE,5,3,2,4,1
16401,Mabuhay Grill,6,2,4,4,2
16402,Macondo,5,2,3,2,3
16403,Madison,16,6,10,2,14
16404,Madison Shop & Save Inc.,2,0,2,1,1
16405,Madison Street Cafe,10,4,6,4,6
16406,Magarita's Pizza,9,5,4,4,5
16407,Magic Cellular,9,3,6,4,5
16408,Magic Food Inc,2,1,1,1,1
16409,Maiz,5,1,4,5,0
16410,Makola African Supermarket #2,2,1,1,1,1
16411,Mama Luna on Addison LLC,11,3,8,5,6
16412,Mama Mia Chicago Pizza,8,4,4,3,5
16413,Mama Ruth's Soul Food,3,2,1,2,1
16414,Mamisma,2,0,2,1,1
16415,Maneethai 3,6,2,4,3,3
16416,Mango Food Wine & Spirits,5,1,4,3,2
16417,Mango Liquors,4,2,2,1,3
16418,Manierre,17,9,8,5,12
16419,Manley (H/S),22,7,15,10,12
16420,Marias Brazilian Kitchen LLC,3,0,3,2,1
16421,Mario's Tacos Corporation,7,2,5,4,3
16422,Mariscos El Camaron Pelao Restaurant,12,5,7,7,5
16423,Mariscos El Caribe,4,1,3,3,1
16424,"Mark II, LTD",4,1,3,3,1
16425,Marquette Br.,2,1,1,1,1
16426,"Martin's Mini-Market, Corp",11,5,6,5,6
16427,Mary Lyon Elementary School,19,11,8,4,15
16428,Mary Mcleod Bethune School,8,5,3,3,5
16429,Massa Italian Cafe,5,3,2,1,4
16430,Maude's,17,6,11,9,8
16431,Mayfair Restaurant,14,7,7,4,10
16432,Mc DONALDS,19,9,10,4,15
16433,Mc DONALDS # 25509,9,6,3,2,7
16434,Mc DONALDS # 6771,18,10,8,6,12
16435,McCORMICK MARKET,8,2,6,3,5
16436,McCORMICK PLACE,9,5,4,6,3
16437,McCUTCHEON BRANCH,13,3,10,3,10
16438,McClellan,19,7,12,5,14
16439,McCorkle  Elementary School,2,0,2,1,1
16440,McCutcheon Elementary,17,11,6,5,12
16441,McDONALD'S,119,48,71,46,73
16442,McDONALD'S # 12785,11,5,6,5,6
16443,McDONALD'S # 17274,8,3,5,4,4
16444,McDONALD'S # 17277,8,5,3,5,3
16445,McDONALD'S # 22821,12,4,8,6,6
16446,McDONALD'S #38631,7,2,5,4,3
16447,McDONALD'S RESTAURANT,2,0,2,1,1
16448,McDONALD'S STORE #4061,11,8,3,2,9
16449,McDONALDS,52,19,33,19,33
16450,McDONALDS #  17278,9,3,6,4,5
16451,McDade Classical,20,10,10,6,14
16452,McDonald's,46,15,31,16,30
16453,McDonald's #4308,14,6,8,4,10
16454,McDonald's Restaurant,31,13,18,12,19
16455,McDonalds,59,33,26,17,42
16456,McDonalds #6337,12,4,8,5,7
16457,McDonalds Restaurant,28,17,11,7,21
16458,McDowell,17,6,11,6,11
16459,McGILL'S  BAR  & GRILL,9,2,7,4,5
16460,McKay,19,11,8,4,15
16461,McKay Ecc.,5,3,2,1,4
16462,McKinley Park Elem,2,1,1,1,1
16463,McNair,21,7,14,9,12
16464,McPherson Elementary,20,8,12,8,12
16465,Meera Food Mart,4,2,2,2,2
16466,Meez Meals,2,1,1,1,1
16467,Meiji,2,1,1,1,1
16468,Mekato's Colombian Bakery,17,8,9,11,6
16469,Messiah Development Center,2,2,0,2,0
16470,Metcalfe Community,20,8,12,8,12
16471,Metromart Newsstand,3,2,1,1,2
16472,Metropolis Coffee Company T-5,2,0,2,2,0
16473,Metropolitan Primary Academy,2,1,1,1,1
16474,"Mia Figlia, Inc",17,7,10,6,11
16475,Mia's Cafe,7,3,4,5,2
16476,Michael's On Main Cafe,12,2,10,8,4
16477,Michelle Clark  Ac. Prep. (H/S),21,7,14,6,15
16478,Michigan Candy Store,3,1,2,1,2
16479,Michoacana Supermarket Corporation,3,1,2,0,3
16480,Mike's Neighborhood Grocery,5,2,3,3,2
16481,Milan&Mira LLC,3,0,3,3,0
16482,Milburn  MIDDLE & HS,2,0,2,2,0
16483,Millie's,6,1,5,4,2
16484,Mitchell,21,10,11,6,15
16485,Mobil Gas Station,6,2,4,4,2
16486,Moe's Cantina,13,4,9,6,7
16487,"Moe's Grocery, Inc.",9,3,6,4,5
16488,Mom's Old Recipe Mexican Restaurant,27,15,12,9,18
16489,Momentum Coffee,2,1,1,1,1
16490,Monadnock Tobacco Mart Express,3,1,2,3,0
16491,Monogramme Events & Catering LLC,2,1,1,1,1
16492,Montefiore,10,6,4,2,8
16493,Montrose Behavioral Health Hospital,2,1,1,1,1
16494,Moreno Restaurant Group inc dba Raffaelo's,2,0,2,1,1
16495,Morgan Park(H/S),24,14,10,10,14
16496,Morton Career Academy,18,9,9,3,15
16497,Mott St.,22,2,20,14,8
16498,Mount Vernon,21,10,11,7,14
16499,Mr. Kabab LLC,5,3,2,1,4
16500,Mr. Mediterranean Grill,2,0,2,1,1
16501,Mr. Pollo,4,2,2,2,2
16502,Mt Ararat DayCare Center,7,5,2,2,5
16503,Mt Carmel High School,17,7,10,5,12
16504,Municipal Foods,16,5,11,11,5
16505,Murphy's Bleachers,20,10,10,6,14
16506,Murray,22,10,12,8,14
16507,Muscle Bar,2,0,2,2,0
16508,"My Mart Citgo, Inc",5,2,3,3,2
16509,N,24,8,16,14,10
16510,N & A FOOD  MARKET,16,1,15,12,4
16511,N & A FOOD MART,4,2,2,2,2
16512,N & B DOLLAR STORE PLUS,2,2,0,1,1
16513,"N & M FOOD MART, INC.",4,1,3,2,2
16514,N & S MARKET,3,0,3,2,1
16515,N Q MANAGEMENT,5,2,3,3,2
16516,N W INST CONTEMPORARY LEARNING,2,0,2,0,2
16517,N&K ENTERTAINMENT LLC,4,1,3,2,2
16518,N. O. K. Kitchen Ltd,17,4,13,6,11
16519,N/E FRUITS,3,0,3,2,1
16520,NA SIAM SUSHI THAI,3,1,2,2,1
16521,NAAN ON DEVON AND GRILL FAMILY DINING,5,1,4,3,2
16522,NAANSENSE,2,1,1,0,2
16523,"NAANSENSE CHICAGO,LLC",9,2,7,5,4
16524,NAANSENSE CLINTON LLC,12,3,9,7,5
16525,NAANSENSE FOOD TRUCK,2,1,1,1,1
16526,NABIL FOOD SERVICE,2,0,2,1,1
16527,NABO'S,6,1,5,4,2
16528,NACIONAL 27/TALLBOY TACO,16,9,7,8,8
16529,NADA FOOD MART,4,2,2,4,0
16530,NADA TEA & COFFEE HOUSE,6,2,4,3,3
16531,NADER WHOLESALE GROCERS INC,2,1,1,1,1
16532,"NADIA FISH & CHICKEN, INC",29,15,14,14,15
16533,NADIA'S GOURMET GRAPES,7,2,5,4,3
16534,NAF NAF GRILL,73,25,48,38,35
16535,NAF NAF MIDDLE EASTERN GRILL,8,1,7,6,2
16536,NAHA RESTAURANT,13,5,8,6,7
16537,NAIBOA LATIN STORE,4,1,3,3,1
16538,NAIM FINER FOODS INCORPORATED,6,1,5,4,2
16539,NAJ CORPORATION,3,1,2,2,1
16540,NAKHIL PALACE,2,0,2,2,0
16541,NAKWON KOREAN BAKERY,20,8,12,11,9
16542,NALA CAFE & RESTAURANT,3,1,2,2,1
16543,NALYAH'S  CAFE,2,1,1,1,1
16544,NAM BAC HANG. INC,3,1,2,1,2
16545,NAMASTE,2,0,2,2,0
16546,NAMASTE CHARTER SCHOOL,8,3,5,2,6
16547,"NAMASTE CHICAGO MART, INC.",2,0,2,1,1
16548,NAMI,14,6,8,7,7
16549,NAMI COFFEE SHOP,2,0,2,2,0
16550,NAMIT CAFE AND RESTAURANT,3,1,2,1,2
16551,NAMO RESTAURANT,10,5,5,4,6
16552,NANA,19,10,9,6,13
16553,NANA / AJO,7,1,6,5,2
16554,NANA'S BAKERY,3,1,2,2,1
16555,NANA'S MARGIE'S TACOS,7,1,6,4,3
16556,NANCY'S BAKERY AND CAKES,7,3,4,3,4
16557,NANCY'S HOME OF STUFFED PIZZA,20,7,13,9,11
16558,NANCY'S TAMALES,2,0,2,2,0
16559,NANCYS PIZZA,7,2,5,5,2
16560,NANDO MILANO TRATTORIA,14,4,10,8,6
16561,NANDO'S PERI PERI,48,20,28,18,30
16562,NANDO'S PERI-PERI,67,27,40,25,42
16563,NANDU RESTAURANT LTD,17,11,6,7,10
16564,NANIWA,9,3,6,2,7
16565,NANNAN ASIAN CAFE,4,2,2,1,3
16566,NANO SUSHI,37,16,21,17,20
16567,NAPLES PIZZA,15,6,9,5,10
16568,NAPLES PIZZA 3,7,2,5,5,2
16569,NAPLES PIZZERIA,6,3,3,1,5
16570,NAPPLES PIZZERIA,25,12,13,10,15
16571,NARA,12,4,8,7,5
16572,NARANJA DULCE INC,3,1,2,3,0
16573,"NARY'S GRILL & PIZZA ,INC.",7,2,5,4,3
16574,NARYS GRILL & PIZZA,11,4,7,6,5
16575,"NAS FOOD MARKETET, INC",4,1,3,2,2
16576,NASH ELEMENTARY,18,6,12,4,14
16577,NAT'L GUARD OF LITHUANIA,2,1,1,1,1
16578,NAT'S,4,1,3,3,1
16579,NATALINO'S,6,2,4,3,3
16580,NATE'S FOOD MARKET,2,0,2,1,1
16581,NATHAN DAVIS ELEMENTARY,17,11,6,4,13
16582,NATHAN HALE ELEMENTARY,19,8,11,7,12
16583,NATHAN HALE ELEMENTARY ANNEX,2,1,1,1,1
16584,NATHAN'S  GRILL,4,2,2,1,3
16585,NATHAN'S CHICAGO STYLE,19,8,11,8,11
16586,NATHANIEL DETT ELEMENTARY SCHOOL,6,3,3,1,5
16587,NATHANIEL POPE ELEMENTARY,7,3,4,2,5
16588,NATHANS I-94 RIB AND GRILL,8,2,6,6,2
16589,NATHANS RIBS AND GRILL,3,0,3,1,2
16590,NATIONAL FRUIT STOP,5,2,3,3,2
16591,NATIONAL HELLENIC MUSEUM,6,3,3,3,3
16592,NATIONAL LOUIS UNIVERSITY,5,0,5,2,3
16593,NATIONAL MART INC,2,2,0,1,1
16594,NATIONAL TEACHERS ACADEMY,21,13,8,7,14
16595,NATIVE FOODS CAFE,102,44,58,41,61
16596,NATIVITY B.V.M. ELEM.SCHOOL,4,4,0,1,3
16597,NATURAL BREAK,3,1,2,2,1
16598,NATURAL COUNTRY DELI,3,1,2,2,1
16599,"NATURAL FOOD CATERING, CORP.",9,2,7,5,4
16600,NATURE FOUNTAIN HEALTH,3,0,3,2,1
16601,NATY'S PIZZA,19,10,9,8,11
16602,NATY'S PIZZA #2,14,6,8,5,9
16603,NATYS PIZZA 26,17,10,7,3,14
16604,NAUDI INC.,5,0,5,4,1
16605,NAVAT RESTAURANT,2,0,2,2,0
16606,NAVEEN'S  CUISINE,17,5,12,8,9
16607,NAVEEN'S CUISINE,5,0,5,2,3
16608,NAVIGATOR TAPROOM,3,1,2,1,2
16609,NAVY PIER BEER GARDEN,11,4,7,5,6
16610,NAWAFLEH #1,2,1,1,1,1
16611,NAWAZ GULSHAN,7,0,7,4,3
16612,NAYAB MART,11,6,5,5,6
16613,NAYO'S AFRICAN CUISINES,3,1,2,2,1
16614,NAZARETH BAKERY,13,4,9,7,6
16615,NAZARRETH SWEETS,4,3,1,1,3
16616,NEA AGORA PACKING COMPANY,7,4,3,1,6
16617,"NEA AGORA PACKING COMPANY, INC.",4,3,1,2,2
16618,NEAL F. SIMEON HIGH SCHOOL,17,8,9,2,15
16619,NEAL'S VARIETY SHOP,6,3,3,4,2
16620,NEALEY FOODS INCORPORATED,3,2,1,1,2
16621,NEAR NORTH MONTESSORI SCHOOL,23,11,12,3,20
16622,NEAR THE PIER DEVELOPMENT CNTR,18,6,12,8,10
16623,NEAS LUNCH HOUSE,3,0,3,3,0
16624,NECA'S MINI MART,5,2,3,4,1
16625,NECESSARY & SUFFICIENT COFFEE,7,4,3,4,3
16626,NEET KING DRIVE INC.,3,1,2,2,1
16627,"NEIGHBOR CAPITAL, LLC",2,0,2,1,1
16628,NEIGHBOR MARKET,4,2,2,1,3
16629,"NEIGHBOR MART,INC.",3,1,2,2,1
16630,NEIGHBOR1,8,1,7,6,2
16631,NEIGHBORHOOD DELI-GROC,10,3,7,5,5
16632,NEIGHBORHOOD FOOD & LIQUOR,9,2,7,4,5
16633,NEIGHBORHOOD SUPERMARKET INC,8,1,7,4,4
16634,NEIGHBORHOOD TAP INC.,5,2,3,1,4
16635,NEIL'S FOOD,11,4,7,6,5
16636,NEIMAN MARCUS,7,0,7,3,4
16637,NEIMAN-MARCUS,17,7,10,8,9
16638,NELLA PIZZA PASTA,13,4,9,6,7
16639,NELLCOTE,14,4,10,7,7
16640,NELLIE MAE'S,3,2,1,2,1
16641,NELLIES,21,7,14,9,12
16642,NELLY'S FOOD MART,3,0,3,2,1
16643,NELLY'S FOOD MART CORP.,6,1,5,5,1
16644,NELLY'S SALOON,14,3,11,7,7
16645,NELSON FOOD & LIQUOR,9,3,6,5,4
16646,NELSON FOOD & LIQUOR S INC.,2,0,2,1,1
16647,NELSON'S MINI-MART,9,7,2,3,6
16648,NEMA CHICAGO,6,2,4,4,2
16649,NEMO'S FISH CHICKEN & PIZZA INC,3,1,2,2,1
16650,NEO,3,0,3,2,1
16651,NEPAL HOUSE,23,15,8,8,15
16652,NEPAL HOUSE- NAPALESE CUISINE,10,5,5,5,5
16653,NESH MEDITERRANEAN GRILL,23,11,12,12,11
16654,NETTARE,3,1,2,0,3
16655,NETUP CAFE,4,2,2,3,1
16656,NETWORKS BAR/GRILL,5,3,2,2,3
16657,NEUROLOGIC & ORTHOPEDIC INSTITUTE OF CHICAGO,2,0,2,2,0
16658,"NEVERIA AUROS, INC.",10,3,7,3,7
16659,NEVERIA EL SABOR de MEXICO,7,0,7,6,1
16660,NEVERIA LA FLOR DE MAYO,10,4,6,7,3
16661,NEVERIA LA FLOR DE MAYO 2,9,5,4,5,4
16662,NEVERIA LA FLOR DE MAYO LLC,3,2,1,1,2
16663,NEVERIA LA MARIPOSA,6,4,2,3,3
16664,NEVERIA LA OAXAQUENA,10,5,5,5,5
16665,NEVERIA LA POBLANITA INC.,7,3,4,4,3
16666,NEVERIA LA TROPICANA CORPORATION,18,4,14,9,9
16667,"NEVERIA LLUVIA,LIMITED",7,0,7,4,3
16668,NEVERIA NANDOS INC.,5,1,4,2,3
16669,NEVERIA Y FRUTERIA MI LINDA MICHOACANA,2,0,2,1,1
16670,NEVERIA Y PALETERIA LA MICHOACANA JUGOLANDIA INC.,8,5,3,3,5
16671,NEVERIA Y PALETERIA LA SOL-IS CO.,6,2,4,4,2
16672,NEW  CHINA,2,1,1,1,1
16673,NEW  JEANNY'S RESTAURANT INC,7,3,4,4,3
16674,NEW AGE CHILDCARE AND DEVELOPMENT,4,1,3,2,2
16675,NEW AGE CHILDREN'S PREPARATORY ACADEMY,9,6,3,3,6
16676,"NEW AGE CHILDREN'S PREPARATORY ACADEMY, INC.",19,7,12,11,8
16677,NEW AGE PREP ACADEMY INC.,11,4,7,6,5
16678,"NEW AGUILA # 1 GROCERY, INC.",2,0,2,1,1
16679,NEW AMERICAN MINI FOOD MART,3,1,2,0,3
16680,NEW ARCHVIEW RESTAURANT INC,31,15,16,12,19
16681,NEW ASIA RESTAURANT,21,8,13,12,9
16682,NEW ATTITUDE,7,2,5,4,3
16683,NEW BABA'S FAMOUS STEAK & LEMONADE,3,1,2,2,1
16684,NEW BANH MI & CO.,14,6,8,9,5
16685,"NEW BANPOJUNG, INC.",20,6,14,10,10
16686,NEW BEGINNINGS DAY CARE CENTER INC.,19,10,9,6,13
16687,"NEW BELMONT FOOD MART,INC.",2,0,2,1,1
16688,NEW BETHLEHEM M B CHURCH,2,1,1,0,2
16689,NEW BUFFET CASTLE  INC,28,5,23,15,13
16690,NEW CAJUN GRILL,11,6,5,6,5
16691,"NEW CHICAGO PAK SWEETS, INC",12,3,9,8,4
16692,NEW CHICAGO RESTAURANT,11,5,6,6,5
16693,NEW CHINA,5,3,2,1,4
16694,NEW CHINA 2,8,3,5,4,4
16695,"NEW CHINA 2, INC.",9,3,6,4,5
16696,NEW CHINA BUFFET,47,17,30,29,18
16697,NEW CHINA BUFFET 1,15,7,8,7,8
16698,NEW CHINA BUFFET ENTERPRISES,11,3,8,5,6
16699,NEW CHINA CAFE,3,1,2,2,1
16700,NEW CHINA CHOP SUEY,10,5,5,5,5
16701,NEW CHINA DRAGON,20,11,9,8,12
16702,NEW CHINA EXPRESS,25,10,15,9,16
16703,"NEW CHINA EXPRESS, INC",33,16,17,10,23
16704,NEW CHINA RESTAURANT 2,6,2,4,2,4
16705,NEW CHINA RESTAURANT INC.,18,8,10,10,8
16706,NEW CHINA STATION,14,6,8,8,6
16707,NEW CHINA TEA,19,6,13,7,12
16708,NEW CHINA WOK,21,5,16,9,12
16709,NEW CHINATOWN BAKERY & COFFEE SHOP,12,6,6,4,8
16710,NEW CHINATOWN RESTAURANT,7,2,5,5,2
16711,"NEW CHINESE KITCHEN AT CHICAGO, INC",4,2,2,2,2
16712,NEW CHOP SUEY,8,2,6,3,5
16713,NEW CHOP SUEY RESTAURANT,7,4,3,3,4
16714,NEW CITY DAYCARE INC.,29,16,13,11,18
16715,NEW CITY MART,3,1,2,3,0
16716,NEW CITY SUPPORTIVE LIVING,16,5,11,8,8
16717,NEW CRESPO FINER FOODS,4,1,3,2,2
16718,NEW DALEY'S RESTAURANT,16,7,9,8,8
16719,NEW DIAMOND GRILL,2,2,0,1,1
16720,NEW DOKIL BAKERY,4,0,4,2,2
16721,NEW DOLLAR ITEMS,5,2,3,3,2
16722,NEW DON'S HOT DOG,7,2,5,4,3
16723,NEW EINSTEINS ACADEMY,12,6,6,3,9
16724,NEW EINSTEINS ACADEMY II,11,3,8,2,9
16725,"NEW ENGLAND INN OF ILLINOIS, INC.",16,5,11,7,9
16726,NEW ENGLAND SEAFOOD COMPANY FL,21,8,13,12,9
16727,NEW ENGLAND SEAFOOD COMPANY RESTAURANT,2,1,1,1,1
16728,NEW ERA LIN INC.,2,0,2,2,0
16729,NEW FAMOUS GRILL,10,7,3,3,7
16730,"NEW FANCY FOOD, INC.",2,0,2,1,1
16731,"NEW FIVE STAR FOOD, INC.",2,1,1,1,1
16732,"NEW FOOD MARKET, INC.",8,2,6,3,5
16733,"NEW FOOD MART,INC",3,2,1,1,2
16734,NEW FUE CITY,8,2,6,4,4
16735,"NEW FURAMA RESTAURANT, INC.",21,2,19,13,8
16736,NEW GENERATION CREATIVE LEARNING CENTER INCORPORAT,8,4,4,3,5
16737,NEW GRAND CHINESE KITCHEN,26,13,13,14,12
16738,NEW GRANVILLE FOOD MART,3,0,3,3,0
16739,NEW GREAT WALL BBQ,2,1,1,1,1
16740,NEW GUO HUI,6,1,5,3,3
16741,NEW GWON LEE CHOP SUEY RESTAURANT,4,3,1,1,3
16742,NEW HAP'S GRILL FISH AND CHICKEN,7,0,7,3,4
16743,NEW HAPPY CHEF,6,1,5,5,1
16744,NEW HAPPY CHOP SUEY,3,1,2,1,2
16745,NEW HO HO RESTAURANT,7,1,6,1,6
16746,NEW HONG KONG,3,1,2,2,1
16747,"NEW HONG KONG BUFFET, INC",43,15,28,23,20
16748,NEW HONG KONG CHEF INC.,2,2,0,2,0
16749,NEW HOPE  LUTHERAN SCHOOL,10,4,6,7,3
16750,NEW HOPE HEAD START,14,6,8,4,10
16751,NEW HORIZON CENTER FOR DEVELOPMENT DISABLED CHILDR,12,3,9,5,7
16752,NEW HOT WOK CHINESE KITCHEN,7,2,5,6,1
16753,NEW JB-ONE,26,9,17,13,13
16754,NEW JEFFERY CHICKEN AND SUB,2,1,1,0,2
16755,NEW KABUKI JAPANESE RESTAURANT,4,0,4,2,2
16756,NEW KING FOOD MART,2,1,1,1,1
16757,NEW KITCHEN,2,1,1,1,1
16758,"NEW KNOWLEDGE LEARNING CENTER, INC.",20,12,8,8,12
16759,"NEW L A SUBMARINE, INC.",14,8,6,6,8
16760,NEW LIFE ACADEMY,4,2,2,3,1
16761,NEW LINE,17,7,10,5,12
16762,NEW LINE /WAFEL,6,2,4,2,4
16763,NEW LIONS DEN RESTAURANT,5,1,4,3,2
16764,NEW LITTLE CHINA,17,6,11,3,14
16765,"NEW LOOK DELI GRILL MARKET,INC",11,4,7,6,5
16766,NEW LOVE TERIYAKI,22,7,15,16,6
16767,NEW MIKKEY'S,3,0,3,2,1
16768,NEW MODERN GRILL INC,21,12,9,7,14
16769,NEW MYLE ASIAN-CUISINE,16,7,9,10,6
16770,NEW NAAN ON DEVON & GRILL,29,12,17,13,16
16771,NEW NAM FOO LING,3,2,1,1,2
16772,NEW ORLEANS KITCHEN,24,8,16,14,10
16773,NEW ORLEANS SEAFOOD INC,14,7,7,9,5
16774,NEW PAKIZA RESTAURANT,10,3,7,5,5
16775,NEW PARADISE BAKERY,5,2,3,2,3
16776,NEW PARK MANOR,4,1,3,3,1
16777,NEW PEARL'S PLACE RESTAURANT,19,8,11,6,13
16778,NEW PEKING INC.,4,3,1,2,2
16779,NEW PEKING RESTAURANT,2,1,1,1,1
16780,NEW PINE VALLEY RESTAURANT,28,8,20,17,11
16781,NEW PISGAH DAY CARE,19,7,12,3,16
16782,NEW POP-IN,9,4,5,3,6
16783,NEW PUNJAB SWEET,24,11,13,15,9
16784,NEW REBOZO CHICAGO,7,3,4,5,2
16785,NEW RICE BOX,2,2,0,2,0
16786,NEW S.B.L. INC,4,2,2,3,1
16787,NEW SABRINA SUB,5,2,3,3,2
16788,NEW SAIGON,7,4,3,3,4
16789,NEW SAMS FOOD MART,3,2,1,1,2
16790,"NEW SHARK'S FISH AND CHICKEN, INC.",14,5,9,11,3
16791,NEW SHARKS FISH AND CHICKEN INC.,3,0,3,2,1
16792,NEW STAR GYROS,7,1,6,6,1
16793,NEW STEVE'S PLACE,10,2,8,5,5
16794,NEW STONY SUMBARINE INC.,31,12,19,11,20
16795,NEW STOP FOOD & TOBACCO,12,3,9,8,4
16796,NEW SUNNY SUB & FISH INC.,9,3,6,5,4
16797,NEW SUNRISE GYROS RESTURANT,6,3,3,2,4
16798,NEW TASTE OF CHICAGO INC,19,7,12,10,9
16799,NEW TAZA BAKERY,14,4,10,8,6
16800,NEW TEA GARDEN CHOP SUEY,14,4,10,7,7
16801,NEW TEA GARDEN RESTAURANT,8,2,6,4,4
16802,NEW TOKYO,15,11,4,5,10
16803,NEW TROY TAP,3,1,2,2,1
16804,NEW VIVAN'S GRILL EN CHICAGO,6,1,5,4,2
16805,NEW WARSAW RESTAURANT,15,9,6,3,12
16806,"NEW WAVE COFFEE, LLC",7,2,5,4,3
16807,NEW WAVES INC,17,10,7,6,11
16808,NEW WAYNE'S BARBECUE & CAJUN INC,31,15,16,14,17
16809,"NEW WEST SIDE GYRO INC.,",3,1,2,2,1
16810,NEW WEST SIDE GYROS INC.,2,1,1,1,1
16811,NEW YORK BAKERY,13,5,8,6,7
16812,"NEW YORK DELI, INC.",24,10,14,14,10
16813,NEW YORK DELICATESSEN,6,2,4,3,3
16814,NEW YORK DOLLAR & FOOD,6,1,5,5,1
16815,NEW YORK FOOD MART,6,3,3,4,2
16816,NEW YORK HALAL PIZZA,16,5,11,11,5
16817,NEW YORK MARKET,12,3,9,9,3
16818,NEW YORK PANTRY,3,1,2,2,1
16819,NEW YORK PIZZA STYLE LLC,3,1,2,2,1
16820,NEW YORK WING FACTORY,5,3,2,3,2
16821,"NEW ZAIKA RESTAURANT, INC.",11,2,9,10,1
16822,NEW ZAIQA,12,4,8,7,5
16823,NEW ZION CHILD CARE ACADEMY,4,2,2,1,3
16824,NEWLEAF NATURAL GROCERY INC,6,2,4,2,4
16825,NEWLY WEDS FOODS INC,2,0,2,1,1
16826,"NEWPORT ACADEMY, INC.",10,4,6,4,6
16827,NEWPORT BAR & GRILLE,10,3,7,5,5
16828,NEWS STAND,4,1,3,1,3
16829,NEWYORK DELI,10,2,8,6,4
16830,NEXT DOOR CAFE,9,4,5,5,4
16831,NEXT RESTAURANT,20,10,10,5,15
16832,NEXT/STORE,4,1,3,2,2
16833,NHA TRANG RESTAURANT,10,0,10,9,1
16834,NHA TRANG RESTAURANT CORPORATION,3,1,2,1,2
16835,NHU LAN BAKERY,30,7,23,20,10
16836,NHU LAN SAIGON SUBS,6,1,5,3,3
16837,NHU LAN SANDWICHES,18,8,10,10,8
16838,NIA,17,7,10,6,11
16839,NIA DRINK & DESSERT,2,1,1,0,2
16840,NIA FAMILY CENTER,16,11,5,3,13
16841,NIAGARA,2,0,2,2,0
16842,NIAGRA RESTAURANT & GRILL,6,2,4,5,1
16843,NIBBLES & NOSH/MIDNIGHT MAC & CHEESERIE/XO MARSHMA,5,4,1,5,0
16844,NIBBLES & NOSH/MIDNIGHT MAC & CHEESERIE/XO MARSHME,4,2,2,3,1
16845,"NIC'S ORGANIC FAST FOOD, LLC",2,1,1,2,0
16846,NICE CREAM,3,0,3,2,1
16847,NICHOLAS HIGH QUALITY MEATS INC,17,6,11,8,9
16848,NICHOLAS QUALITY MEATS,9,7,2,2,7
16849,NICK  PANTRY,4,1,3,3,1
16850,"NICK FOODS MINI MART, INC",5,2,3,2,3
16851,NICK JR.'S GRILL,19,8,11,7,12
16852,NICK'S BILLIARD,15,5,10,10,5
16853,NICK'S BILLIARD ACADEMY,4,1,3,2,2
16854,NICK'S DRIVE INN,23,7,16,12,11
16855,NICK'S FIRE GRILL STEAK & LEMONADE INC.,7,2,5,5,2
16856,NICK'S FISHMARKET,11,5,6,5,6
16857,NICK'S GRILL,3,1,2,2,1
16858,NICK'S GYROS,21,9,12,7,14
16859,NICK'S HI - HO CAFE,7,3,4,5,2
16860,NICK'S MEAT CORP.,8,1,7,6,2
16861,NICK'S ON NORTH,21,6,15,9,12
16862,NICK'S PALAPITA,4,1,3,4,0
16863,NICK'S PIT STOP,7,2,5,4,3
16864,NICK'S PIZZA & PUB,5,2,3,2,3
16865,NICK'S WINE & SPIRITS INC,4,0,4,2,2
16866,NICKEL FOOD,4,1,3,3,1
16867,NICKEL LIQUOR & MINI MART INC,5,1,4,3,2
16868,NICKO'S TACOS,5,1,4,3,2
16869,NICKS FOOD MART,7,2,5,6,1
16870,NICKS FRUIT MARKET,3,1,2,2,1
16871,NICKS GYRO'S II,21,9,12,9,12
16872,NICKS LIQUORS,2,0,2,1,1
16873,NICKS PIT STOP,11,6,5,4,7
16874,NICKS PIT STOP #2,15,9,6,4,11
16875,NICKY V'S,5,3,2,2,3
16876,NICKY'S,19,10,9,5,14
16877,NICKY'S CARRY OUT,8,3,5,2,6
16878,NICKY'S CARRYOUT,10,8,2,0,10
16879,NICKY'S CHINESE FOOD,47,17,30,21,26
16880,NICKY'S DRIVE - THRU,7,3,4,1,6
16881,NICKY'S GRILL & YOGURT OASIS,28,10,18,12,16
16882,NICKY'S GYROS,11,4,7,5,6
16883,NICKY'S HOT DOGS,29,9,20,13,16
16884,NICKY'S IN-N-OUT,18,7,11,7,11
16885,"NICKY'S ON ARCHER, INC.",9,4,5,0,9
16886,NICKY'S RESTAURANT,17,9,8,5,12
16887,NICKY'S UP-N-DOWN,5,0,5,3,2
16888,NICKY'Z GYROS,10,4,6,3,7
16889,NICKYS HOT DOGS,4,3,1,2,2
16890,NICO,18,7,11,8,10
16891,NICO MEXI FOOD INC.,2,1,1,1,1
16892,NICO'S BABY ACADEMY,18,4,14,10,8
16893,NICO'S PLAYHOUSE,21,10,11,8,13
16894,NICOLE JORDAN CATERING,3,0,3,2,1
16895,NIEMCZYK P & P INC.,4,2,2,1,3
16896,NIEMCZYK P&P INC.,4,1,3,2,2
16897,NIGERIAN KITCHEN,8,4,4,4,4
16898,NIGERIAN KITCHEN INCORPORATED,14,8,6,10,4
16899,NIGHT FISHES INC,3,2,1,2,1
16900,NIGHT MARKET RESTAURANT,4,0,4,4,0
16901,NIGHTINGALE ELEMENTARY,22,14,8,7,15
16902,NIGHTMARE ON 47TH ST,3,1,2,2,1
16903,NIGHTWOOD,12,4,8,7,5
16904,NIHARI  XPRESS,3,1,2,2,1
16905,NIKKI & PETE'S FABULOUS DELI,3,0,3,2,1
16906,NIKO'S GYROS,22,8,14,11,11
16907,NIKOS GRILL,8,2,6,7,1
16908,NIKOS' GYROS,4,2,2,1,3
16909,NINA'S PLACE,3,1,2,2,1
16910,NINE,6,1,5,5,1
16911,NINE CLASSIC THAI CUISINE,16,7,9,5,11
16912,NINE NINE'S ASIAN BISTRO,9,1,8,6,3
16913,NINE ONE ONE BBQ SHACK LLC,6,3,3,4,2
16914,NINEFACE THAI & SUSHI BAR,2,0,2,2,0
16915,NINEVEH GROCERY,2,0,2,1,1
16916,NINEVEH MART & MEAT,15,7,8,5,10
16917,NINI'S GROCERIES,17,8,9,10,7
16918,NINJA,11,4,7,6,5
16919,NINJA SUSHI,8,4,4,5,3
16920,NINO PANINO'S INC,2,1,1,1,1
16921,NINO'S,3,0,3,3,0
16922,NINO'S PIZZA,2,1,1,2,0
16923,NINVEH CAFE,4,1,3,3,1
16924,NIPSEY'S,7,2,5,5,2
16925,NIRACA SWEETS AND BAKERY,6,2,4,3,3
16926,NIRALA SWEETS & SNACKS,8,2,6,6,2
16927,NIRAV EXPRESS,2,0,2,1,1
16928,NIROS GYRO'S FISH AND CHICKEN,2,0,2,1,1
16929,NISOS,4,0,4,3,1
16930,NITA'S GUMBO,6,1,5,4,2
16931,"NITA'S GUMBO, INC.",3,2,1,1,2
16932,NITE CAP,11,4,7,8,3
16933,NITECAP COFFEE BAR LLC,6,2,4,2,4
16934,NIU,31,11,20,17,14
16935,NIU B,18,7,11,11,7
16936,NIVIA RED HOT CHICAGO,9,3,6,4,5
16937,NIXON ELEMENTARY ANNEX,2,0,2,1,1
16938,NLU CAFETERIA,3,1,2,3,0
16939,NLU CULINARY SCHOOL KITCHEN CLASSROOMS,3,2,1,3,0
16940,"NN FOODS, INC",3,1,2,1,2
16941,NO AUSTIN LUTHERAN HEADSTART,2,1,1,0,2
16942,NO BONES BEACH CLUB,6,0,6,4,2
16943,NO EXIT CAFE,2,0,2,2,0
16944,NO EXIT THEATER,10,5,5,6,4
16945,NO PLACE LIKE SNARF'S LLC,5,1,4,4,1
16946,NO SAUCE AZ SMOKE HOUSE,3,1,2,2,1
16947,NO. 1 BBQ,8,4,4,4,4
16948,NO. 1 CHINA EXPRESS,20,8,12,7,13
16949,NO. 1 TASTE OF ASIA,4,1,3,3,1
16950,NO.7,6,2,4,5,1
16951,NO/WEST INST. FOR CONTEMPORARY LEARNING,16,5,11,7,9
16952,NOAH ARK FOOD,11,2,9,7,4
16953,"NOAH FOOD GROUP, INC",11,4,7,8,3
16954,NOAH'S ARK CHRISTIAN DAYCARE,6,2,4,6,0
16955,NOAH'S ARK CHRISTIAN DAYCARE INC,13,4,9,8,5
16956,NOBLE DAY CARE,13,6,7,1,12
16957,NOBLE MINI MART,3,0,3,2,1
16958,NOBLE ST CHTR-CRIMSON(CORLISS HS),13,7,6,7,6
16959,NOBLE STREET COLLEGE PREP,4,1,3,2,2
16960,"NOBLE STREET PANTRY, INC.",3,2,1,2,1
16961,NOBLE THAI,12,0,12,8,4
16962,NOBLE TREE,3,1,2,2,1
16963,NOBODY'S DARLING,2,0,2,1,1
16964,NOBU,18,6,12,16,2
16965,NOHADRA GROCERY,5,3,2,3,2
16966,NOHEA CAFE,21,5,16,8,13
16967,NOLA CAFE & BAR,18,12,6,7,11
16968,NOMAD-CHICAGO,4,0,4,2,2
16969,"NONNA SOLURI'S ITALIAN DELI, INC.",9,3,6,4,5
16970,NONNINA,18,7,11,8,10
16971,NONNO PINO,25,5,20,14,11
16972,NOODLE CREATIONS,4,0,4,2,2
16973,NOODLE ZONE INC,12,6,6,6,6
16974,NOODLES & COMPANY,104,47,57,37,67
16975,NOODLES & COMPANY #673,22,5,17,10,12
16976,NOODLES AND COMPANY,19,5,14,8,11
16977,NOODLES ETC,18,10,8,5,13
16978,NOODLES IN THE POT,4,1,3,2,2
16979,"NOODLES IN THE POT, INC",19,7,12,9,10
16980,NOODLES PARTY,27,8,19,12,15
16981,NOODLES PHO U,3,2,1,1,2
16982,NOOKIES CAFE & RESTAURANT,22,11,11,9,13
16983,NOOKIES ON WELLS INC,20,6,14,9,11
16984,NOOKIES TOO INC.,18,4,14,7,11
16985,NOOKIES TREE LTD,19,8,11,8,11
16986,NOON HOUR GRILL,16,7,9,7,9
16987,NOON O KABAB,15,6,9,6,9
16988,NOONKABAB,10,3,7,3,7
16989,NOONOKABAB,15,2,13,9,6
16990,NOOR FOOD,10,2,8,5,5
16991,NOOR FOOD MARKET,17,3,14,14,3
16992,"NOOR FOOD MARKET, INC.",7,1,6,5,2
16993,NOOR MEAT,3,0,3,3,0
16994,NOORA CAFE,5,3,2,2,3
16995,NOPALITOS CARRILLO GROCERY,2,1,1,1,1
16996,"NORA FOOD MART INC.,",2,0,2,1,1
16997,NORDSTROM ESPRESSO BAR,15,6,9,6,9
16998,NORI & WASABI,8,4,4,4,4
16999,NORI CHICAGO,13,9,4,5,8
17000,NORI SUSHI & NOODLE SHOP,25,10,15,11,14
17001,NORI SUSHI CHICAGO,8,4,4,3,5
17002,NORMA'S MINI STORE,2,1,1,1,1
17003,NORMA'S PLACE,3,1,2,2,1
17004,NORMAN'S,40,13,27,25,15
17005,NORMAN'S AT RAINBOW BEACH,5,2,3,3,2
17006,NORTH & ELSTON AMOCO,5,2,3,3,2
17007,NORTH & PULASKI FOOD MART PLUS INC.,4,2,2,3,1
17008,NORTH & PULASKI FRESH MARKET,24,7,17,12,12
17009,NORTH AND LARAMIE AMOCO,2,0,2,2,0
17010,NORTH AVE DISCOUNT STORE,3,0,3,2,1
17011,NORTH AVE FALAFEL,10,5,5,6,4
17012,NORTH AVE FOOD MART INC,4,3,1,3,1
17013,NORTH AVE QUICK STOP,2,1,1,1,1
17014,"NORTH AVE RETAILS, LLC",9,1,8,6,3
17015,NORTH AVE TOBACCO & GROCERY,2,0,2,1,1
17016,NORTH AVENUE BEACH HOUSE,11,3,8,4,7
17017,NORTH AVENUE DAY NURSERY,8,2,6,3,5
17018,NORTH BUENA DELI & WINE,4,2,2,2,2
17019,NORTH BUENA MARKET,16,8,8,7,9
17020,NORTH BURGERS AND HOTDOGS,2,2,0,0,2
17021,NORTH C  INC.,3,0,3,2,1
17022,NORTH CHICAGO SUBS LLC,3,0,3,1,2
17023,NORTH ELSTON KINDERCARE,6,2,4,2,4
17024,NORTH ELSTON WINE & SPIRITS LLC,2,1,1,2,0
17025,NORTH GARDEN,13,6,7,5,8
17026,NORTH KENWOOD DAY CARE CENTER,7,2,5,2,5
17027,NORTH KENWOOD DAY CARE CENTER LLC,9,5,4,3,6
17028,NORTH LAWNDALE MEAT & FRESH PRODUCT MARKET,3,1,2,1,2
17029,NORTH LAWNDALE SCHOOL COLLEGE PREP,18,9,9,8,10
17030,NORTH LAWNDALE YMCA,18,11,7,3,15
17031,NORTH LOOP MARKET,14,3,11,7,7
17032,NORTH PARK CAFETERIA INC,2,0,2,1,1
17033,NORTH PARK CHURCH PRESCHOOL,14,7,7,4,10
17034,"NORTH PARK MINI MART, INC.",5,2,3,3,2
17035,NORTH PARK PIZZA,6,0,6,5,1
17036,NORTH POND CAFE,15,6,9,8,7
17037,NORTH RIVER ELEMENTARY,23,8,15,7,16
17038,NORTH SHORE BAKERY,16,6,10,8,8
17039,NORTH SHORE BANQUET,27,9,18,14,13
17040,NORTH SHORE FOOD & LIQUOR,7,3,4,4,3
17041,NORTH SIDE BANQUETS,5,0,5,3,2
17042,NORTH SIDE CATHOLIC ACADEMY,8,5,3,1,7
17043,NORTH SIDE COMMUNITY FOOD MART,2,0,2,1,1
17044,"NORTH STAR CHILD DEVELOPMENT, INC",19,9,10,8,11
17045,NORTH STAR LEARNING CENTER,5,0,5,4,1
17046,"NORTH STAR RESTAURANT, INC.",20,6,14,10,10
17047,NORTH TOBACCO & CONVENIENCE,2,0,2,1,1
17048,NORTH WEST REGIONAL CENTER,21,5,16,9,12
17049,NORTHCENTER LIGHTHOUSE,10,4,6,2,8
17050,NORTHDOWN CAFE & TAPROOM,16,6,10,11,5
17051,NORTHEAST CENTER (LEVY),17,5,12,6,11
17052,NORTHERN BBQ,3,2,1,1,2
17053,NORTHERN CITY INC.,15,3,12,7,8
17054,NORTHERN FORK,6,1,5,3,3
17055,NORTHERN TASTE,10,4,6,5,5
17056,NORTHERN TRUST BANK II,6,1,5,2,4
17057,NORTHERN TRUST CHILD CARE CENTER,4,2,2,1,3
17058,"NORTHPARK GRILL, INC.",4,3,1,2,2
17059,NORTHSHORE INDUSTRIAL VENDING,7,5,2,3,4
17060,"NORTHSHORE INDUSTRIAL VENDING, INC.",4,1,3,3,1
17061,NORTHSIDE BAR AND GRILL,10,4,6,7,3
17062,NORTHSIDE CAFE INC,13,6,7,6,7
17063,NORTHSIDE COLLEGE PREP.,23,6,17,8,15
17064,NORTHSIDE GRILL,17,6,11,6,11
17065,NORTHSIDE KITCHEN,3,1,2,2,1
17066,NORTHSTAR COFFEE,71,23,48,39,32
17067,NORTHWEST BP GAS,3,2,1,1,2
17068,NORTHWEST ECC,3,2,1,1,2
17069,NORTHWEST FOOD & LIQUOR,2,1,1,1,1
17070,"NORTHWEST FRESH MARKET, LLC",8,2,6,7,1
17071,NORTHWEST HWY BP,3,1,2,2,1
17072,"NORTHWEST INSTITUTE FOR CONTEMPORARY LEARNING,INC",15,7,8,10,5
17073,NORTHWEST SIDE CDC,3,1,2,2,1
17074,NORTHWESTERN MEMORIAL HOSPITAL,10,3,7,2,8
17075,NORTHWESTERN MEMORIAL HOSPITAL (CAFETERIA-2ND),12,6,6,6,6
17076,NORTHWESTERN UNIVERISTY COFFEE SHOP,2,0,2,1,1
17077,NORTHWESTERN UNIVERSITY SETTLEMENT ASSOCIATION,16,7,9,3,13
17078,NORWEGIAN-AMERICIAN HOSPITAL,34,18,16,7,27
17079,NORWOOD CROSSING,4,1,3,1,3
17080,NORWOOD PARK WINE & SPIRITS,7,0,7,5,2
17081,NORWOOD RESTAURANT,15,6,9,6,9
17082,NOSTALGIA,6,1,5,4,2
17083,NOT FAR FROM A DOLLAR,3,1,2,3,0
17084,NOT JUST COOKIES BAKERY,2,1,1,1,1
17085,NOTHIN LESS,6,2,4,2,4
17086,NOTHING BUNDT CAKES,10,5,5,6,4
17087,NOTRE DAME AMONG US,2,0,2,2,0
17088,NOTRE DAME HIGH SCHOOL,9,4,5,2,7
17089,NOTTOLI ITALIAN FOODS,15,8,7,3,12
17090,NOURA FOOD INC.,2,0,2,2,0
17091,NOUVEAU BISTRO,6,1,5,4,2
17092,NOUVEAU TAVERN,5,0,5,4,1
17093,NOVA PIZZA,21,11,10,5,16
17094,NOVEAU BISTRO,7,1,6,5,2
17095,NOVEDADES LATINAS,2,1,1,2,0
17096,NOW LUCK LLC,2,1,1,2,0
17097,NOW WE'RE POPPIN,3,2,1,1,2
17098,NOWAK'S FARMERS MARKET,7,2,5,2,5
17099,NP LOBBY SHOP,3,0,3,1,2
17100,NRGIZE,2,0,2,2,0
17101,NU MECCA,4,1,3,2,2
17102,NU VINNI'S,11,2,9,6,5
17103,NU WAY CONVENIENT STORE,4,2,2,1,3
17104,NU-ABBOTT HALL,15,7,8,5,10
17105,NUDE DUDE FOOD,3,1,2,2,1
17106,NUESTRA COCINA,2,0,2,1,1
17107,NUESTRO MEXICO LINDO,3,0,3,1,2
17108,NUESTRO MEXICO LINDO RESTAURANT INC.,6,3,3,4,2
17109,NUEVA BIRRIERIA OCOTLAN,9,4,5,4,5
17110,NUEVA ITALY,27,8,19,15,12
17111,NUEVO BILLY'S  GYROS LLC,5,2,3,4,1
17112,NUEVO CHAPALA RESTAURANT,4,3,1,1,3
17113,NUEVO LEON BAKERY,15,6,9,7,8
17114,NUEVO LEON RESTAURANT,54,24,30,27,27
17115,NUEVO TACO LOCO INCORPORATED,3,2,1,1,2
17116,NUK'S DINER,5,2,3,2,3
17117,NUKI SUSHI RESTAURANT,5,0,5,3,2
17118,NUM NUM'S,2,1,1,1,1
17119,NUMBER 1 CHOP SUEY,48,23,25,22,26
17120,NUMBER I CHOP SUEY,4,2,2,2,2
17121,NUMERO UNO SUPER MERCADO,2,0,2,1,1
17122,"NUNEZ FONSECA, LLC",11,4,7,5,6
17123,"NURTURE LIFE, INC.",4,2,2,1,3
17124,NURTURING NICHE,5,1,4,2,3
17125,NUTRI-BE-FITNESS,2,2,0,1,1
17126,NUTRI-SALUDABLE,6,1,5,4,2
17127,NUTRICION FAMILIAR,9,3,6,6,3
17128,NUTRICION FAMILIAR #2 INC.,3,0,3,2,1
17129,NUTRICION FAMILIAR DICHO,5,0,5,5,0
17130,NUTRICION TOTAL,3,1,2,2,1
17131,NUTRICLUB,2,0,2,1,1
17132,NUTRIMAX,4,0,4,3,1
17133,NUTRIMAX FITNESS,3,0,3,2,1
17134,NUTRITION 4 ALL,2,0,2,1,1
17135,NUTRITION AND CLUB HERBAVIVI,5,0,5,4,1
17136,NUTRITION HOUSE,6,3,3,5,1
17137,NUTRITION STORE,8,1,7,5,3
17138,NUTRITIONAL CENTER,2,0,2,1,1
17139,NUTS N MORE,6,3,3,2,4
17140,NUTS ON CLARK,38,19,19,11,27
17141,NUTS ON CLARK INC,9,1,8,4,5
17142,NUTS ON CLARK MIDWAY,7,2,5,3,4
17143,NUTS ON CLARK POPCORN,13,4,9,5,8
17144,"NUTS ON CLARK T5 O'HARE INTERNATIONAL AIRPORT, INC",5,0,5,3,2
17145,NUTS ON CLARK-UNION,9,2,7,4,5
17146,NUTS TO GO,4,3,1,1,3
17147,NUVEEN MARKET PLACE,10,4,6,6,4
17148,NV NIGHTCLUB,2,0,2,1,1
17149,NY FISH AND CHICKEN,10,4,6,7,3
17150,NY KIDS CLUB,3,0,3,1,2
17151,NYALAH & CAM'S DEVELOPMENTAL PLAYGROUND,3,1,2,2,1
17152,NYC BAGEL DELI - DEARBORN,20,8,12,5,15
17153,NYC BAGEL DELI - WACKER,13,6,7,5,8
17154,NYC FOOD & CELLULAR,5,1,4,3,2
17155,NYC HALAL EATS ILLINOIS  LLC,4,1,3,4,0
17156,NYFC SEAFOOD & GRILL,7,2,5,5,2
17157,Nancy B. Jefferson Alternative School,2,1,1,0,2
17158,Natalie's Drive In,12,6,6,4,8
17159,Natural Food Catering,3,0,3,3,0
17160,Navas Pizza Mexican Food,2,2,0,1,1
17161,Near North Special Ed,6,3,3,1,5
17162,Neil,21,12,9,6,15
17163,Nepal House,4,1,3,2,2
17164,Nepalese & Indian Cuisine,9,6,3,4,5
17165,Nettelhorst Elementary,18,8,10,2,16
17166,New A-1 Dollar Plus,2,0,2,1,1
17167,New Delta Restaurant,17,12,5,5,12
17168,New Field Elementary School,27,11,16,8,19
17169,"New Grand Chinese Kitchen, Inc.",20,6,14,8,12
17170,New Polonia Club Inc.,12,4,8,5,7
17171,New Super Sub And Gyros,5,2,3,1,4
17172,Newa,2,0,2,2,0
17173,Newton Bateman Elementary School,18,6,12,6,12
17174,Nicholson,18,8,10,4,14
17175,Nick's Pit Stop #2,4,0,4,3,1
17176,Nicola's Pizzeria,2,0,2,1,1
17177,Nighthawk,7,3,4,3,4
17178,Nino's Heroes Elementary,22,13,9,8,14
17179,Nixon,24,15,9,11,13
17180,Nixon Annex,16,4,12,5,11
17181,NoMi,19,6,13,10,9
17182,Noodle Rice and Roll Inc,3,1,2,1,2
17183,Nori Chicago,20,7,13,8,12
17184,North Branch Gourmet,5,0,5,3,2
17185,North Center For Handicapped,14,7,7,2,12
17186,North-Grand H.S.,18,9,9,7,11
17187,"Northern Trust Bank, Executive Dining",12,4,8,2,10
17188,Northside Catholic Academy,25,9,16,8,17
17189,Northside Learning Center,21,7,14,11,10
17190,Northwest Cafe,2,1,1,1,1
17191,Northwest Middle/Belmont-Cragin,17,5,12,4,13
17192,Norwood Crossing,14,5,9,5,9
17193,Norwood Park Elementary School,15,11,4,2,13
17194,Norwood Park SSC Food Service,15,9,6,1,14
17195,Nutrition's Guaman,2,0,2,1,1
17196,O & E FOREVER INC.,8,3,5,4,4
17197,"O & M FOOD & MEAT MART, INC",2,2,0,1,1
17198,O & O FOOD MART,7,1,6,3,4
17199,O & T 'S Place Groceries & Deli,2,0,2,2,0
17200,O'BRIENS,8,4,4,1,7
17201,O'BRIENS RESTAURANT,2,2,0,1,1
17202,O'BRIENS RESTAURANT & BAR,46,27,19,15,31
17203,O'CALLAGHAN'S,16,2,14,7,9
17204,O'CONNOR'S MARKET,8,3,5,1,7
17205,O'DONNELLS,7,2,5,2,5
17206,O'DONOVAN'S,26,13,13,15,11
17207,O'HARE BAR,27,18,9,6,21
17208,O'HARE GASLIGHT CLUB,26,9,17,8,18
17209,O'Hare Hilton Hotel,3,0,3,3,0
17210,O'Keeffe,16,8,8,5,11
17211,O'LEARY'S PUBLIC HOUSE,18,7,11,8,10
17212,O'MALLEY'S,5,2,3,1,4
17213,O'MALLEY'S PUB,3,0,3,2,1
17214,O'MALLEY'S WEST,8,3,5,3,5
17215,O'NEIL'S ON WELLS,3,1,2,2,1
17216,O'S DONUTS & CAFE INC,5,2,3,4,1
17217,O'SHAUGHNESSY'S PUBLIC HOUSE,18,7,11,8,10
17218,O'TOOLE ELEMENTARY,23,10,13,10,13
17219,O'VIE BAR AND GRILL,19,11,8,10,9
17220,O'cha Thai Cuisine,13,4,9,8,5
17221,O-MANNY  MEXICAN RESTAURANT,13,4,9,10,3
17222,O.G'S FOOD & LIQUOR,3,0,3,2,1
17223,O.MI,3,0,3,2,1
17224,OAATO FOODS INC.,18,4,14,10,8
17225,OAK  MILL  BAKERY,6,3,3,2,4
17226,OAK + CHAR,7,1,6,5,2
17227,OAK MILL BAKERY,9,1,8,6,3
17228,OAK STREET BEACH CAFE,17,11,6,1,16
17229,OAK TREE RESTAURANT & BAKERY,19,7,12,8,11
17230,OAKDALE CHRISTIAN ACADEMY & CHURCH,19,10,9,6,13
17231,OAKDALE CHRISTIAN ACADEMY CHURCH,18,9,9,5,13
17232,OAKLEY EXPRESS,4,1,3,3,1
17233,OAKLEY MINIMART,2,1,1,1,1
17234,OAKTREE ACADEMY,5,2,3,4,1
17235,OAKWOOD '83,21,9,12,9,12
17236,OASIS CAFE,13,6,7,3,10
17237,OASIS CAFE #2,4,3,1,2,2
17238,OASIS FRESH,3,1,2,2,1
17239,OASIS FRESH FOOD INC.,11,3,8,9,2
17240,OASIS MARKET INC,3,0,3,2,1
17241,OASIS MINI MART,3,0,3,2,1
17242,OAZA,3,1,2,3,0
17243,OAZAS,11,4,7,8,3
17244,OBAMA FOOD MART,3,0,3,2,1
17245,OBAN POPEYE'S 111 INC,12,7,5,3,9
17246,OBAN-POPEYE'S II INC,6,2,4,2,4
17247,OBBIES PIZZA INC,21,8,13,10,11
17248,OBELIX RESTAURANT,3,1,2,1,2
17249,OBEROI'S INDIAN FOOD AND DELHI NIHARI,6,1,5,5,1
17250,OBEROIS INDIAN FOOD & GROCERY INC.,9,3,6,5,4
17251,"OBERWEIS DAIRY, INC",8,2,6,4,4
17252,"OBERWEIS DAIRY, INC.",7,4,3,3,4
17253,OCASO,5,1,4,4,1
17254,OCCASIONS CHICAGO,11,3,8,5,6
17255,OCEAN BUFFET,2,0,2,2,0
17256,OCEAN CUT CHICAGO,5,1,4,3,2
17257,OCEAN FISH & FAMAOUS WINGS INC.,2,1,1,1,1
17258,OCEAN GRILL & BAR,3,0,3,1,2
17259,OCEAN PRIME,9,1,8,3,6
17260,OCEAN SUSHI,4,1,3,4,0
17261,OCHO RIOS JERK HUT,2,0,2,2,0
17262,OCHOA'S,21,11,10,8,13
17263,OCOTLAN,2,1,1,1,1
17264,OCTAVIO CANTINA & KITCHEN,7,3,4,5,2
17265,OCTAVIO PAZ CHARTER SCHOOL,18,15,3,7,11
17266,OCTOBER CAFE,2,0,2,1,1
17267,OCTOPUS FISH & CHICKEN INC.,5,3,2,2,3
17268,ODA MEDITERRANEAN CUISINE,12,1,11,6,6
17269,ODEH FOOD GROCERY CORP.,3,0,3,2,1
17270,ODGE'S RESTAURANT,11,7,4,5,6
17271,ODGES,8,4,4,3,5
17272,ODY'S,9,4,5,3,6
17273,ODY'S DRIVE INN,2,1,1,1,1
17274,ODYSSEY  CHICAGO RIVER,4,2,2,1,3
17275,ODYSSEY CRUISES,20,7,13,7,13
17276,OFELIO TORRES,21,7,14,9,12
17277,OFF COLOR BREWING,9,3,6,5,4
17278,OFF THE TRACKS,13,7,6,8,5
17279,OFF THE TRACKS GRILL,5,4,1,2,3
17280,OFFICER DONALD MARQUEZ,12,6,6,2,10
17281,OFFICER DONALD MARQUEZ CHARTER SCHOOL,6,1,5,1,5
17282,OFFSHORE,9,2,7,4,5
17283,OFICINA DE AMIGOS,5,2,3,5,0
17284,"OFRENDA, INC.",5,2,3,5,0
17285,OGDEN 1 FOOD MARKET,5,1,4,4,1
17286,OGDEN CITGO,4,2,2,2,2
17287,OGDEN FOOD MART INC,4,0,4,3,1
17288,OGDEN INTERNATIONAL SCHOOL,17,10,7,4,13
17289,OGDEN INTERNATIONAL SCHOOL OF CHICAGO,14,5,9,3,11
17290,OGDEN MARARTHON,4,2,2,2,2
17291,OGDEN MARATHON,3,2,1,1,2
17292,OGDEN PLAZA INC.,3,0,3,3,0
17293,OGDEN PULASKI DONUTS INC,7,3,4,3,4
17294,OGGI TRATTORIA,11,3,8,5,6
17295,OGGI TRATTORIA & CAFFE,9,2,7,4,5
17296,"OGIES FOOD, INC",4,2,2,1,3
17297,OGLESBY SCHOOL,25,7,18,13,12
17298,OH DANNY BOYS,4,0,4,2,2
17299,OH FUSION,6,2,4,3,3
17300,OH FUSION THAI & SUSHI BAR,12,4,8,6,6
17301,OH HEN MART,29,7,22,14,15
17302,OH PANINI,2,1,1,1,1
17303,OH WOWS GOURMET KITCHENS 2 LLC,2,0,2,2,0
17304,"OH, MARI RESTAURANT",5,3,2,2,3
17305,"OH, OLIVE",4,3,1,1,3
17306,"OH, OLIVE LINCOLN PARK INC.",4,2,2,3,1
17307,OHANA ICE & TREATS,8,2,6,6,2
17308,OHIO FOOD MART,5,2,3,3,2
17309,OHIO HOUSE COFFEE SHOP,4,2,2,1,3
17310,OHIO HOUSE DELI LLC,3,1,2,2,1
17311,OHRI'S RESTAURNANT INDO CHINESE,3,0,3,3,0
17312,OIISTAR,19,3,16,7,12
17313,OISHII ASIAN & RAMEN HUB,2,0,2,1,1
17314,OJ BREAKFAST LUNCH & BRUNCH,4,0,4,3,1
17315,OJO DE AGUA,5,2,3,2,3
17316,OK FOOD,2,0,2,1,1
17317,OK MINI GROCERY STORE,2,1,1,1,1
17318,OK RESTAURANTS,6,2,4,4,2
17319,OKAMI SUSHI,6,1,5,4,2
17320,OKASHI,3,1,2,2,1
17321,OKOCIM BAR & GRILL,10,5,5,4,6
17322,OLAF'S CHILD DAYCARE CENTER INC.,10,4,6,6,4
17323,OLAMUMMY AFROCENTRIC RESTAURANT,2,0,2,1,1
17324,OLD 41 SALOON,3,1,2,2,1
17325,OLD CHICAGO GRILL,3,2,1,1,2
17326,OLD CHICAGO INN,2,0,2,1,1
17327,OLD CHICAGO PIZZA CO,15,5,10,8,7
17328,OLD CHINA BUFFET,4,1,3,4,0
17329,OLD CORAL LLC,3,3,0,1,2
17330,OLD COUNTRY BUFFET,67,32,35,26,41
17331,OLD CROW,13,4,9,9,4
17332,OLD CROW SMOKEHOUSE,20,7,13,15,5
17333,OLD CROW SMOKEHOUSE/TUNNEL,11,2,9,8,3
17334,OLD FASHION MEAT MARKET,5,2,3,3,2
17335,OLD FASHIONED DONUTS INC,12,3,9,6,6
17336,"OLD FASHIONED MARKET, LLC",3,1,2,2,1
17337,OLD FIFTH,6,3,3,2,4
17338,OLD GROUNDS SOCIAL,9,2,7,8,1
17339,OLD IRVING BREWING,18,5,13,11,7
17340,OLD JERUSALEM RESTAURANT,17,10,7,2,15
17341,OLD LAWNDALE TAP,4,0,4,3,1
17342,OLD LWIW RESTAURANT INC,17,8,9,5,12
17343,OLD PUEBLO CANTINA,9,2,7,7,2
17344,OLD ST. PATRICK'S CHURCH,9,6,3,2,7
17345,OLD TOWN ALE HOUSE INC,3,1,2,1,2
17346,OLD TOWN BURGER SALOON,6,1,5,6,0
17347,OLD TOWN DEPOT,3,1,2,2,1
17348,OLD TOWN DEPOT INC,2,0,2,1,1
17349,OLD TOWN FISH BAR,3,1,2,1,2
17350,"OLD TOWN OIL, LLC",2,2,0,0,2
17351,"OLD TOWN OIL,LLC",2,1,1,0,2
17352,OLD TOWN POUR HOUSE,22,8,14,12,10
17353,OLD TOWN REFINERY,7,5,2,4,3
17354,OLD TOWN SCHOOL OF FOLK MUSIC,9,2,7,3,6
17355,OLD WORLD BAKERY,3,1,2,2,1
17356,OLD WORLD MARKET,14,9,5,6,8
17357,OLGA'S DELICATESSEN,13,3,10,8,5
17358,OLIANG CAFE CHICAGO,3,1,2,2,1
17359,OLIO E PIU,2,0,2,2,0
17360,OLIVE BLACK CHICAGO,3,0,3,2,1
17361,OLIVE BRANCH MISSION,3,1,2,2,1
17362,OLIVE GARDEN ITALIAN RESTAURANT,20,8,12,8,12
17363,OLIVE HARVEY CHILD CARE CTR,4,2,2,1,3
17364,"OLIVE MART, INC.",5,3,2,1,4
17365,OLIVE MEDITERRANEAN GRILL,30,10,20,17,13
17366,OLIVE MEDITERRANEAN GRILL1,10,1,9,7,3
17367,OLIVE MOUNT MART,9,5,4,4,5
17368,"OLIVE MOUNTAIN FOOD MART, INC.",5,1,4,3,2
17369,OLIVE SUPERMARKET,4,0,4,3,1
17370,OLIVE-HARVEY COLLEGE,7,2,5,5,2
17371,OLIVER'S CAFE INC.,4,0,4,2,2
17372,OLIVER'S GRILL,8,4,4,1,7
17373,OLIVES4YOU,3,1,2,2,1
17374,OLIVIA 'S SEA OF SOUL,4,2,2,2,2
17375,OLIVIA'S MARKET,9,2,7,6,3
17376,OLIVIA'S TASTE INC,17,5,12,5,12
17377,OLLIES,2,1,1,1,1
17378,OLOR COFFEE,2,0,2,2,0
17379,OLYMPIC CLUB,10,2,8,6,4
17380,OLYMPIC_MEAT PACKERS INC,8,3,5,3,5
17381,OM FOOD STORE,2,1,1,1,1
17382,OM SHOPPERS,4,2,2,2,2
17383,OMAKASE SHOJI,2,0,2,2,0
17384,OMAKASE YUME,7,1,6,4,3
17385,OMAKIN RESTAURANT,10,4,6,4,6
17386,OMAKIN RESTAURANTS,13,2,11,5,8
17387,OMALLEY'S LIQUOR KITCHEN,4,2,2,2,2
17388,"OMAR & SALMA, INC.",9,2,7,6,3
17389,OMAR DISCOUNT CENTER PLUS INC,2,2,0,1,1
17390,"OMAR DISCOUNT, INC.",2,1,1,1,1
17391,OMAR FOOD MARKET,8,5,3,2,6
17392,"OMAR FOOD STORE, INC.",2,0,2,1,1
17393,"OMAR'S CONVENIENT STORE, INC.",7,2,5,5,2
17394,OMBUDSMAN,16,6,10,7,9
17395,OMBUDSMAN 2 (SOUTH),4,1,3,2,2
17396,OMBUDSMAN ROSELAND,7,4,3,4,3
17397,"OMEGA AUTOTECH, INC.",4,2,2,2,2
17398,OMNI CHICAGO HOTEL,53,27,26,22,31
17399,ON THE AVENUE,3,1,2,2,1
17400,ON THE FLY,7,2,5,6,1
17401,ON THE GO AMOCO III,3,1,2,2,1
17402,ON THE GO GROCERY,4,3,1,2,2
17403,ON THE ROCKS EDISON PARK,3,2,1,1,2
17404,ON TOUR BREWING COMPANY,3,1,2,1,2
17405,ONAHAN ELEMENTARY SCHOOL,18,5,13,7,11
17406,ONE CITY TAP,2,1,1,1,1
17407,ONE DOLLAR HOLLER,2,0,2,1,1
17408,ONE ELEVEN FOOD & LIQUOR INC,14,3,11,9,5
17409,ONE GALARIA INC,4,2,2,3,1
17410,"ONE HAPPY BEAN CAFE, LLC",2,0,2,1,1
17411,ONE MORE SUSHI EXPRESS,2,0,2,2,0
17412,ONE NORTH,16,5,11,6,10
17413,ONE OLD TOWN PARK,6,2,4,3,3
17414,ONE SIXTY BLUE,7,4,3,3,4
17415,ONE SMALL SNACK,6,2,4,4,2
17416,ONE STOP,3,1,2,2,1
17417,ONE STOP CELLULAR & TOBACCO,2,1,1,1,1
17418,ONE STOP CONVENIENCE,2,0,2,2,0
17419,ONE STOP FOOD,5,3,2,3,2
17420,ONE STOP FOOD & GROCERY,21,5,16,13,8
17421,ONE STOP FOOD & LIQUOR STORE,48,19,29,19,29
17422,ONE STOP FOOD & TOBACCO INCORP,3,2,1,2,1
17423,ONE STOP FOOD MARKET,12,5,7,7,5
17424,ONE STOP FOOD ON 63RD,4,3,1,2,2
17425,ONE STOP FOODS OF PAULINA,3,0,3,2,1
17426,ONE STOP JAMAICA JERK RESTAURANT,3,0,3,0,3
17427,"ONE STOP JAMAICA JERK RESTAURANT,LLC",4,1,3,3,1
17428,"ONE STOP SAVE & SHOP, INC.",2,0,2,1,1
17429,ONE STOP SHOP,22,9,13,11,11
17430,ONE STOP SHOP FOOD MART,5,1,4,4,1
17431,"ONE STOP SHOP FOOD MART, INC.",4,1,3,2,2
17432,"ONE STOP SHOP FOUR, INC.",4,2,2,2,2
17433,ONE STOP SHOP GROCERY & TOBACCO,2,0,2,2,0
17434,ONE STOP SHOP ONLY,3,2,1,1,2
17435,ONE STOP SUPERMARKET,5,1,4,3,2
17436,ONESTI PIZZA INC,13,3,10,8,5
17437,ONESTI PIZZERIA,6,2,4,3,3
17438,ONESTI PIZZERIA INC,14,2,12,9,5
17439,ONI ATARE FOODS,2,1,1,1,1
17440,"ONTARIO STREET OWNER, LLC",9,2,7,5,4
17441,ONWARD NEIGHBORHOOD HOUSE,20,10,10,6,14
17442,OODLES OF NOODLES,3,2,1,1,2
17443,OODLES OF OF NOODLES,3,1,2,3,0
17444,OOOH WEE IT IS,17,4,13,12,5
17445,OOOH WEE IT IS FRANCHISE CORPORATION 79TH STREET,3,2,1,1,2
17446,OOOH WEE SWEET TEA,5,1,4,3,2
17447,OPART THAI,9,2,7,5,4
17448,OPART THAI HOUSE,33,12,21,18,15
17449,OPEN ARMS CHILDCARE CENTER LLC,4,2,2,2,2
17450,OPEN HEARTH COFFEEHOUSE,2,0,2,2,0
17451,OPEN KITCHEN INC,4,2,2,1,3
17452,OPEN KITCHENS,31,13,18,12,19
17453,OPEN OUTCRY,7,2,5,6,1
17454,OPEN OUTCRY BREWING,5,3,2,3,2
17455,OPEN PANTRY,8,4,4,4,4
17456,OPEN PRODUCE,8,3,5,3,5
17457,OPEN SPACE EARLY LEARNING CENTER,4,2,2,0,4
17458,"OPTIMAL DELI, INC",8,3,5,3,5
17459,OPTIONS LABORATORY SCHOOL,5,3,2,1,4
17460,OPTIVER,2,0,2,2,0
17461,OPUS,9,0,9,9,0
17462,ORA,3,1,2,1,2
17463,ORA CASUAL DINING,11,1,10,7,4
17464,ORA SUSHI,12,2,10,10,2
17465,ORA SUSHI RESTAURANT,13,5,8,6,7
17466,ORALE,2,1,1,2,0
17467,ORANGE,28,13,15,11,17
17468,ORANGE GARDEN RESTAURANT LLC,26,15,11,14,12
17469,ORANGE LEAF CHICAGO,5,0,5,4,1
17470,ORANGE LINE,5,1,4,1,4
17471,ORANGE ON ROSCOE,14,6,8,4,10
17472,ORANGE RESTAURANT,4,0,4,2,2
17473,ORBIT,16,8,8,7,9
17474,ORBIT GRILL & SUB,3,0,3,3,0
17475,ORBIT ROOM CHICAGO,20,4,16,14,6
17476,ORBIT SUB,12,3,9,6,6
17477,ORGANICLIFE,24,10,14,10,14
17478,ORGATEA & CAFE,3,1,2,2,1
17479,ORIENTAL CHEF,23,5,18,9,14
17480,ORIENTAL CHOP SUEY,22,11,11,8,14
17481,ORIENTAL EXPRESS,5,1,4,1,4
17482,ORIENTAL NOODLE COMPANY,11,4,7,5,6
17483,"ORIGANO PIZZA, INC.",3,1,2,2,1
17484,ORIGENES RESTAURANT,2,1,1,1,1
17485,ORIGINAL ALPS,20,10,10,8,12
17486,ORIGINAL BAKER'S DELIGHT CARRY,20,9,11,10,10
17487,ORIGINAL BEMO'S,2,0,2,1,1
17488,ORIGINAL FERRARA INC,23,10,13,6,17
17489,ORIGINAL HALSTED MAXWELL STREET POLISH,29,11,18,10,19
17490,ORIGINAL MAXWELL STREET,4,2,2,3,1
17491,ORIGINAL PAKIZA INC.,11,2,9,10,1
17492,ORIGINAL PANCAKE HOUSE,46,21,25,16,30
17493,ORIGINAL RAINBOW CONE INC,13,6,7,5,8
17494,"ORIGINAL RAINBOW CONE, INC.",3,0,3,2,1
17495,ORIGINAL STEAM,5,2,3,4,1
17496,"ORIGINAL TRIPLE CROWN RESTAURANT, INC.",28,9,19,16,12
17497,ORIOLE,18,7,11,9,9
17498,ORIOLE PARK,3,0,3,1,2
17499,ORION RESTAURANT,20,9,11,10,10
17500,ORKENOY,7,2,5,4,3
17501,ORO CHOCOLATE CAFE,2,0,2,1,1
17502,OROMO CAFE BUCKTOWN,6,0,6,5,1
17503,OROZCO ELEMENTARY ACADEMY,17,7,10,5,12
17504,ORR ACADEMY HIGH SCHOOL,19,4,15,7,12
17505,ORR INFANT & FAMILY DEVELOP,4,2,2,2,2
17506,ORSO'S RESTAURANT,25,9,16,11,14
17507,ORTIZ  DE DOMINGUEZ ELEMENTARY SCHOOL,23,13,10,9,14
17508,ORYANIS INC.,3,1,2,2,1
17509,OSAKA EXPRESS,18,10,8,6,12
17510,OSAMA FOOD,14,4,10,7,7
17511,OSAMA FOOD INC.,6,1,5,2,4
17512,OSAMA FOOD MART,4,3,1,3,1
17513,OSAS AFRICAN RESTAURANT & CATERING SERVICES,21,5,16,12,9
17514,OSCAR'S FOODS INC,19,10,9,8,11
17515,OSCO DRUG # 3234,2,0,2,0,2
17516,OSCO DRUG #3344,2,0,2,1,1
17517,OSCO DRUG #3376,2,1,1,0,2
17518,OSCO DRUG #3632,4,1,3,2,2
17519,OSCO DRUG STORE,2,1,1,1,1
17520,"OSI INDUSTRIES,LLC",2,1,1,1,1
17521,OSITO'S TAP,10,3,7,7,3
17522,OSMIUM COFFEE BAR,8,2,6,4,4
17523,OSTERIA DE PIZZA METRO,9,3,6,5,4
17524,OSTERIA DEL PASTAIO,8,3,5,5,3
17525,OSTERIA LANGHE,18,4,14,11,7
17526,OSTERIA RUSTICANA,8,3,5,6,2
17527,OSTIONERIA MAR ABIERTO,11,4,7,7,4
17528,OSTIONERIA RESTAURANT EL EL TECOLOTE,21,10,11,10,11
17529,OSV,6,2,4,6,0
17530,OTHERWORLD THEATRE,2,0,2,1,1
17531,OTOM,6,3,3,3,3
17532,OTTO MEZZO,2,1,1,1,1
17533,OUI CHEF,3,1,2,2,1
17534,OUR LADY MOTHER  OF THE CHURCH,3,2,1,0,3
17535,OUR LADY MOTHER OF THE CHURCH DAYCARE,2,0,2,2,0
17536,OUR LADY OF GRACE SCHOOL,15,10,5,3,12
17537,OUR LADY OF GUADALUPE,18,7,11,4,14
17538,OUR LADY OF LOURDES,15,6,9,5,10
17539,OUR LADY OF TEPEYAC  ELEM.,20,11,9,10,10
17540,OUR LADY OF TEPEYAC HEADSTART,16,7,9,5,11
17541,OUR LADY OF TEPEYAC HIGH SCHOOL,7,4,3,1,6
17542,OUR LADY OF THE SNOWS,15,7,8,2,13
17543,OUR LADY OF VICTORY SCHOOL,7,3,4,2,5
17544,OUR NEIGHBORHOOD QUICK STOP,4,2,2,2,2
17545,OUR TAURUS FLAVOR,2,0,2,2,0
17546,OUR TAURUS FLAVORS #2,8,2,6,2,6
17547,OUT OF BOUNDS CHICKEN & FISH,2,2,0,1,1
17548,"OUT ON FAITH INFANTS & TODDLERS, INC.",10,4,6,2,8
17549,OUT ON FAITH LEARNING CENTER,3,1,2,1,2
17550,"OUT ON FAITH LEARNING CENTER, INC.",11,0,11,3,8
17551,OUTBACK STEAKHOUSE,2,1,1,1,1
17552,OUTDOOR CAFE,24,9,15,11,13
17553,OUTDOOR GRILL,26,8,18,13,13
17554,OUTKAST,10,3,7,6,4
17555,OUTLET KINGDOM,5,3,2,4,1
17556,OUTPOST MEXICAN EATERY,5,2,3,4,1
17557,OUTPUT,24,12,12,11,13
17558,OUTPUT WRIGLEYVILLE,5,1,4,3,2
17559,OUTSIDE THE BOX CARRYOUT AND CATERING INC.,4,0,4,4,0
17560,OUTTAKES,12,6,6,3,9
17561,OVATION CHICAGO,4,1,3,2,2
17562,OVEN FRESH BAKERY,5,2,3,2,3
17563,OVER EASY CAFE,15,6,9,6,9
17564,"OVER RICE'N BREAD, CORP",14,6,8,8,6
17565,OVER THE RAINBOW LEARNING CENTER INC,7,2,5,3,4
17566,OVERFLOW,5,1,4,2,3
17567,OVERFLOW COFFEE,5,3,2,3,2
17568,"OVERFLOW COFFEE BAR,L3C",8,5,3,1,7
17569,OVERTIME BAR AND GRILL,8,1,7,6,2
17570,OVY'S KITCHEN,8,3,5,5,3
17571,OWEN,14,3,11,4,10
17572,OWEN & ENGINE,20,4,16,11,9
17573,OWEN + ALCHEMY,8,3,5,5,3
17574,OWEN +ALCHEMY,3,1,2,2,1
17575,OWEN FOOD MARKET INC,2,0,2,2,0
17576,OYSTER ON HALSTED,19,5,14,11,8
17577,OYSY,31,8,23,16,15
17578,Old Town Pizza Pub,21,10,11,6,15
17579,Old Town Social,15,5,10,10,5
17580,Olive Mediterranean Grill,5,2,3,2,3
17581,Olive-Harvey Middle College (YCCS),13,7,6,3,10
17582,One Stop Mart,2,2,0,0,2
17583,Opera,3,0,3,2,1
17584,Orange Roughy Fish & Chicken,5,3,2,2,3
17585,Oriole Park,16,11,5,2,14
17586,Orly's/Jalapeno,20,4,16,17,3
17587,Oromo Cafe,12,8,4,6,6
17588,Oscar Mayer Elementary,18,10,8,5,13
17589,Osteria Via Stato,18,7,11,8,10
17590,Otis Academy,19,9,10,6,13
17591,Outback Steakhouse,28,10,18,13,15
17592,Overton,8,3,5,5,3
17593,Overton CPC,5,3,2,1,4
17594,"Owens, J",19,11,8,4,15
17595,P & C Citgo,2,1,1,1,1
17596,P & H CONVENIENCE STORE,2,0,2,0,2
17597,P & J PANTRY,3,0,3,2,1
17598,P & K CITGO INC.,2,2,0,1,1
17599,P & P AMERICAN & CHINESE FOOD,12,5,7,6,6
17600,P & P AMOCO INC,3,1,2,1,2
17601,P & P BAR B Q SOUL FOOD,2,2,0,1,1
17602,P & S FOOD & LIQUOR,2,0,2,1,1
17603,P & S Meats,14,7,7,5,9
17604,P A HOT DOG STAND,3,1,2,1,2
17605,P J CLARKE'S,11,2,9,7,4
17606,P J'S BREWERY,9,1,8,4,5
17607,P S BANGKOK RESTAURANT II,8,2,6,3,5
17608,P S BANGKOK RESTAURANT INC,17,10,7,6,11
17609,P&S RESTAURANT,3,0,3,2,1
17610,P.F. CHANG CHINA BISTRO,23,7,16,12,11
17611,"P.F. CHANG TO GO, LLC",7,2,5,3,4
17612,"P.F. CHANG'S CHINA BISTRO, INC.",5,4,1,1,4
17613,"P.F. CHANG'S TO GO, LLC",7,0,7,4,3
17614,P.J. CLARKE'S EAST,7,3,4,5,2
17615,P0NY EXPRESS RESTAURANT,3,0,3,2,1
17616,PABLO CASALS ELEMENTARY,16,6,10,2,14
17617,PABLOS TACO'S,5,0,5,5,0
17618,PACHECO'S TACOS RESTAURANT LLC,6,2,4,3,3
17619,PACIFIC GARDEN MISSION,5,5,0,1,4
17620,PACIFIC LANGHAM CHICAGO CORPORATION,16,9,7,3,13
17621,PACIFIC STANDARD TIME,9,2,7,4,5
17622,PACIFIC SUBMARINE INC,6,1,5,2,4
17623,"PACINO'S RC, LLC",12,2,10,9,3
17624,PACIUGO CHICAGO,2,1,1,1,1
17625,PACIUGO LINCOLN SQUARE,11,4,7,3,8
17626,PACIUGO ROSCOE VILLAGE,4,2,2,1,3
17627,PACKED DUMPLINGS REIMAGINED,4,0,4,3,1
17628,PACKING HOUSE,11,7,4,5,6
17629,PACO'S HOTDOGS AND ICE CREAM,5,2,3,3,2
17630,PACO'S TACOS,7,5,2,2,5
17631,PACO'S TACOS 2,26,15,11,9,17
17632,PACOS TACOS CHICAGO,3,2,1,3,0
17633,PADDY LONG'S,15,9,6,6,9
17634,PADDY MAC'S,19,8,11,6,13
17635,PADDY O FEGAN'S,14,6,8,8,6
17636,PADDY O'SPLAINE'S,3,2,1,1,2
17637,PAIRED,6,5,1,2,4
17638,PAISANS PIZZA MILWAUKEE,2,0,2,2,0
17639,PAISANS PIZZERIA,3,2,1,0,3
17640,PAISANS PIZZERIA AND BAR CLARK,9,1,8,5,4
17641,PAISANS PIZZERIA AND BAR PULASKI,10,3,7,4,6
17642,PAK SUB,4,2,2,1,3
17643,PAK SUBMARINE,4,1,3,4,0
17644,PAK SWEETS,11,7,4,5,6
17645,PAK SWEETS INC.,5,0,5,2,3
17646,PAK-GARCIA HOSPITALITY CORP,7,3,4,2,5
17647,PAKEEZA,17,7,10,9,8
17648,PAKWAN INDO PAK CUISINE,4,1,3,3,1
17649,PAL FOOD & LIQUOR,2,1,1,1,1
17650,PALACE CAFE,16,3,13,12,4
17651,PALACE GATE AFRICA RESTAURANT,26,5,21,12,14
17652,PALACE GRILL,21,14,7,6,15
17653,PALADAR,16,5,11,9,7
17654,PALAPITA,4,1,3,3,1
17655,PALASIO POOL HALL,2,0,2,1,1
17656,PALATERIA AYUTLA,3,1,2,2,1
17657,PALENQUE 2,6,0,6,3,3
17658,PALENQUE INC.,12,3,9,5,7
17659,PALERIA Y NEVERIA LA MEXICANA YOGURT AND CHURRO SH,5,0,5,3,2
17660,PALERMO BAKERY,6,4,2,1,5
17661,PALERMO CALCIO CAFE,2,1,1,1,1
17662,PALERMO'S RESTAURANT,19,11,8,7,12
17663,PALESE CAFE INC.,6,4,2,1,5
17664,PALESTINA PIZZA LLC,2,0,2,1,1
17665,"PALESTINE GROCERY, INC.",2,0,2,1,1
17666,PALETAS LA AZTECA,3,3,0,1,2
17667,PALETERIA ALEX,9,3,6,4,5
17668,PALETERIA ARCOS IRIS,3,1,2,2,1
17669,PALETERIA AYUTLA,5,0,5,3,2
17670,PALETERIA AZTECA #2,34,14,20,9,25
17671,"PALETERIA BAMBI, INC.",4,0,4,2,2
17672,PALETERIA CARRUCEL,17,8,9,7,10
17673,PALETERIA COCKTAILS TROPICALES,13,3,10,2,11
17674,PALETERIA EL POTRILLO,10,6,4,2,8
17675,PALETERIA EL SABAR DE MICHOACAN,15,7,8,5,10
17676,PALETERIA EL SABOR DE MEXICO INC.,6,1,5,1,5
17677,PALETERIA EL SABOR DE MICHOACAN INC.,13,8,5,5,8
17678,PALETERIA ESTRELLA MICHOACANA,3,1,2,2,1
17679,"PALETERIA ESTRELLA MICHOACANA, INC.",9,2,7,6,3
17680,PALETERIA GUADALAJARA,3,0,3,2,1
17681,PALETERIA IDEAL CO,7,1,6,3,4
17682,PALETERIA JAMAY,4,2,2,2,2
17683,PALETERIA JUAREZ,22,4,18,14,8
17684,PALETERIA LA CEIBA INC.,4,2,2,3,1
17685,PALETERIA LA FLOR DE MICHOACAN,3,2,1,2,1
17686,"PALETERIA LA MICHOACANA 1,INC.",6,2,4,4,2
17687,PALETERIA LA MICHOACANA ON 35TH STREET,3,1,2,3,0
17688,PALETERIA LA MORELIA,2,0,2,2,0
17689,PALETERIA LA ORIGINAL MICHOACANA,10,5,5,7,3
17690,PALETERIA LA PLAZA #2  CORP,4,2,2,1,3
17691,PALETERIA LA PLAZA CORP,16,7,9,6,10
17692,PALETERIA LA TRADICION DE MICHOACAN,2,0,2,1,1
17693,PALETERIA LA TRADICION DEMICHOACAN,10,3,7,4,6
17694,PALETERIA LA UNIKA,5,0,5,3,2
17695,PALETERIA LAS TARASCAS INC.,9,3,6,4,5
17696,PALETERIA LINDO MICHOACAN,26,10,16,10,16
17697,PALETERIA LINDO MICHOACAN #3,6,4,2,3,3
17698,PALETERIA LOS MAGOS,4,0,4,2,2
17699,PALETERIA MEXICO LINDO,5,3,2,3,2
17700,PALETERIA MI LINDO MICHOACAN INC.,4,3,1,2,2
17701,PALETERIA MICHOACANA LA #1,4,0,4,3,1
17702,"PALETERIA MICHOACANA LA #1,INC",3,1,2,1,2
17703,PALETERIA MONARCA,5,3,2,3,2
17704,PALETERIA OSO POLAR II,9,3,6,5,4
17705,"PALETERIA OSO POLAR, INC",13,4,9,6,7
17706,"PALETERIA OSO POLAR, INC.",5,1,4,4,1
17707,"PALETERIA PELAYO, INC.",3,0,3,2,1
17708,PALETERIA POLAR INC,2,2,0,2,0
17709,PALETERIA PONCHO,4,0,4,3,1
17710,PALETERIA REINA DE SABORES # 2,4,3,1,3,1
17711,PALETERIA REYNA DEL SUR,6,2,4,5,1
17712,PALETERIA Y NEVERIA AZTECA,3,1,2,2,1
17713,PALETERIA Y NEVERIA DELICIAS TROPICALES,5,3,2,4,1
17714,PALETERIA Y NEVERIA EL A WUELO INC.,3,1,2,2,1
17715,PALETERIA Y NEVERIA FRESITA,3,2,1,1,2
17716,"PALETERIA Y NEVERIA FRUTA LOCA,INC",3,2,1,2,1
17717,PALETERIA Y NEVERIA KAIROS,4,1,3,1,3
17718,"PALETERIA Y NEVERIA LA FLOR DE MICHOACAN, CORP.",4,1,3,2,2
17719,PALETERIA Y NEVERIA LA MEXICANA ALWAYS 2X1 MENU LT,3,1,2,2,1
17720,PALETERIA Y NEVERIA LA MEXICANA YOGURT AND CHURRO,69,23,46,44,25
17721,PALETERIA Y NEVERIA LA MICHOACANA FRESA,2,0,2,1,1
17722,PALETERIA Y NEVERIA LA PERLA MICHIOACANA,2,0,2,1,1
17723,PALETERIA Y NEVERIA LAFE,5,3,2,3,2
17724,"PALETERIA Y NEVERIA LAS PRIMAS, LLC",6,2,4,3,3
17725,PALETERIA Y NEVERIA LINDO MICHOACAN,2,1,1,1,1
17726,"PALETERIA Y NEVERIA LULU, INC.",8,2,6,7,1
17727,PALETERIA Y VEVERIA BOMBON CO,4,1,3,3,1
17728,"PALETERIAS MONARCA, CORP.",18,8,10,9,9
17729,PALETTE,2,1,1,1,1
17730,PALETTERIA AZTECA #2,2,2,0,0,2
17731,PALLAS GRILL,17,8,9,8,9
17732,PALM COURT,13,1,12,2,11
17733,PALM RESTAURANT,23,8,15,8,15
17734,PALMA TORCIDA RESTAURANT INC,8,1,7,6,2
17735,PALMER FRESH FOOD LLC,3,1,2,2,1
17736,PALMER HOUSE HILTON,20,3,17,11,9
17737,PALMIER RESTAURANT,2,1,1,1,1
17738,PALOMAR CHICAGO,30,11,19,9,21
17739,PALOMINO,3,0,3,3,0
17740,PAMPANEAS CUISINE FILIPINO RESTAURANT,17,9,8,7,10
17741,PAN & GRILL CONEY ISLAND,4,0,4,3,1
17742,PAN ARTESANAL,11,4,7,9,2
17743,PAN BAGUETTE BAKERY,11,6,5,3,8
17744,PAN HELLENIC BAKERY,8,5,3,2,6
17745,PAN Y PIZZA PA' YA,4,2,2,3,1
17746,PANADERIA  AZUCAR,3,0,3,2,1
17747,"PANADERIA AYUTLA, CORP.",20,11,9,7,13
17748,PANADERIA CORAL,22,10,12,11,11
17749,PANADERIA DEL REFUGIO,2,1,1,1,1
17750,PANADERIA DON JUAN,5,3,2,5,0
17751,PANADERIA EL ACAMBARO,9,3,6,5,4
17752,"PANADERIA GUATEMALTECA, INC.",14,5,9,4,10
17753,PANADERIA LA CENTRAL INC,12,4,8,5,7
17754,"PANADERIA LA HACIENDA, INC.",2,1,1,1,1
17755,PANADERIA LOS GALLOS,13,7,6,3,10
17756,PANADERIA MARIGOL,2,0,2,1,1
17757,PANADERIA NUEVO LEON,11,7,4,2,9
17758,PANADERIA TOLITA,9,1,8,6,3
17759,PANADERIA TORRES BAKERY,7,3,4,2,5
17760,PANADERIA Y PASTELERIA EL PAN,3,1,2,2,1
17761,PANADERIA Y PASTELERIA MONARCA INC,7,2,5,6,1
17762,PANADERIA Y REPOSTERIA ANTHONY,2,0,2,2,0
17763,PANADERIA Y TAQUERIA COTZIO,6,0,6,2,4
17764,PANANG NOODLE & RICE,7,1,6,3,4
17765,PANCAKE CAFE,14,3,11,11,3
17766,PANCAKE CAFE/AJI SUSHI,6,1,5,2,4
17767,PANCAKE HOUSE,5,2,3,3,2
17768,PANCAKE HOUSE LAS 3 CHINAS,2,1,1,1,1
17769,PANCHITO'S GRILL,3,1,2,2,1
17770,PANCHITOS FIT,3,1,2,2,1
17771,PANCHO III CORPORATION,4,2,2,1,3
17772,PANCHO PISTOLAS MEXICAN RESTAURANT,21,12,9,6,15
17773,PANCHO'S,7,3,4,4,3
17774,PANCHO'S ICE CREAM,19,3,16,8,11
17775,PANCITERIA MABUHAY,4,1,3,2,2
17776,PANDA CHINA,12,5,7,6,6
17777,PANDA EXPRESS,23,8,15,6,17
17778,PANDA EXPRESS # 1370,19,9,10,7,12
17779,PANDA EXPRESS #1169,6,1,5,4,2
17780,PANDA EXPRESS #1345,26,9,17,10,16
17781,PANDA EXPRESS #1422,24,6,18,15,9
17782,PANDA EXPRESS #1878,20,9,11,7,13
17783,PANDA EXPRESS #1975,21,8,13,9,12
17784,PANDA EXPRESS #236,2,1,1,1,1
17785,PANDA EXPRESS #2456,16,9,7,6,10
17786,PANDA EXPRESS #2522,12,6,6,2,10
17787,PANDA EXPRESS #2840,13,5,8,6,7
17788,PANDA EXPRESS #299,15,10,5,2,13
17789,PANDA EXPRESS #365,6,3,3,1,5
17790,PANDA EXPRESS #389,20,8,12,8,12
17791,PANDA EXPRESS #591,25,9,16,11,14
17792,PANDA EXPRESS RESTAURANT #2685,14,3,11,6,8
17793,PANDA EXPRESS RESTAURANT #2693,10,1,9,7,3
17794,"PANDA EXPRESS, INC",28,9,19,4,24
17795,"PANDA EXPRESS, INC #1102",23,11,12,7,16
17796,PANDA EXRESS #3282,5,1,4,4,1
17797,PANDA MONTESSORI ACADEMY,5,2,3,2,3
17798,PANDA PANDA,2,0,2,2,0
17799,PANE CALDO,3,0,3,2,1
17800,PANE CALDO RESTAURANT,3,1,2,2,1
17801,PANERA BREAD,84,30,54,34,50
17802,PANERA BREAD  # 1190,16,8,8,6,10
17803,PANERA BREAD # 8003,15,7,8,3,12
17804,PANERA BREAD #1004,20,11,9,7,13
17805,PANERA BREAD #1152,31,13,18,14,17
17806,PANERA BREAD #1640,21,9,12,7,14
17807,PANERA BREAD #6149,6,3,3,3,3
17808,PANERA BREAD #6183,3,1,2,1,2
17809,PANERA BREAD #6212,3,1,2,3,0
17810,PANERA BREAD #6213,2,0,2,1,1
17811,PANERA BREAD #7019,4,2,2,1,3
17812,PANERA BREAD #9200,7,1,6,4,3
17813,PANERA BREAD #9210,6,2,4,2,4
17814,PANERA BREAD #9211,4,2,2,2,2
17815,PANERA BREAD #933,11,2,9,3,8
17816,PANERA BREAD #987,30,11,19,14,16
17817,PANERA CARES,9,1,8,5,4
17818,PANES BREAD CAFE,17,7,10,8,9
17819,PANINI PIAZZA,5,1,4,2,3
17820,PANNENKOEKEN  CAFE,4,2,2,2,2
17821,PANNENKOEKEN  CAFE2,3,1,2,1,2
17822,PANOZZO'S ITALIAN SPECIALTIES,5,3,2,2,3
17823,PANTANOS RESTAURANT CHICAGO LLC,5,1,4,2,3
17824,PANTERA SUPERFOODS,2,1,1,1,1
17825,PANTITLAN,5,1,4,3,2
17826,PANTRY EXPRESS,6,3,3,5,1
17827,PANZ,2,1,1,1,1
17828,PAOLA'S VINUM,10,3,7,4,6
17829,PAOLU'S TREATS,3,1,2,2,1
17830,PAPA  JOHN'S,7,3,4,5,2
17831,PAPA CHAN ASIAN  CUISINE,2,0,2,2,0
17832,PAPA CHARLIES,10,4,6,2,8
17833,PAPA CHRIS PLACE INC,16,8,8,2,14
17834,PAPA D'S,11,4,7,8,3
17835,PAPA FREDDY'S PIZZA & REST,17,9,8,8,9
17836,PAPA GIORGIO'S PIZZERIA INC.,9,3,6,6,3
17837,PAPA J'S,2,1,1,2,0
17838,PAPA JIN,9,4,5,5,4
17839,PAPA JOE'S PIZZA,23,7,16,11,12
17840,PAPA JOHN'S HYDE PARK,4,1,3,4,0
17841,PAPA JOHN'S PIZZA,147,50,97,81,66
17842,PAPA JOHN'S PIZZA CHI,3,1,2,3,0
17843,PAPA JOHNS,5,4,1,1,4
17844,PAPA JOHNS PIZZA,21,10,11,10,11
17845,PAPA LOU'S PLACE,4,2,2,3,1
17846,PAPA PHILLY AND FOOD,18,8,10,8,10
17847,PAPA RAY'S PIZZA,3,1,2,2,1
17848,PAPA RAY'S PIZZA & WINGS,15,7,8,7,8
17849,PAPA RAYS PIZZA & WINGS,15,3,12,7,8
17850,PAPA ROMEO PIZZA,8,5,3,3,5
17851,PAPA ROMEO'S PIZZA,36,7,29,27,9
17852,PAPA SANTIAGO PIZZARIA & TAQUERIA,5,4,1,3,2
17853,PAPA SANTIAGO PIZZERIA,14,6,8,8,6
17854,PAPA SANTIAGOS PIZZERIA,11,5,6,7,4
17855,PAPA T'S ITALIANO,48,24,24,19,29
17856,PAPA TURHANO'S,3,1,2,2,1
17857,PAPA'S CACHE SABROSO INC,17,7,10,9,8
17858,PAPACITO'S MEXICAN GRILLE,16,9,7,5,11
17859,PAPANINO'S PIZZA,13,2,11,11,2
17860,PAPAS PHILLY STEAK AND FISH,21,7,14,13,8
17861,PAPER PLANE PIZZA,2,1,1,1,1
17862,PAPI REAL TACO,4,0,4,2,2
17863,PAPI'S CAFE,4,1,3,3,1
17864,PAPI'S TACOS,19,5,14,4,15
17865,PAPICHULO,6,2,4,6,0
17866,PAPPARDELLE'S PASTA,4,3,1,1,3
17867,PAPPAROTI,3,0,3,2,1
17868,PAPPY'S,4,1,3,3,1
17869,PAPRIKA INDIAN RESTAURANT,21,8,13,11,10
17870,PAR BIRDIE FOODS,2,2,0,0,2
17871,PARACHUTE,18,0,18,12,6
17872,PARAD-ICE ON FULLERTON,5,0,5,4,1
17873,PARADES A CHICAGO BAR,2,0,2,2,0
17874,PARADISE CANTINA,12,4,8,7,5
17875,PARADISE EMPANADAS CAFE,3,0,3,2,1
17876,PARADISE GARDEN PRODUCE INC,2,0,2,2,0
17877,PARADISE GROCERY INC.,12,2,10,6,6
17878,PARADISE JAPANESE RESTAURANT,2,0,2,2,0
17879,PARADISE PARK,9,4,5,1,8
17880,PARADISE SUPERMARKET INC,11,6,5,4,7
17881,PARAMO SNACKS,3,1,2,2,1
17882,PARAMOUNT EVENTS,27,8,19,14,13
17883,PARAMOUNT EVENTS AND TRUFFLEBERRY,5,2,3,1,4
17884,PARAMOUNT EVENTS AND TRUFFLEBERRY MARKET,5,0,5,5,0
17885,PARAMOUNT ROOM,11,4,7,6,5
17886,"PARENT COOPERATIVE FOR EARLY LEARNING, INC.",12,7,5,4,8
17887,PARIS BAGUETTE,11,3,8,4,7
17888,PARIS CAFE,8,4,4,6,2
17889,PARIS CLUB,9,7,2,1,8
17890,PARIS OUH LALA,3,0,3,2,1
17891,PARISIS DRIVE IN,12,5,7,5,7
17892,PARISSE'S DRIVE IN,11,5,6,6,5
17893,PARK  PLAZA RETIREMENT CENTER,21,8,13,10,11
17894,PARK 52,12,4,8,8,4
17895,PARK AND FIELD,16,5,11,9,7
17896,PARK DOLLAR & FOOD,3,0,3,2,1
17897,"PARK FOODS OF 71ST STREET,INC.",2,1,1,1,1
17898,"PARK FOODSERVICE, L.L.C.",14,3,11,8,6
17899,PARK FUEL AND MINI MART,2,1,1,1,1
17900,PARK HOUSE NURSING & REHABILITATION CENTER,5,3,2,1,4
17901,"PARK HOUSE NURSING AND REHABILITATION CENTER, LLC",9,3,6,7,2
17902,"PARK ISLAND JERK CHICKEN,INC.",10,2,8,6,4
17903,PARK MANOR,23,6,17,10,13
17904,PARK MANOR LOUNGE,3,1,2,3,0
17905,PARK MARKET FOODS,10,3,7,5,5
17906,PARK PACKING CO,3,2,1,1,2
17907,"PARK PACKING OF CHICAGO, INC",14,5,9,3,11
17908,PARK PANTRY,2,0,2,2,0
17909,PARK PLACE MARKET,2,2,0,0,2
17910,PARK TAVERN CHICAGO,18,5,13,9,9
17911,PARK TO SHOP SUPERMAARKET,3,1,2,3,0
17912,PARK TO SHOP SUPERMARKET,20,7,13,8,12
17913,PARK TO SHOP SUPERMARKET BROADWAY,7,1,6,3,4
17914,PARK TO SHOP SUPERMARKET CANAL,5,2,3,2,3
17915,PARK TOWER MARKET,11,4,7,8,3
17916,"PARK VIEW MART ,INC",4,1,3,2,2
17917,PARK VIEW MONTESSORI SCHOOL #3,14,8,6,5,9
17918,"PARK VIEW REHAB CENTER, LLC",14,1,13,8,6
17919,PARK VIEW RESTAURANT,10,4,6,4,6
17920,PARK VILLAGE COMPANY,11,5,6,9,2
17921,PARK WEST COOPERATIVE,7,5,2,3,4
17922,PARK WEST COOPERATIVE NURSERY SCHOOL,9,3,6,2,7
17923,PARKER ELEMENTARY,19,7,12,7,12
17924,PARKER HOUSE SAUSAGE CO,3,3,0,0,3
17925,PARKHURST DINING SERVICE,5,2,3,3,2
17926,PARKSHORE ESTATES NURSING,18,2,16,10,8
17927,PARKSHORE ESTATES NURSING AND REHAB,2,1,1,1,1
17928,PARKSHORE MARKET LTD,6,1,5,4,2
17929,PARKSIDE CAFE,8,3,5,6,2
17930,PARKSIDE COMMUNITY ELEMENTARY,20,8,12,6,14
17931,PARKSIDE FOOD AND LIQUOR,3,2,1,2,1
17932,PARKSIDE FOOD STORE INC,10,5,5,5,5
17933,PARKSIDE GYROS,30,10,20,14,16
17934,PARKVIEW DOLLAR MINI MART,2,1,1,1,1
17935,PARKVIEW FOOD & LIQUOR,3,1,2,1,2
17936,PARKVIEW FOOD & LIQUORS,5,1,4,5,0
17937,PARKVIEW FOOD AND LIQUOR,2,1,1,1,1
17938,PARKVIEW FOOD AND LIQUORS,3,1,2,1,2
17939,PARKVIEW GROCER,5,2,3,3,2
17940,PARKVIEW SERVICE,2,0,2,1,1
17941,PARKVIEW VILLA INC,21,7,14,16,5
17942,PARKWAY COMMUNITY HOUSE,3,1,2,2,1
17943,"PARKWAY DRUGS, A WALGREENS PHA",4,1,3,2,2
17944,PARKWAY HOAGYES,11,4,7,4,7
17945,PARKWAY SUPER MARKET INC.,11,2,9,5,6
17946,PARKWEST LIQUOR,2,1,1,1,1
17947,PARKWEST LIQUORS AND SMOKE SHOP,2,1,1,1,1
17948,PARKWOOD BAPTIST CHURCH,3,1,2,2,1
17949,PARLOR PIZZA BAR,46,19,27,18,28
17950,PARNELL FOOD,3,0,3,2,1
17951,PARROTS BAR & GRILL,8,2,6,4,4
17952,PARS COVE EAST,19,8,11,11,8
17953,"PARS ICE CREAM CO, INC",10,7,3,2,8
17954,PARS ICE CREAM CO. INC.,3,2,1,0,3
17955,PARS-PERSIAN STORE,9,4,5,5,4
17956,PARSES RED HOTS INC,4,3,1,2,2
17957,PARSON'S CHICKEN & FISH,57,14,43,31,26
17958,PARTS AND LABOR,20,6,14,14,6
17959,PASADITA EXPRESS,17,6,11,10,7
17960,PASHA,3,2,1,1,2
17961,PASIEKA BAKERY INC,4,1,3,2,2
17962,PASS IT ON DAYCARE & FAMILY LEARNING CENTER,2,0,2,2,0
17963,PASSEROTTO,8,3,5,6,2
17964,PASSION CAFE,3,0,3,2,1
17965,PASSION HOUSE CAFE,3,1,2,2,1
17966,PASSION HOUSE CAFE 1 LLC,7,2,5,5,2
17967,PASSION T CATERING,3,0,3,1,2
17968,PASSIONEATS CATERING CO.,3,2,1,2,1
17969,PASSPORT BAR ROOM,4,3,1,1,3
17970,PASTA AL GUSTO,18,5,13,7,11
17971,"PASTA AL GUSTO, INC.",3,2,1,1,2
17972,PASTA AND BURGER SALON,6,2,4,4,2
17973,PASTA D'ARTE,10,5,5,3,7
17974,PASTA DI NAPOLI,2,0,2,2,0
17975,PASTA FASTA,2,1,1,1,1
17976,PASTA FRESH CO,16,3,13,9,7
17977,PASTA PALAZZO,14,9,5,3,11
17978,PASTA PASSION PASSION RESTAURANT,6,1,5,5,1
17979,PASTA PUTTANA,2,0,2,1,1
17980,PASTEL !,2,0,2,1,1
17981,PASTEL ! INC.,9,1,8,6,3
17982,PASTELERIA AURE,2,2,0,1,1
17983,PASTELERIA EL NUEVO MUNDO,7,4,3,3,4
17984,PASTELITO BAKERY,7,1,6,5,2
17985,"PASTES Y EMPANADAS GOLDEN TUZO, CORP",15,4,11,8,7
17986,PASTEUR BRANCH,8,5,3,1,7
17987,PASTEUR OF CHICAGO,31,7,24,23,8
17988,PASTICCERA GELATERIA PALERMO,4,1,3,2,2
17989,PASTINA,3,0,3,2,1
17990,PASTORAL,36,16,20,12,24
17991,PASTORAL/APPELLATION,10,0,10,6,4
17992,PASTORES & BRUNCH,12,4,8,8,4
17993,PAT'S ITALIAN BBQ,3,1,2,2,1
17994,PAT'S PIZZA,23,8,15,10,13
17995,PATEL BROS,19,10,9,8,11
17996,PATEL BROTHERS,2,0,2,1,1
17997,PATEL'S CAFE,17,5,12,10,7
17998,PATERNO'S PIZZA,18,8,10,5,13
17999,PATHLIGHT MOOD AND ANXIETY CENTERS,4,0,4,3,1
18000,PATHWAYS TO LEARNING,16,7,9,3,13
18001,PATHWAYS TO LEARNING CHILD CARE,7,3,4,4,3
18002,PATHWAYS TO LEARNING CHILD CARE CENTER,24,10,14,7,17
18003,PATHWAYS TO LEARNING CHILD CARE CENTER INCORP.,12,7,5,3,9
18004,PATHWAYS TO LEARNING CHILD CARE INC.,14,9,5,2,12
18005,PATINO'S GRILL,7,4,3,2,5
18006,PATINOS GRILL PB INC,9,2,7,4,5
18007,PATIO BEEF,6,3,3,1,5
18008,"PATIO BEEF, INC",19,5,14,7,12
18009,PATIO GAS,7,3,4,4,3
18010,PATIO RESTAURANT,25,13,12,10,15
18011,PATRICK HENRY ELEMENTARY,20,9,11,6,14
18012,PATRON MEXICAN GRILL INC.,4,1,3,3,1
18013,PATRON'S HACIENDA,11,4,7,7,4
18014,PATSY'S PLACE,16,5,11,8,8
18015,PATTI CAKE CHILD CARE CENTER,9,2,7,5,4
18016,PATTI'S POPCORN,5,1,4,3,2
18017,PATTY BURGER,3,0,3,2,1
18018,PATTY WAGON,10,2,8,9,1
18019,PAUL CUFFE ACADEMY,17,7,10,2,15
18020,PAUL G. STEWART,17,7,10,5,12
18021,"PAUL HOUSE & HEALTH CARE CENTER, LLC",4,2,2,2,2
18022,PAUL'S CATERING,5,1,4,4,1
18023,PAUL'S NOODLE SHOP,9,2,7,8,1
18024,PAUL'S RESTAURANT-BAR,2,1,1,1,1
18025,"PAUL'S SUSHI & NOODLES, INC.",3,1,2,1,2
18026,PAULA & MONICA'S PIZZERIA,12,7,5,3,9
18027,PAULA'S THAI KITCHEN,12,5,7,8,4
18028,PAULAS THAI KITCHEN,9,4,5,6,3
18029,PAULETTE'S MARKET,6,2,4,4,2
18030,PAULETTES MARKET,2,0,2,1,1
18031,PAULIE GEE'S LOGAN SQUARE,11,2,9,5,6
18032,PAULIE GEE'S WICKER PARK,4,2,2,1,3
18033,PAULINA FOOD MARKET,3,2,1,2,1
18034,PAULINA FOODS,2,0,2,2,0
18035,PAULINA GROCERY,2,0,2,1,1
18036,PAULINA MARKET,21,11,10,4,17
18037,PAULINA SUPER MARKET INC,14,4,10,5,9
18038,PAULINE'S,7,3,4,3,4
18039,PAULINE'S RESTAURANT,2,1,1,1,1
18040,PAULINES,38,14,24,22,16
18041,PAULO FREIRE CENTER,23,8,15,7,16
18042,PAULO GELATO & CHOCOLATE INC.,2,0,2,1,1
18043,PAULYS PIZZARIA,12,4,8,6,6
18044,PAULYS PIZZARIA WRIGLEYVILLE,4,0,4,3,1
18045,PAVILION OF SOUTH SHORE,2,1,1,1,1
18046,PAWEL INC,4,1,3,2,2
18047,PAYLESS DOLLAR PLUS INC,2,2,0,1,1
18048,PAYLESS FOOD & TOBACCO,7,2,5,6,1
18049,PAYLESS GROCERY & FAST FOOD,7,3,4,5,2
18050,PAYLESS WINE & SPIRITS,5,2,3,3,2
18051,"PAYTON, WALTER (H/S)",20,6,14,9,11
18052,PAZZA PIZZA,8,1,7,6,2
18053,PAZZO'S,24,5,19,9,15
18054,PAZZO'S CUCINA ITALIANA,31,16,15,13,18
18055,PAZZO'S EXPRESS,2,1,1,1,1
18056,PB&J PIZZA BEER & JUKEBOX,4,0,4,4,0
18057,PEACE & ED COALITION  (BIG PICTURE),18,8,10,3,15
18058,PEACE INFANTS AND TODDLER CENTER,13,8,5,4,9
18059,PEACE OF MINE DESSERT AND SPECIALTY SHOP,5,0,5,4,1
18060,"PEACE OF PIZZA, LLC",2,0,2,2,0
18061,PEACH TREE ACADEMY,4,1,3,2,2
18062,PEACH'S ON 47TH,20,8,12,11,9
18063,PEACHES,18,7,11,5,13
18064,PEACHTREE EDUCATIONAL DAYCARE INCORPORATED,19,6,13,8,11
18065,PEACHTREE NURSERY AND LEARNING CENTER II INC.,14,7,7,5,9
18066,"PEACHTREE NURSERY AND LEARNING CENTER, INC.",13,5,8,2,11
18067,PEANUT PARK TRATTORIA,11,5,6,5,6
18068,"PEAPOD, LLC.",3,1,2,3,0
18069,PEAR CHEF,10,4,6,5,5
18070,PEARL TAVERN,8,1,7,5,3
18071,PEARL'S PLACE,18,10,8,7,11
18072,PEARL'S SOUTHERN COMFORT,16,5,11,7,9
18073,PECK EARLY CHILDHOOD CENTER,11,4,7,4,7
18074,PECK ELEMENTARY SCHOOL,20,10,10,5,15
18075,PECKING ORDER,6,2,4,3,3
18076,PEDESTRIAN COFFEE,5,1,4,3,2
18077,PEDRO MORALES,3,2,1,1,2
18078,"PEELED, INC.",2,0,2,2,0
18079,"PEELED,INC.",5,4,1,3,2
18080,PEEPLES TACO'S,35,13,22,16,19
18081,"PEERLESS BREAD & JAM, INC",5,1,4,3,2
18082,PEERLESS TRADING CORP,2,0,2,1,1
18083,PEET ' S COFFEE & TEA,5,3,2,2,3
18084,PEET'S COFFEE & TEA,87,28,59,47,40
18085,PEGASUS,10,6,4,2,8
18086,PEGASUS ON THE FLY,25,9,16,8,17
18087,PEGASUS PROTEIN BAR,3,0,3,3,0
18088,PEGASUS RESTAURANT & TAVERNA,15,6,9,5,10
18089,PEGGY NOTEBAERT NATURE  MUSEUM,2,0,2,0,2
18090,PEI WEI ASIAN DINER,12,7,5,6,6
18091,PEI WEI ASIAN MARKET,9,2,7,4,5
18092,PEIRCE (BOARD OF EDUCATION),22,10,12,8,14
18093,PEKE'S POZOLE,14,4,10,7,7
18094,PEKIN HOUSE CORP,5,1,4,3,2
18095,PEKING CHINESE FOOD,18,9,9,11,7
18096,PEKING CHINESE FOOD INC,15,6,9,8,7
18097,PEKING CHINESE KITCHEN,15,4,11,9,6
18098,PEKING MANDARIN RESTAURANT,25,11,14,12,13
18099,PELAGO,15,6,9,5,10
18100,PELLY'S LIQUORS,2,2,0,1,1
18101,"PELMENI, LLC",4,0,4,3,1
18102,"PENDRY CHICAGO, HOTEL",18,5,13,12,6
18103,PENELOPE'S VEGAN TAQUERIA,5,1,4,2,3
18104,PENELOPE'S VEGAN TAQUERIA #2,3,1,2,0,3
18105,"PENINSULA CHICAGO, LLC",59,24,35,11,48
18106,"PENINSULA CHICAGO,LLC",25,10,15,11,14
18107,PENNINGTON'S FOOD AND SNACKS,4,1,3,3,1
18108,PENNY PANTRY,4,2,2,2,2
18109,PENNY PROFIT STORE,2,0,2,1,1
18110,PENNY'S NOODLE SHOP,23,7,16,10,13
18111,PENNY'S NOODLES SHOP,11,5,6,4,7
18112,PENNY'S ROSCOE,8,2,6,3,5
18113,PENUMBRA RESTAURANT AND WINE BAR,14,6,8,7,7
18114,PEOPLES CHOICE GROCER,3,1,2,1,2
18115,PEOPLES CHURCH OF CHICAGO,2,1,1,1,1
18116,PEORIA PACKING LTD,13,7,6,2,11
18117,PEPE TACO,28,15,13,13,15
18118,PEPE'S,16,11,5,5,11
18119,PEPE'S # 2 FOOD & LIQUOR,4,2,2,2,2
18120,PEPE'S MEXICAN FOOD,14,3,11,8,6
18121,PEPE'S MEXICAN RESTAURANT,101,43,58,30,71
18122,PEPE'S MEXICAN RESTAURANT OF SOUTH CHICAGO,3,3,0,1,2
18123,PEPE'S MEXICAN RESTAURANTS,20,9,11,4,16
18124,PEPE'S RESTAURANT,20,11,9,9,11
18125,PEPE'S TACO,20,10,10,11,9
18126,PEPE'S TACOS,4,3,1,1,3
18127,PEPES MEXICAN  MEXICAN RESTAURANT,17,11,6,4,13
18128,PEPES MEXICAN RESTAURANT,15,9,6,4,11
18129,PEPES RESTAURANT,11,5,6,7,4
18130,PEPPERINO PIZZERIA,12,5,7,5,7
18131,PEPSI-COLA GENERAL BOTTLERS INC,2,0,2,1,1
18132,PEQUENOS GIANTS ACADEMY CHILD CARE CENTER LLC,5,2,3,2,3
18133,PEQUOD'S PIZZA,31,7,24,13,18
18134,PERA TURKISH KITCHEN AND BAR,5,1,4,5,0
18135,"PEREJIL RESTAURANT, INC.",4,1,3,3,1
18136,PERENNIAL,16,7,9,11,5
18137,PEREZ MEXICAN FOOD,15,5,10,7,8
18138,PEREZ RESTAURANT,12,2,10,6,6
18139,"PEREZ, INC",11,4,7,5,6
18140,PERFECT BEGINNINGS CHILD DEVELOPMENT CENTER,29,12,17,8,21
18141,"PERFECT TJA, INC.",16,8,8,8,8
18142,"PERILLI'S PIZZA, INC",5,3,2,2,3
18143,PERK UP INC.,2,1,1,1,1
18144,PERKINS MANAGEMENT SERVICES COMPANY,14,3,11,9,5
18145,PERKS,3,0,3,1,2
18146,PERLA TAPATIA,4,2,2,3,1
18147,PERRY'S DELI,13,4,9,8,5
18148,"PERRYS FOOD STORE, INC.",14,3,11,11,3
18149,PERSHING CENTER,7,3,4,2,5
18150,PERSHING MAGNET EAST,5,3,2,1,4
18151,PERSHING MAGNET SCHOOL,18,12,6,3,15
18152,PERSONA,4,4,0,3,1
18153,PERSONA WOOD FIRE PIZZERIA,11,2,9,7,4
18154,PERSPECTIVES MATH & SCIENCE,4,2,2,2,2
18155,PERU CRIOLLO RESTAURANT,5,1,4,3,2
18156,PERUVIAN CORNER MARKET,2,0,2,1,1
18157,PERYAM & KROLL RESEARCH CORP,9,3,6,3,6
18158,"PESCADERIA LOS HERMANOS ERK 1,INC",5,1,4,2,3
18159,PESCADERIA LOS HERMANOS ERK INC,7,3,4,3,4
18160,PESCADERO,7,2,5,4,3
18161,PETE BOY'S,5,0,5,3,2
18162,PETE THE GREEK RESTAURANT,4,2,2,2,2
18163,PETE THE GREEKS REST,2,2,0,1,1
18164,PETE'S,9,2,7,8,1
18165,PETE'S  PIZZA & BAKEHOUSE,27,11,16,14,13
18166,PETE'S FOOD AND LIQUOR,5,1,4,3,2
18167,PETE'S FRESH MARKET,48,20,28,23,25
18168,PETE'S FRESH MARKET #2,4,3,1,2,2
18169,PETE'S FRESH MARKET #5,41,13,28,18,23
18170,PETE'S FRESH SUPERMARKET,42,18,24,19,23
18171,PETE'S GRILL,22,12,10,14,8
18172,PETE'S ITALIAN BEEF LLC 1500,5,1,4,3,2
18173,PETE'S MARKET,27,12,15,8,19
18174,PETE'S MARKET #3,9,2,7,6,3
18175,PETE'S MARKET #4,24,13,11,9,15
18176,PETE'S MART,2,1,1,1,1
18177,PETE'S MEAT & GROCERY#2,17,7,10,9,8
18178,PETE'S MEAT MARKET INC.,4,0,4,3,1
18179,PETE'S PIZZA,20,5,15,10,10
18180,PETE'S PIZZERIA,21,8,13,10,11
18181,PETE'S PLACE,17,8,9,6,11
18182,PETE'S PRODUCE,88,48,40,15,73
18183,PETE'S QUALITY MEATS,13,7,6,6,7
18184,PETER A REINBERG ELEMENTARY,20,10,10,6,14
18185,PETER RUBI MARKET,3,0,3,3,0
18186,"PETERS FRUIT MARKET,INC",3,2,1,2,1
18187,PETERSON BP,5,3,2,3,2
18188,PETERSON CITGO,4,2,2,1,3
18189,PETERSON ELEMENTARY SCHOOL,25,8,17,10,15
18190,PETERSON FOOD MART,8,4,4,4,4
18191,PETERSON PK HEALTH CARE CENTER,16,4,12,7,9
18192,PETES ITALIAN BEEF,2,1,1,1,1
18193,PETES PIZZA NO 2,4,1,3,1,3
18194,PETEY'S,18,4,14,12,6
18195,PETITE PITA,13,5,8,8,5
18196,PETRA GROCERY,2,1,1,1,1
18197,"PETRA MINI MART, INC.",14,5,9,10,4
18198,PETTERINO'S,6,1,5,1,5
18199,PETTERINO'S /  DO RITE DONUTS,35,19,16,12,23
18200,PH - HI CAFE,2,0,2,1,1
18201,"PHASE 1, EARLY CHILDCARE CENTER, INC.",12,5,7,7,5
18202,PHAST FOOD MART,2,1,1,1,1
18203,PHAT BURRITO INC.,5,1,4,3,2
18204,PHEOMTHAWEE INC.,14,3,11,7,7
18205,PHIL MART ONE STOP SHOP,3,1,2,1,2
18206,PHIL STEFANI SIGNATURE EVENTS,14,7,7,4,10
18207,PHIL'S KASTLE,9,4,5,2,7
18208,PHIL'S LAST STAND,11,6,5,5,6
18209,PHIL'S PIZZA,14,3,11,10,4
18210,PHIL'S PIZZA D'ORO,29,8,21,16,13
18211,PHILLIP 66,5,0,5,3,2
18212,PHILLIP'S ICE CREAM,10,1,9,8,2
18213,PHILLIPINE ISLAND CUISINE,2,0,2,2,0
18214,PHILLIPS 66,19,7,12,12,7
18215,PHILLIPS ACADEMY (H/S),20,9,11,5,15
18216,PHILLIPS QUICK STOP,3,1,2,2,1
18217,PHILLY BROS,17,7,10,12,5
18218,PHILLY GYROS CHICKEN AND SUB,6,1,5,2,4
18219,PHILLY STEAK AND FRESH LEMONADE,8,5,3,4,4
18220,PHILLY STEAKS,7,3,4,3,4
18221,PHILLY'S  ORIGINAL,3,3,0,1,2
18222,PHILLY'S BEST,69,32,37,39,30
18223,PHILLY'S BEST EXPRESS,9,2,7,6,3
18224,PHILLYS ORIGINAL,8,3,5,5,3
18225,PHILS PIZZA OF BRIDGEPORT INC,16,4,12,9,7
18226,"PHILY SUB, INC.",5,3,2,2,3
18227,PHILZ COFFEE,11,1,10,6,5
18228,"PHILZ COFFEE, INC",6,1,5,5,1
18229,PHLAVZ BAR & GRILLE,14,4,10,8,6
18230,PHLOUR BAKERY AND CAFE,13,4,9,7,6
18231,PHLOUR DINER,2,1,1,1,1
18232,PHO 55 NOODLE AND GRILL INC.,6,3,3,1,5
18233,PHO 777 RESTAURANT,27,10,17,14,13
18234,PHO 888,26,7,19,13,13
18235,PHO AND SANDWICH SHOP,3,1,2,2,1
18236,PHO CAFE,13,5,8,8,5
18237,PHO CITI & SANDWICH,3,1,2,2,1
18238,PHO HUNG,16,5,11,9,7
18239,PHO LE 777,6,2,4,3,3
18240,PHO LILY,15,4,11,9,6
18241,PHO LOAN RESTAURANT,12,5,7,7,5
18242,PHO NAM LUA,13,7,6,6,7
18243,PHO NO.1 BREWING CO.VIETNAMESE NOODLE & CRAFT BEER,4,1,3,4,0
18244,PHO NUMBER 1- VIETNAMESE CUISINE LLC,18,4,14,9,9
18245,PHO NUMBER 9 VIETNAMESE RESTAURANT & DELI INC,6,2,4,6,0
18246,PHO SPICIER THAI,11,3,8,6,5
18247,PHO TAU BAY,5,3,2,2,3
18248,PHO UPTOWN,6,0,6,5,1
18249,PHO VIET,27,13,14,16,11
18250,PHO XE LUA,23,10,13,11,12
18251,PHO XE TANG RESTAURANT,7,3,4,3,4
18252,PHO'S THAI CUISINE,23,7,16,12,11
18253,PHODEGA,9,1,8,4,5
18254,PHOEBE A HEARST ELEMENTARY SCHOOL,20,5,15,8,12
18255,PHOEBE'S BAKERY & ESPRESSO BAR,3,2,1,2,1
18256,PHOEBE'S CUPCAKES,3,1,2,1,2
18257,PHOENIX FOOD & LIQUOR INC,7,0,7,4,3
18258,PHOENIX RESTAURANT,32,12,20,15,17
18259,PHOENIX RESTAURANT OF IL.L.L.C,22,8,14,10,12
18260,PHOENIX SOY LLC,11,4,7,8,3
18261,PHONE TECH,4,0,4,3,1
18262,PHOS THAI,19,8,11,11,8
18263,PHYSICAL THERAPHY AND COSMETOLOGY INTEGRATED(PTCI),6,2,4,3,3
18264,PI-HI PIZZA CAFE,6,4,2,2,4
18265,PI18EN,7,1,6,5,2
18266,PIATTO PRONTO,19,6,13,10,9
18267,PIAZZA BELLA OSTERIA,30,13,17,19,11
18268,PIAZZA BELLA TRATTORIA,6,2,4,2,4
18269,PIAZZA CAFE,5,1,4,4,1
18270,PIC & PAY,3,1,2,2,1
18271,PICANTE TAQUERIA,21,5,16,10,11
18272,PICANTE'S AUTHENTACO,7,1,6,4,3
18273,PICAZO'S TACO & FAST FOOD,7,0,7,6,1
18274,PICAZO'S TACO & FAST FOOD INC.,7,4,3,4,3
18275,PICAZOS MEXICAN GRILL,7,1,6,5,2
18276,PICCADILLY TEA,3,0,3,1,2
18277,PICCOLO,21,9,12,7,14
18278,PICCOLO MONDO CAFE,17,9,8,8,9
18279,PICCOLO SOGNO,14,4,10,5,9
18280,PICK ME UP CAFE,23,7,16,11,12
18281,PICK ME UP MART,2,0,2,2,0
18282,PICK N MOVE FOOD MART,3,0,3,2,1
18283,PICKARD ELEMENTARY,19,6,13,9,10
18284,PICKLES PLAYROOM,10,5,5,2,8
18285,PICKWICK COFFEE ROASTING CO,4,1,3,2,2
18286,PICNIC,11,5,6,7,4
18287,PICNIC WINE & PROVISIONS,8,1,7,8,0
18288,PICOSITO GRILL,4,0,4,4,0
18289,PICOSITO GRILL-BAR,16,4,12,8,8
18290,PIDE VE LAHMACUN,8,4,4,1,7
18291,PIE CAFE,18,7,11,8,10
18292,"PIE CAFE, LLC",22,10,12,11,11
18293,PIE GUYS BAKERY AND CAFE INC.,3,1,2,1,2
18294,PIE HOLE,2,1,1,2,0
18295,PIE HOLE PIZZA JOINT,10,3,7,5,5
18296,PIE LIFE,2,1,1,0,2
18297,PIE-EYED PIZZERIA,9,7,2,2,7
18298,PIECE,20,9,11,9,11
18299,PIECE OUT,16,11,5,5,11
18300,PIED PIPER PARTIES & PLAYSCHOOL,5,2,3,1,4
18301,PIER 31,4,1,3,4,0
18302,PIER 37,4,2,2,2,2
18303,PIERCE TOWERS CAFETERIA,6,2,4,3,3
18304,PIEROGI CRIB,3,0,3,2,1
18305,"PIEROGI HEAVEN, INC",7,3,4,1,6
18306,"PIEROGI HEAVEN, INC.",15,5,10,5,10
18307,PIEROGI KITCHEN,2,1,1,1,1
18308,PIEROGI SQUAD,2,1,1,1,1
18309,PIEROGI STREET,8,5,3,3,5
18310,PIEROGI WAGON,9,3,6,5,4
18311,PIERRE'S BAKERY,12,4,8,4,8
18312,PIERRE'S II BAKERY,5,3,2,2,3
18313,PIERRES CATERING,5,2,3,3,2
18314,PIEZANO'S LTD,15,7,8,2,13
18315,PIEZANO'S PIZZA & GRINDER CO,13,8,5,1,12
18316,PIGGYBACK,6,2,4,3,3
18317,PIGGYBACK BBQ,5,0,5,4,1
18318,PIHI CORPORATION,7,2,5,3,4
18319,PIKO STREET KITCHEN,10,4,6,6,4
18320,"PILATES AND COFFEE, LLC",4,2,2,1,3
18321,PILL HILL DEVELOPMENT CENTER,18,8,10,11,7
18322,PILLARS SOCIAL CAFE,4,1,3,3,1
18323,PILOT PROJECT,13,4,9,12,1
18324,PILOTWORKS CHICAGO,2,1,1,1,1
18325,PILSEN BREAKFAST & GRILL,12,3,9,9,3
18326,PILSEN ELEMENTARY,23,12,11,9,14
18327,PILSEN FOOD PANTRY,2,0,2,1,1
18328,PILSEN MODULAR,10,7,3,2,8
18329,PILSEN RENEWAL CENTER,2,1,1,1,1
18330,PILSEN SENIOR CENTER,14,8,6,4,10
18331,PILSEN TOBACCO & CONVENIENCE STORE,2,1,1,1,1
18332,PILSEN YARDS,7,3,4,4,3
18333,"PILSEN'S ITALIAN ICE, INC.",4,0,4,3,1
18334,PILSEN'S MINI MART,3,2,1,1,2
18335,PINA BAKERY,4,1,3,4,0
18336,PINATAS FANY,2,1,1,2,0
18337,PINCH SPICE MARKET,2,1,1,1,1
18338,PINCHED,9,1,8,7,2
18339,PINCHES TACOS Y MICHOACANA INC,7,3,4,4,3
18340,PINEDA'S BAKERY,10,4,6,4,6
18341,PINEDAS TACOS,4,3,1,1,3
18342,PING PONG,21,6,15,12,9
18343,PINI PICO COFFEE CO,5,0,5,4,1
18344,"PINITA FOOD, INC",3,0,3,2,1
18345,PINK KROKODILE CAFE,25,7,18,14,11
18346,PINK MONKEY / NEW YORK STRIP,21,6,15,16,5
18347,PINK PONY,12,2,10,7,5
18348,PINK SQUIRREL,8,2,6,4,4
18349,PINK TACO,13,2,11,7,6
18350,PINK TOWER MONTESSORI SCHOOL,10,3,7,5,5
18351,PINK'S CHILD CARE ACADEMY III,14,5,9,6,8
18352,"PINK'S CHILD CARE ACADEMY, LTD.",11,6,5,3,8
18353,PINKBERRY - STATE STREET SERIES,13,1,12,4,9
18354,PINKBERRY - WELLS ST,8,3,5,4,4
18355,PINKS CHILD CARE ACADEMY  II,18,6,12,8,10
18356,PINKY'S MINI MART,5,1,4,4,1
18357,PINKYS RESTAURANT,21,11,10,6,15
18358,PINOCCHIO CHILD CARE,17,5,12,3,14
18359,PINOCCHIO'S  PIZZA,5,1,4,4,1
18360,PINOCCHIOS PIZZA & WINGS,4,2,2,2,2
18361,PINOT'S PALETTE- WEST LOOP,2,1,1,1,1
18362,PINSTRIPES,18,8,10,9,9
18363,PINT,22,7,15,12,10
18364,PIONEER,2,0,2,2,0
18365,PIONEER FOOD AND LIQUOR,8,3,5,5,3
18366,PIONEER GARDENS,17,7,10,4,13
18367,PIONEER LIQUOR,2,0,2,2,0
18368,PIPEWORKS PRODUCTION,3,0,3,2,1
18369,PIPPINS TAVERN,7,2,5,4,3
18370,PIRANAHS FISH & CHICKEN INC,5,1,4,3,2
18371,PIRATES FISH & CHICKEN,3,1,2,2,1
18372,PIRIE FINE ARTS ACADEMY,18,7,11,4,14
18373,PISA PIZZA,3,2,1,1,2
18374,PISOLINO,11,4,7,5,6
18375,PISTA HOUSE HALEEM,3,1,2,2,1
18376,PISTORES PIZZA & PASTRY,3,1,2,2,1
18377,PISYANG SNACKS,5,3,2,3,2
18378,PIT STOP LOUNGE,2,1,1,1,1
18379,PITA BITE,5,1,4,2,3
18380,"PITA CAFE, INC.",8,2,6,4,4
18381,PITA EXPRESS,20,6,14,10,10
18382,PITA EXPRESS KITCHEN INC.,2,0,2,1,1
18383,PITA EXPRESS LLC,5,1,4,3,2
18384,PITA GRILL,20,7,13,10,10
18385,PITA HEAVEN,26,10,16,15,11
18386,PITA HEAVEN OF CHICAGO,3,1,2,3,0
18387,"PITA KABAB, INC.",22,8,14,11,11
18388,PITA O' GRILLE,8,1,7,5,3
18389,PITA PARLOR,5,0,5,5,0
18390,PITA PIT,13,3,10,7,6
18391,PITA PITA MEDITERRANEAN GRILL,5,3,2,2,3
18392,PITA PUFF II INC.,4,2,2,2,2
18393,PITA QUEEN,2,1,1,1,1
18394,PITA XPRESS GRILL,4,1,3,3,1
18395,PITABELLY,9,1,8,6,3
18396,"PITALICIOUS, INC.",5,0,5,3,2
18397,PITCHFORK FOOD & SALOON,25,7,18,13,12
18398,"PITTMASTER, LLC/WRIGLEY BBQ",5,2,3,2,3
18399,PITTSFIELD CAFE,24,11,13,11,13
18400,PIZANO,11,2,9,6,5
18401,PIZANO'S,16,8,8,6,10
18402,PIZANO'S PIZZA & PASTA,25,13,12,15,10
18403,PIZANO'S PIZZA & PASTA EXPRESS,22,6,16,12,10
18404,PIZANO'S PIZZA & PASTA ON LINCOLN,7,3,4,3,4
18405,PIZANO'S PIZZA AND PASTA SOUTH,13,5,8,4,9
18406,PIZZ-A-CAKE INCORPORATED,4,0,4,2,2
18407,PIZZA   MANIA 2,26,10,16,17,9
18408,PIZZA & GRILL ZONE,4,3,1,3,1
18409,PIZZA BOY,6,0,6,4,2
18410,PIZZA BY ALEX,2,0,2,2,0
18411,PIZZA BY GENEO,15,2,13,7,8
18412,PIZZA BY GENEO'S INC.,3,1,2,2,1
18413,PIZZA CANTINA,5,2,3,3,2
18414,PIZZA CAPRI,67,30,37,36,31
18415,PIZZA CASTLE,9,3,6,4,5
18416,PIZZA DELI,4,2,2,2,2
18417,PIZZA FRESCA,4,1,3,1,3
18418,PIZZA FRIED CHICKEN ICE CREAM,12,6,6,9,3
18419,PIZZA GIORNOS,5,2,3,2,3
18420,"PIZZA GIORNOS, INC.",4,1,3,2,2
18421,PIZZA HUT,185,70,115,100,85
18422,PIZZA HUT # 35190,9,4,5,8,1
18423,PIZZA HUT #034139,3,0,3,2,1
18424,PIZZA HUT #405039,3,0,3,1,2
18425,PIZZA HUT #405100,13,8,5,3,10
18426,PIZZA HUT #405192,11,7,4,4,7
18427,PIZZA HUT #714390,8,3,5,4,4
18428,PIZZA HUT #714393,11,5,6,4,7
18429,PIZZA HUT 317246,2,1,1,1,1
18430,PIZZA HUT 317247,4,1,3,2,2
18431,PIZZA HUT 317248,2,1,1,1,1
18432,PIZZA HUT 317249,3,0,3,1,2
18433,PIZZA HUT 317252,4,2,2,2,2
18434,PIZZA HUT 317253,2,1,1,1,1
18435,PIZZA HUT 317255,4,0,4,3,1
18436,PIZZA HUT 317256,4,1,3,3,1
18437,PIZZA HUT EXPRESS,7,3,4,4,3
18438,PIZZA HUT RESTAURANT,27,8,19,13,14
18439,PIZZA HUT SLICE BAR,10,1,9,5,5
18440,PIZZA IMPERIO,6,1,5,5,1
18441,PIZZA KITCHEN,2,1,1,2,0
18442,PIZZA LOBO,11,4,7,3,8
18443,PIZZA MATTA,2,0,2,1,1
18444,PIZZA MAYA,2,0,2,1,1
18445,PIZZA METRO II,7,2,5,3,4
18446,PIZZA MIA MIA,5,1,4,4,1
18447,PIZZA NOSTRA CHICAGO,2,1,1,2,0
18448,PIZZA NOVA,18,9,9,5,13
18449,PIZZA NOVA EXPRESS,41,21,20,6,35
18450,PIZZA NOVA INC,28,14,14,11,17
18451,PIZZA ONE CHICAGO,2,0,2,2,0
18452,PIZZA PERSONA,4,2,2,2,2
18453,PIZZA QUE,6,2,4,3,3
18454,"PIZZA RIA FINANCIAL, LLC",2,0,2,2,0
18455,PIZZA RIBS & THINGS,6,3,3,5,1
18456,"PIZZA RUSTICA, INC",22,9,13,12,10
18457,PIZZA STUDIO,10,2,8,6,4
18458,PIZZA TANGO INC,22,11,11,6,16
18459,PIZZA VINO,8,4,4,3,5
18460,PIZZA WINGS AND THINGS INC.,3,1,2,2,1
18461,PIZZA Y PAN  PA' YA CORP.,10,4,6,5,5
18462,PIZZA-METRO,17,7,10,6,11
18463,PIZZA4U,2,0,2,1,1
18464,PIZZACO'S ITALIAN EATERY,6,2,4,3,3
18465,"PIZZALIANOS, INC.",10,4,6,5,5
18466,PIZZARO'S,5,0,5,3,2
18467,PIZZERIA AND RESTAURANT ANTHONY,9,5,4,3,6
18468,PIZZERIA AROMA,23,5,18,13,10
18469,PIZZERIA BEBU,2,1,1,0,2
18470,PIZZERIA BRANDI,15,7,8,8,7
18471,PIZZERIA BY ALEX,5,1,4,4,1
18472,PIZZERIA CALZONE,15,7,8,4,11
18473,PIZZERIA DA NELLA,14,6,8,8,6
18474,PIZZERIA DEEPO,17,7,10,15,2
18475,PIZZERIA DEL MERCATO,12,6,6,8,4
18476,PIZZERIA DUE,36,22,14,12,24
18477,PIZZERIA FLORA,2,0,2,2,0
18478,PIZZERIA LAS BRASAS,2,0,2,1,1
18479,"PIZZERIA MILAN, INCORPORATED",9,4,5,3,6
18480,PIZZERIA NELLA,2,0,2,2,0
18481,PIZZERIA ORA,18,9,9,6,12
18482,PIZZERIA ORD,8,3,5,4,4
18483,PIZZERIA PORTOFINO,6,1,5,1,5
18484,PIZZERIA SONO,12,5,7,3,9
18485,PIZZERIA UNO,6,3,3,1,5
18486,PIZZERIA UNO CHICAGO BAR & GRILL,21,6,15,7,14
18487,"PIZZERIA Y RESTAURANTE RITMO KTRACHO,INC.",3,0,3,1,2
18488,PJ PIZZA COMPANY 1 DBA PAPA JOHNS,6,2,4,3,3
18489,PJ'S FISH & CHICKEN,6,2,4,3,3
18490,PJ'S PANTRY,5,1,4,4,1
18491,PK'S PANTRY,4,1,3,2,2
18492,PL Lounge,30,7,23,20,10
18493,PLAID ACADEMY,2,1,1,1,1
18494,PLAMONDON ELEMENTARY,17,7,10,6,11
18495,PLAN B CHICAGO,3,1,2,2,1
18496,PLAN CLUB 100,3,2,1,3,0
18497,PLANT BASED JUNKIE,5,1,4,4,1
18498,PLANTA QUEEN,2,1,1,1,1
18499,PLANTASTIC LLC,3,1,2,2,1
18500,PLATINUM,9,1,8,7,2
18501,PLATINUM COFFEE INC/DUNKIN DONUT BASKIN ROBBINS,6,1,5,5,1
18502,PLATINUM STAR,3,2,1,1,2
18503,PLATO LEARNING ACADEMY # 2,9,2,7,3,6
18504,PLATO LEARNING CENTER,21,11,10,4,17
18505,PLAY 18,2,1,1,1,1
18506,"PLAY A DEL MAR, INC",3,0,3,2,1
18507,"PLAY DOE ACADEMY, INC.",2,1,1,1,1
18508,PLAY KITCHEN & COCKTAILS,15,3,12,10,5
18509,"PLAYA ESCONDIDA RESTAURANT, INC.",11,4,7,5,6
18510,PLAYAS NAYARITAS 2,10,4,6,5,5
18511,PLAZA CAFE,13,5,8,5,8
18512,PLAZA FOOD,3,1,2,2,1
18513,PLAZA FOOD & LIQUOR,6,2,4,3,3
18514,PLAZA FOOD AND LIQUOR,4,2,2,2,2
18515,PLAZA LOUNGE,3,1,2,2,1
18516,PLAZZIO RESTUARANT,10,4,6,4,6
18517,"PLAZZIO'S PIZZA RESTAURANT, INC.",4,2,2,2,2
18518,PLEASANT HOUSE BAKERY,17,6,11,6,11
18519,PLEASANT HOUSE PUB,9,2,7,5,4
18520,PLEIN AIR,16,6,10,8,8
18521,PLENTY CHINESE RESTAURANT,18,9,9,6,12
18522,PLENTY GOODS,2,1,1,1,1
18523,PLENTY GROCERY DELI,2,0,2,1,1
18524,PLUM CATERING INC,12,4,8,4,8
18525,PLUM MARKET,25,9,16,7,18
18526,PLUSH PUP,16,7,9,4,12
18527,PLUSH-CHICAGO,6,2,4,3,3
18528,PLYMOUTH RESTAURANT,24,11,13,10,14
18529,PLZEN,13,4,9,7,6
18530,"PM WINE & SPIRITS,INC",6,1,5,4,2
18531,PMA MCD INC,15,8,7,3,12
18532,PO BOY EXPRESS,6,2,4,3,3
18533,POAG MAHONE'S,16,7,9,6,10
18534,POC CHUC,3,0,3,2,1
18535,POCHOS,9,1,8,5,4
18536,POCKETS,89,45,44,32,57
18537,POCKETS HYDE PARK,11,4,7,6,5
18538,PODHALANKA RESTAURANT,13,6,7,4,9
18539,POINT & FEATHER CHICAGO,3,0,3,2,1
18540,POKE BAR,4,1,3,3,1
18541,POKE BOWL CO,6,2,4,2,4
18542,POKE BURRITO,21,4,17,12,9
18543,POKE GU,4,1,3,1,3
18544,POKE OKIE,2,0,2,1,1
18545,POKE POKE,41,15,26,22,19
18546,POKEWORKS CHICAGO,5,0,5,4,1
18547,POKEWORKS CHICAGO 2,8,3,5,7,1
18548,POKIOLOGY,22,7,15,15,7
18549,POKIOLOGY ROSCOE,8,2,6,5,3
18550,POL-MART DELI INC,5,2,3,3,2
18551,POLAK EATERY,3,0,3,2,1
18552,POLANCO CLASSIC LATINO STEAKHOUSE,12,4,8,7,5
18553,POLARIS CHARTER ACADEMY,14,8,6,5,9
18554,POLARIS CLUB,7,2,5,4,3
18555,POLISH FOOD,11,3,8,2,9
18556,POLISH HIGHLANDERS ALLIANCE,20,7,13,11,9
18557,"POLISH HOUSE. LUNCH, DINNER & SPECIALS LLC",5,1,4,3,2
18558,"POLISH PACZKI CAFE,LLC.",11,5,6,8,3
18559,POLITAN ROW,8,2,6,6,2
18560,POLK & WESTERN HOT DOG STAND,6,2,4,3,3
18561,POLK & WESTERN INC,6,3,3,2,4
18562,POLK STREET BAR,2,1,1,1,1
18563,POLK STREET CO.,23,6,17,14,9
18564,POLKA SAUSAGE,6,3,3,3,3
18565,POLKA SAUSAGE & DELI,7,3,4,3,4
18566,POLLERIA SALTO,6,2,4,4,2
18567,POLLITOS GRILL & ROTISSERIE,6,4,2,1,5
18568,POLLO ASADO INC,13,4,9,7,6
18569,POLLO CAMPERO,40,15,25,20,20
18570,POLLO CHRIS CHRIS,3,0,3,3,0
18571,POLLO EXPRESS,16,5,11,8,8
18572,POLLO EXPRESS PILSEN,2,0,2,1,1
18573,POLLO FELIZ,29,7,22,19,10
18574,POLLOS DON NENY,8,3,5,3,5
18575,POLO CAFE AND CATERING BRIDGEPORT U.S.A.,14,11,3,3,11
18576,POLOMBIA,2,1,1,1,1
18577,POLONIA,22,7,15,12,10
18578,POLONIA FOOD & LIQUOR,5,1,4,2,3
18579,"POLONIA FOOD &LIQUOR,INC",8,2,6,4,4
18580,POLONIA FOOD MART,3,0,3,2,1
18581,POLPETTI,6,1,5,6,0
18582,POLPETTI ESPRESSO BAR,6,3,3,2,4
18583,POLYGON CAFE,20,9,11,9,11
18584,POLYNESIAN VILLAGE,15,6,9,9,6
18585,POMERA BAKERY,17,7,10,10,7
18586,POMP & CIRCUMSTANCE,22,6,16,17,5
18587,POMPEI,18,7,11,13,5
18588,POMPEI BAKERY,25,11,14,13,12
18589,POMPEI ON SHEFFIELD,6,3,3,3,3
18590,POMPEI PRODUCE,7,0,7,5,2
18591,POMPEI TACOS LLC,2,0,2,2,0
18592,POMPEII EXPRESS,2,1,1,2,0
18593,POMPETTE,4,2,2,1,3
18594,PONCE,17,8,9,5,12
18595,PONCE PLACE,23,10,13,14,9
18596,PONCE RESTAURANT,16,7,9,10,6
18597,PONCITLAN #5,17,9,8,6,11
18598,PONCITLAN JALISCO RESTAURANT,4,2,2,2,2
18599,PONCITLAN RESTAURANT NO 2,3,1,2,2,1
18600,PONTE FRESCO,6,3,3,3,3
18601,PONZU SUSHI,14,6,8,7,7
18602,POOKIES FAST FOOD,2,1,1,1,1
18603,POOL TOGETHER PLACE,4,2,2,3,1
18604,POP SMOKE 2,2,0,2,2,0
18605,"POP THIS!, LLC",2,1,1,1,1
18606,"POP'S ITALIAN BEEF-OLDTOWN, CHICAGO",3,1,2,1,2
18607,POP'S PLACE FRIED RICE,14,7,7,6,8
18608,POP-EE'S MINI MART,6,2,4,6,0
18609,POP-N-PIZZA,11,4,7,5,6
18610,POPCORN ENTERTAINMENT,13,5,8,7,6
18611,POPCORN WORLD,2,0,2,1,1
18612,POPE FRANCIS GLOBAL ACADEMY,13,6,7,4,9
18613,POPE JOHN PAUL CATHOLIC,20,8,12,7,13
18614,POPEYE FAMOUS FRIED CHICKEN,21,11,10,5,16
18615,POPEYE'S,9,6,3,7,2
18616,POPEYE'S  # 866,22,8,14,14,8
18617,POPEYE'S #815,19,6,13,14,5
18618,POPEYE'S #831,37,12,25,29,8
18619,POPEYE'S #832,24,11,13,19,5
18620,POPEYE'S #846,13,4,9,10,3
18621,POPEYE'S #860,10,6,4,6,4
18622,POPEYE'S #861,12,6,6,3,9
18623,POPEYE'S #862,18,8,10,8,10
18624,POPEYE'S #863,8,3,5,4,4
18625,POPEYE'S #864,15,10,5,10,5
18626,POPEYE'S #865,8,2,6,4,4
18627,POPEYE'S #867,14,7,7,5,9
18628,POPEYE'S #868,6,4,2,3,3
18629,POPEYE'S #9104,13,9,4,5,8
18630,POPEYE'S CHICKEN,106,52,54,44,62
18631,POPEYE'S CHICKEN & BISCUITS,45,17,28,18,27
18632,POPEYE'S CHICKEN AND BISCUITS AND STEAK EXPRESS,8,2,6,2,6
18633,POPEYE'S CHICKEN RESTAURANT,10,5,5,3,7
18634,POPEYE'S FAMOUS FRIED CHICKEN,4,1,3,2,2
18635,POPEYE'S FRIED CHICKEN,89,45,44,21,68
18636,POPEYE'S LOUISIANA KITCHEN,3,1,2,1,2
18637,POPEYE'S#835,23,7,16,17,6
18638,POPEYES,171,75,96,71,100
18639,POPEYES # 12504,5,1,4,4,1
18640,POPEYES #2836,18,5,13,5,13
18641,POPEYES #2857,23,12,11,8,15
18642,POPEYES #865,5,2,3,4,1
18643,POPEYES CHICKEN,82,31,51,31,51
18644,POPEYES CHICKEN & BISCUITS,9,2,7,7,2
18645,POPEYES CHICKEN/INDIAN SWAAD,33,9,24,16,17
18646,POPEYES FAMOUS FRIED CHICKEN,43,15,28,14,29
18647,POPEYES FRIED CHICKEN,33,12,21,16,17
18648,POPEYES FRIED CHICKEN REST,20,8,12,4,16
18649,POPEYES LOUISIANA CHICKEN,10,3,7,7,3
18650,POPEYES LOUISIANA KITCHEN,25,11,14,9,16
18651,POPEYES/CHECKERS,7,1,6,4,3
18652,POPEYES/GOLD COAST DOGS,21,13,8,6,15
18653,POPPA P'S SNACK SHOP,8,2,6,6,2
18654,POPPERS,2,1,1,2,0
18655,"POPPIE'S DOUGH,INC",3,1,2,2,1
18656,POPPIES DOUGH OUTLET,5,1,4,4,1
18657,POPPIN DOUGH,8,3,5,3,5
18658,POPPIN NUTS,2,2,0,1,1
18659,POPPIN PANINI'S,2,1,1,1,1
18660,POPPIN POPCORN,3,2,1,2,1
18661,POPS  ITALIAN BEEF ON KEDZIE,10,6,4,1,9
18662,POPS FOR CHAMPAGNE,15,4,11,7,8
18663,POPS ITALIAN BEEF TWO,6,1,5,2,4
18664,POPUP DROPOFF,7,1,6,4,3
18665,PORANA,2,1,1,1,1
18666,PORETTA'S RESTAURANT,21,7,14,11,10
18667,PORK AND MINDY'S,11,7,4,6,5
18668,PORK CHOP,26,11,15,17,9
18669,PORK SHOPPE,24,14,10,11,13
18670,PORKCHOP,30,10,20,14,16
18671,PORKCHOP HYDE PARK,21,10,11,14,7
18672,PORKCHOP RESTAURANT AND BAR,7,3,4,5,2
18673,PORKCHOP/BIG & LITTLE'S,14,6,8,3,11
18674,PORRETTA'S RESTAURANT INC,14,9,5,7,7
18675,PORT & PARK BISTRO AND BAR,8,2,6,4,4
18676,PORTABLE-QUICK CONNECTION E09,4,1,3,1,3
18677,PORTAGE BAR AND GRILL,11,3,8,11,0
18678,PORTAGE GROUNDS COFFEE & TEA,13,3,10,7,6
18679,PORTAGE PARK,19,12,7,5,14
18680,PORTAGE PARK DAY NURSERY,20,10,10,4,16
18681,PORTAGE PARK FOOD + SPIRITS,7,2,5,5,2
18682,PORTAGE THEATER,14,3,11,10,4
18683,PORTER KITCHEN AND DECK,14,5,9,7,7
18684,PORTERS STEAK HOUSE,6,1,5,5,1
18685,PORTILLO'S HOT DOGS,82,33,49,33,49
18686,PORTO,7,4,3,5,2
18687,PORTO PIAZZA,4,0,4,4,0
18688,PORTOS PERI PERI,7,2,5,6,1
18689,POSITANO PIZZA,3,1,2,1,2
18690,POSITANO'S PIZZERIA,2,1,1,2,0
18691,POSITANOS PIZZA,17,9,8,5,12
18692,"POSITANOS RESTAURANT & PIZZA, INC.",28,10,18,16,12
18693,"POSITIVE ATTITUDES WORKING, INC.",15,6,9,4,11
18694,POSITIVE KID'S POSITIVE FUTURES LEARNING ACADEMY,12,1,11,6,6
18695,POSOLERIA DONA ESTHER,5,0,5,4,1
18696,POT PAN RESTAURANT,17,6,11,8,9
18697,POTASH BROS INC,28,7,21,15,13
18698,POTASH BROS. SUPERMARKET,29,10,19,18,11
18699,POTASH GOURMET 44,17,7,10,7,10
18700,POTATO POTATO,3,1,2,2,1
18701,POTBELLY SANDWICH  WORKS,20,7,13,11,9
18702,POTBELLY SANDWICH SHOP,95,42,53,33,62
18703,POTBELLY SANDWICH WORKS,330,129,201,115,215
18704,POTBELLY SANDWICH WORKS # 100,24,13,11,8,16
18705,POTBELLY SANDWICH WORKS # 102,22,10,12,7,15
18706,POTBELLY SANDWICH WORKS # 114,21,5,16,10,11
18707,POTBELLY SANDWICH WORKS LLC,366,152,214,119,247
18708,"POTBELLY SANDWICH WORKS, LLC",47,20,27,12,35
18709,POTSTICKER HOUSE INC.,31,14,17,14,17
18710,POTTER'S,14,7,7,3,11
18711,POWER DAY CARE CENTER,21,11,10,7,14
18712,POWER HOUSE HIGH,5,1,4,0,5
18713,POZOLERIA EL MEXICANO INC.,6,2,4,3,3
18714,POZOLERIA IGUALA IN CHICAGO #2 INC,3,0,3,1,2
18715,POZOLERIA IGUALA IN CHICAGO INC.,11,5,6,8,3
18716,POZOLERIA Y ANTOJITOS MARTHA INC.,7,1,6,4,3
18717,PR CAFETERIA INCORPORATED,5,3,2,2,3
18718,PR ITALIAN BISTRO,13,3,10,9,4
18719,PRAHEM INC.,3,1,2,2,1
18720,PRAIRIE AVENUE GALLERY,3,1,2,3,0
18721,PRAIRIE FIRE,6,2,4,3,3
18722,PRAIRIELAND MONTESSORI,29,7,22,10,19
18723,PRAIRIELAND MONTESSORI WICKER PARK,2,0,2,0,2
18724,PRAISE CHICAGO,2,0,2,1,1
18725,PRANZI,10,6,4,4,6
18726,PRASINO,8,4,4,5,3
18727,PRECIOUS INFANTS & TOTS LEARNING CENTER INC,7,4,3,4,3
18728,PRECIOUS LITTLE ONE'S LEARNING,3,2,1,2,1
18729,PRECIOUS LITTLE ONE'S LEARNING CENTER,20,4,16,8,12
18730,"PRECIOUS LITTLE ONE'S LEARNING CENTER, INC.",40,15,25,17,23
18731,PREFERRED PRIME MEAT COMPANY,2,1,1,1,1
18732,PREMIER CATERING & EVENTS,11,2,9,4,7
18733,"PREMIER CATERING & EVENTS, LLC.",3,0,3,3,0
18734,"PREMIER FOOD SERVICES, INC.",6,3,3,4,2
18735,PREMIER RESTAURANT GROUP,18,10,8,1,17
18736,PREMIER SCHOLASTIC PRESCHOOL,3,0,3,3,0
18737,PREMIER SCHOLASTIC PRESCHOOLS,10,2,8,5,5
18738,"PREMIUM FOOD MART, INC.",10,4,6,4,6
18739,PREMIUM PIZZA AND RESTAURANT INC.,7,3,4,5,2
18740,PREPPED N PLATED LLC,6,2,4,3,3
18741,PRESENCE CHICAGO HOSPITALS NETWORK,18,5,13,9,9
18742,PRESENCE OUR LADY OF THE RESURRECTION,11,2,9,6,5
18743,PRESENCE RESSURRECTION MEDICAL CENTER,30,10,20,17,13
18744,PRESENCE RESURRECTION MEDICAL CENTER,3,0,3,1,2
18745,PRESENCE SAINT ELIZABETH HOSPITAL,28,9,19,10,18
18746,PRESENCE SAINT MARY OF NAZARETH HOSPITAL,26,14,12,2,24
18747,PRESIDENTIAL MARKET INC,4,1,3,1,3
18748,PRESIDENTS' LOUNGE,3,0,3,1,2
18749,PRESS CAFE,13,6,7,1,12
18750,PRESSURE BILLIARDS,10,4,6,5,5
18751,PRESTIGE CHINESE FOOD,19,9,10,11,8
18752,PRESTIGE FOOD & LIQUOR,4,1,3,2,2
18753,"PRESTIGE FOOD MART, INC.",7,0,7,6,1
18754,PRESTIGE HOYNE LIQUOR,2,0,2,0,2
18755,PRESTIGE LIQUORS,18,9,9,9,9
18756,PRESTO,7,5,2,1,6
18757,PRET A MANAGER,8,1,7,5,3
18758,PRET A MANGER,127,61,66,34,93
18759,PRET A MANGER @UCHICAGO,7,4,3,1,6
18760,PRET ADAMS STREET INC.,5,2,3,2,3
18761,PRET-A-MANGER,11,7,4,2,9
18762,PRETTY COOL ICE CREAM,5,2,3,2,3
18763,PRETTY DONKEY COFFEE,5,2,3,4,1
18764,PRETTYBOY CAFE LLC,4,2,2,2,2
18765,PRICE,6,3,3,3,3
18766,"PRIDE ENTERNTAINMENT, LLC",6,0,6,6,0
18767,PRIDE OF CHICAGO,26,9,17,12,14
18768,PRIDE SUSHI AND THAI,18,11,7,6,12
18769,PRIMARY NIGHT CLUB,7,3,4,4,3
18770,PRIME & PROVISIONS,18,8,10,6,12
18771,PRIME BAR,19,8,11,11,8
18772,PRIME BY BUTLER,12,6,6,3,9
18773,PRIME FISH,16,3,13,10,6
18774,PRIME FISH AND HOAGY,2,0,2,1,1
18775,PRIME NOW LLC,5,3,2,0,5
18776,PRIME NUTRICION,2,0,2,1,1
18777,PRIME PIZZERIA,5,3,2,2,3
18778,PRIME TIME FOOD & LIQUOR 79TH,2,2,0,2,0
18779,PRIME TIME FOOD & LIQUORS 79TH,4,2,2,1,3
18780,PRIME TIME SNACKS,2,2,0,1,1
18781,PRIMO CHUKI'S TAQUERIA & RESTAURANT,7,4,3,3,4
18782,PRIMO PIZZA INC,24,9,15,12,12
18783,PRIMO'S CHICAGO PIZZA,9,3,6,8,1
18784,PRIMO'S DOLLAR & FOOD MART,3,2,1,2,1
18785,PRIMO'S PIZZA,8,3,5,5,3
18786,PRIMOS PIZZA,9,5,4,2,7
18787,PRIMROSE ACADEMY,4,1,3,2,2
18788,PRINCE 1,3,1,2,2,1
18789,PRINCE CREPERIE CAFE INC,4,0,4,3,1
18790,"PRINCE FOOD MARKET, INC",3,1,2,2,1
18791,PRINCE FOOD MART,10,2,8,5,5
18792,PRINCESS & KING LEARNING ACADEMY INC,2,1,1,2,0
18793,PRINCESS FOOD MART,7,1,6,3,4
18794,PRINCETON APARTMENTS GOLDEN DINER,16,8,8,5,11
18795,PRINCETON FOODS,5,0,5,3,2
18796,"PRINCETON REHABILITATION & HEALTH CARE, INC",4,2,2,2,2
18797,PRINCI,8,2,6,6,2
18798,PRINCI KITCHEN,6,1,5,2,4
18799,PRINTER'S ROW BREWING,2,1,1,2,0
18800,PRINTER'S ROW COFFEE COMPANY,2,0,2,1,1
18801,PRIORITY ENERGY LLC,2,0,2,2,0
18802,PRITZKER COLLEGE PREP,4,1,3,3,1
18803,PRIVILEGE,7,1,6,4,3
18804,PRODIGY CHILD LEARNING CENTER,14,7,7,2,12
18805,PRODIGY CHILD LEARNING CENTER ANNEX,10,5,5,5,5
18806,PROFESSIONAL FREEZING SERVICES,2,1,1,1,1
18807,PROGO,7,2,5,4,3
18808,PROGRESS AFRICAN FOODS,2,0,2,2,0
18809,PROGRESS BAR,3,2,1,1,2
18810,PROGRESSBAR,2,2,0,1,1
18811,"PROGRESSIVE HOUSING, INC.",4,1,3,2,2
18812,"PROJECT APOLLO, LLC",3,0,3,1,2
18813,PROJECT ORG. & DESIGN STUDIO,15,8,7,6,9
18814,PROLOGUE EARLY COLL PREP,13,6,7,5,8
18815,PROMISELAND LEARNING CENTER INC,5,3,2,1,4
18816,PROMISELAND LEARNING CENTER INC.,6,3,3,4,2
18817,"PRONTO 'ZA, LLC",7,1,6,6,1
18818,"PROPER PIZZA CHICAGO, INC.",3,0,3,3,0
18819,PROSECCO,16,7,9,6,10
18820,PROST,24,6,18,17,7
18821,PROTEIN BAR,172,82,90,51,121
18822,PROTEIN BAR & KITCHEN,5,2,3,4,1
18823,PROTEIN PARIS,2,2,0,1,1
18824,PROVARE,6,1,5,4,2
18825,PROVARE CHICAGO,8,0,8,4,4
18826,PROVENANCE FOOD & WINE,2,1,1,1,1
18827,PROVIDENCE ENGLEWOOD CHARTER SCHOOL,21,6,15,7,14
18828,PROVIDENCE OF GOD CHURCH,2,2,0,1,1
18829,PROVIDENCE ST. MEL SCHOOL,17,8,9,3,14
18830,PROVIDENT CAFE,11,2,9,6,5
18831,PROVINCE,5,2,3,1,4
18832,PROVISIONS UPTOWN,3,2,1,1,2
18833,PROVO'S VILLAGE BAKE SHOP,3,0,3,1,2
18834,PROXI,11,6,5,5,6
18835,PT'S EATERY,3,1,2,2,1
18836,PTCI EXPRESS,4,2,2,2,2
18837,PUB 626,6,4,2,4,2
18838,PUB 97,16,3,13,10,6
18839,PUB OK,8,4,4,4,4
18840,PUB ROYALE,7,3,4,4,3
18841,PUBLIC CHICAGO HOTEL AND PUMP ROOM,6,5,1,1,5
18842,PUBLIC CLOSEOUT #3,2,0,2,1,1
18843,"PUBLIC CLOSEOUT, CO.",2,0,2,1,1
18844,PUBLIC HOUSE,18,6,12,10,8
18845,PUBLICAN ANKER,5,1,4,2,3
18846,PUBLICAN QUALITY BREAD,7,2,5,2,5
18847,PUBLICAN QUALITY MEATS,19,8,11,4,15
18848,PUBLICAN TAVERN K1,19,7,12,6,13
18849,"PUCCI'S RESTAURANT & PIZZA, IN",2,0,2,2,0
18850,PUCCI'S RESTAURANT & PIZZERIA,14,7,7,7,7
18851,PUDGY'S,12,4,8,7,5
18852,PUDGY'S PIZZA,14,4,10,9,5
18853,PUEBLA ICE CREAM,22,8,14,7,15
18854,PUEBLITO VIEJO,21,6,15,11,10
18855,PUEBLO NUEVO,16,9,7,5,11
18856,PUERTO RICO FOOD & LIQUORS,8,5,3,4,4
18857,PUERTORIQUENA SOBRE EL FUEGO,2,1,1,1,1
18858,"PUESTO SANDWICH STAND, INC",7,3,4,4,3
18859,PUI TAK CHRISTIAN SCHOOL,30,16,14,6,24
18860,"PUJRID, LTD",4,2,2,3,1
18861,PULASKI & LAKE FOOD MART INC.,3,0,3,3,0
18862,PULASKI ADAMS FOOD,3,1,2,2,1
18863,PULASKI ADAMS FOOD MART INC,6,2,4,4,2
18864,"PULASKI CITGO GAS, INC.",2,1,1,2,0
18865,PULASKI COMMUNITY ACADEMY,18,8,10,10,8
18866,PULASKI CONVENIENCE INC,2,0,2,1,1
18867,PULASKI DISCOUNT & CLOTHING,2,1,1,1,1
18868,"PULASKI DOLLAR &FOOD, INC.",9,3,6,5,4
18869,PULASKI FOOD & DELI INC,6,1,5,4,2
18870,PULASKI FOOD & DISCOUNT,2,1,1,1,1
18871,PULASKI FOOD ENTERPRISES,3,1,2,2,1
18872,PULASKI FOOD MART,5,2,3,4,1
18873,PULASKI GAS & MINI MART,2,1,1,1,1
18874,PULASKI GRILL,6,0,6,5,1
18875,PULASKI HOT SPOT INC,6,3,3,3,3
18876,PULASKI MINI MART,3,1,2,2,1
18877,PULASKI MOBIL,2,1,1,1,1
18878,PULASKI PETROLEUM INC.,3,1,2,2,1
18879,PULASKI POLISH DELI & BAKERY,13,5,8,6,7
18880,PULLMAN COMMUNITY CENTER,8,2,6,7,1
18881,PULQUERIA CHICAGO,6,1,5,4,2
18882,PUMP ROOM,21,7,14,13,8
18883,PUNCH BOWL SOCIAL,16,5,11,9,7
18884,PUNJABI DHABHA,32,6,26,16,16
18885,PUNKY'S PIZZA AND PASTA,21,6,15,8,13
18886,PUNT & PLUME,5,3,2,2,3
18887,PUNTA CANA RESTAURANT INC.,20,6,14,9,11
18888,"PUPUCERIA & RES CUSCATLECO, INC",11,4,7,6,5
18889,PUPUSERIA CAFE,8,4,4,5,3
18890,PUPUSERIA CAFE 2 INC.,3,1,2,1,2
18891,PUPUSERIA EL EXCELENTE,11,6,5,5,6
18892,PUPUSERIA EL SALVADOR,2,0,2,2,0
18893,PUPUSERIA METAPAN,8,2,6,5,3
18894,PURA BELLEZA COFFEE CO.,2,1,1,1,1
18895,PURE CAFE,14,5,9,7,7
18896,PURE GREEN,5,1,4,3,2
18897,PURE GREEN SOUTH LOOP,3,0,3,2,1
18898,PURE LIFE,4,2,2,3,1
18899,PURE NATURAL BLENDS,8,1,7,6,2
18900,PURE TEA,3,0,3,2,1
18901,PURELY GOURMET MEAT COMPANY.L,2,1,1,1,1
18902,PURGATORY PIZZA,3,1,2,2,1
18903,PURPLE LLAMA COFFEE AND RECORDS,2,0,2,1,1
18904,"PURPLE TULIP CAKERY, L.L.C.",7,3,4,4,3
18905,PUTTEN'S PANTRY,5,1,4,2,3
18906,PUTTERY,5,4,1,1,4
18907,Paciugo Of Broadway,8,5,3,2,6
18908,Paisanos Pizza & Wings,2,0,2,2,0
18909,Paleteria  Y Neveria Lupita,3,1,2,2,1
18910,Paleteria Lindo Michoacan 2,9,7,2,4,5
18911,Paleteria Reina De Sabores,14,6,8,3,11
18912,Palmer Elementary School,22,7,15,6,16
18913,Palmer House Hilton,18,7,11,5,13
18914,Panaderia Y Pizzeria La Villa,11,2,9,5,6
18915,Panda Express #3372,6,2,4,4,2
18916,Panino's Pizzeria,25,11,14,13,12
18917,Panna Dolce,2,1,1,1,1
18918,Papa John's Pizza & Yogenfruz,15,7,8,7,8
18919,Papa Johns Pizza,11,4,7,8,3
18920,Papa Ray's Pizza & Wings,29,9,20,11,18
18921,Paquila,4,1,3,3,1
18922,Paramount Events,3,0,3,1,2
18923,Paris in Chicago,2,2,0,1,1
18924,Parker C.P.C.,19,5,14,6,13
18925,Parkman Elementary,6,2,4,2,4
18926,Party City Corporation,5,1,4,3,2
18927,Passages  Charter School,21,7,14,7,14
18928,Pasta D'Arte,12,7,5,2,10
18929,Pasteur,19,10,9,6,13
18930,Pastoral,15,7,8,3,12
18931,Pat's Pizzaria,20,4,16,12,8
18932,Patio Theatre,16,3,13,12,4
18933,Patrick Sullivan Apartments,16,10,6,6,10
18934,Pavones Restaurant & Lounge,7,2,5,6,1
18935,Peabody,6,4,2,1,5
18936,Peace & Ed. Coalition(SINCLAIR),19,11,8,5,14
18937,Pee Wees,15,3,12,10,5
18938,"Peeled Juice Bar, LLC",8,2,6,4,4
18939,Peking Chinese Kitchen,7,1,6,4,3
18940,Pepe's Mexican Restaurant,25,11,14,13,12
18941,Peppers,3,0,3,2,1
18942,Perez,15,5,10,2,13
18943,Perkolator,10,3,7,3,7
18944,Phillip  Rogers Elementary School,22,9,13,9,13
18945,Philly Best Stop,5,2,3,1,4
18946,Philly Corner,3,0,3,3,0
18947,Pho & I,2,1,1,1,1
18948,Phoenix Military,19,7,12,5,14
18949,Piccolo Specialty School,20,10,10,8,12
18950,PikoRiko,3,1,2,1,2
18951,Pilsen Red Hots,3,1,2,2,1
18952,Pintaito Gourmet,3,0,3,3,0
18953,Pita Grill,15,4,11,7,8
18954,Pizano's Pizza & Pasta,15,2,13,6,9
18955,Pizano's Pizza & Pasta On Division,4,3,1,1,3
18956,Pizza By Alex,13,4,9,6,7
18957,Pizza House No 1647,8,2,6,5,3
18958,Pizza Hut,8,2,6,6,2
18959,Pizza Hut Express-Goldcoast Dogs,4,3,1,2,2
18960,Pizza Maya,6,3,3,1,5
18961,Pizzeria Serio Company,26,9,17,13,13
18962,Plenty,8,2,6,4,4
18963,Pockets,18,12,6,6,12
18964,Poe Classical,23,8,15,9,14
18965,Polaris Club,6,3,3,4,2
18966,Polish Food Inc,9,4,5,3,6
18967,Pollo Andino Rosticeria,6,2,4,3,3
18968,Pollo En Brasa,3,1,2,2,1
18969,Poncitlan Jalisco No. 2,6,4,2,3,3
18970,Poncitlan Jalisco No.1,25,5,20,14,11
18971,Pop This! LLC,2,0,2,2,0
18972,Pop's Malt Shoppe,3,0,3,3,0
18973,Popeye's #812,12,2,10,7,5
18974,Popeyes,10,4,6,4,6
18975,Popeyes Chicken And Biscuits,26,12,14,14,12
18976,Porkchop,23,10,13,13,10
18977,"Porky's Sports Bar & Grill , Inc.",5,1,4,2,3
18978,Portage Park Senior Satellite Center,15,10,5,2,13
18979,Potbelly Sandwich Works,8,3,5,1,7
18980,Prescott Elementary,19,12,7,6,13
18981,"Presidential Pavilion, LLC",3,2,1,1,2
18982,Pretty Cool Ice Cream,2,0,2,2,0
18983,Printers Row Wine Shop,7,2,5,3,4
18984,Pritzker,24,9,15,7,17
18985,Prix Fixe,5,2,3,1,4
18986,Produce Express Company,5,2,3,3,2
18987,Prosser Voc. (H/S),22,8,14,10,12
18988,Pullman,22,10,12,8,14
18989,Pupuseria & Restaurant El Cuscatleco,10,4,6,4,6
18990,Pupuseria Y Res Cuscatleco Catracho Inc.,2,1,1,1,1
18991,Pure Green LP,2,0,2,2,0
18992,Pure Kitchen Catering,9,4,5,4,5
18993,Q & H GROCERY,3,0,3,1,2
18994,Q SAZON MEXICAN RESTAURANT,18,9,9,5,13
18995,Q SUSHI BAR & OMAKASE,9,3,6,4,5
18996,Q'BOLE TORTAS INC,3,0,3,2,1
18997,Q'S,2,1,1,1,1
18998,Q'S AUTHENTIC COOKING,6,3,3,4,2
18999,Q'S TIPS & WINGS BBQ,2,1,1,1,1
19000,Q'S TIPS & WINGS BBQ INC,8,3,5,3,5
19001,Q'S TIPS AND WINGS,6,4,2,2,4
19002,Q-BBQ LAKEVIEW,7,2,5,5,2
19003,Q-TINE,7,3,4,4,3
19004,QAATO INCORPORATION,5,3,2,2,3
19005,QDOBA,5,1,4,4,1
19006,QDOBA GRILL,6,3,3,2,4
19007,QDOBA MEXICA GRILL,14,7,7,4,10
19008,QDOBA MEXICAN EATS,4,3,1,1,3
19009,QDOBA MEXICAN EATS # 2154,9,2,7,2,7
19010,QDOBA MEXICAN EATS #2628,19,10,9,9,10
19011,QDOBA MEXICAN GRILL,27,14,13,12,15
19012,QDOBA MEXICAN GRILL #02723,4,1,3,2,2
19013,QDOBA(FRANCHISEE),7,3,4,3,4
19014,"QI LIN, INC.",5,0,5,4,1
19015,QIAO LIN HOT POT,8,4,4,5,3
19016,QING XIANG YUAN,13,4,9,5,8
19017,QODESH EDUCATIONAL INSTITUTE,2,1,1,2,0
19018,QODESH EDUCATIONAL INSTITUTE INC.,9,2,7,2,7
19019,QORNER FOODS,3,1,2,2,1
19020,QUALITY CATERING,4,1,3,3,1
19021,"QUALITY CHOICE MEATS, INC.",2,1,1,1,1
19022,QUALITY CROUTONS INC,2,0,2,2,0
19023,QUALITY FOOD & BEVERAGE,10,5,5,4,6
19024,QUALITY FOOD ON 71 ST INC,5,2,3,1,4
19025,"QUALITY PRODUCE SUPPLIES, INC.",4,1,3,3,1
19026,QUANG NOODLE,4,0,4,0,4
19027,QUANG NOODLE INC,8,1,7,2,6
19028,QUARTINO,25,13,12,8,17
19029,QUAY,14,3,11,7,7
19030,QUE ONDA TACOS AND TEQUILA,11,1,10,10,1
19031,QUE RICO,4,1,3,3,1
19032,QUE RICO RESTAURANT,27,10,17,18,9
19033,QUE RICO SUPERMERCADO,7,4,3,3,4
19034,QUE RICO!,7,4,3,3,4
19035,QUEBRADITA,9,3,6,4,5
19036,QUEEN K'S KITCHEN,4,2,2,2,2
19037,QUEEN MARKET,2,0,2,2,0
19038,QUEEN OF ANGELS SCHOOL,14,9,5,1,13
19039,QUEEN OF MARTYRS,3,1,2,1,2
19040,QUEEN OF THE UNIVERSE SCHOOL,20,12,8,5,15
19041,QUEEN SHEBA CAFE,3,1,2,1,2
19042,"QUEENS OF WINGS, HOAGIES & THINGS INC",3,1,2,2,1
19043,QUENCH,2,0,2,1,1
19044,QUENCH EXPRESS,2,0,2,1,1
19045,QUENCH THE CAFE,3,3,0,2,1
19046,QUENCH THE DINER,2,0,2,2,0
19047,QUENCH THE EVOLUTION,5,1,4,4,1
19048,"QUENCH UPPER WESTSIDE,LLC.",3,0,3,2,1
19049,"QUENCH, THE EXPERIENCE",5,1,4,4,1
19050,QUENCHER'S INC,9,3,6,4,5
19051,QUENCHN PIZZA,3,1,2,2,1
19052,QUERETACO,3,2,1,0,3
19053,QUERREPARIO MEXICAN KITCHEN INC.,4,3,1,1,3
19054,QUESABIRRIA JALISCO RESTAURANT,5,2,3,2,3
19055,QUESADILLA CORP,4,2,2,2,2
19056,QUESADILLA LA REINA DEL SUR INC,15,9,6,7,8
19057,QUESADILLA LA REINA DEL SUR INC.,6,3,3,3,3
19058,QUESADILLA MONARCA,15,3,12,9,6
19059,QUESADILLAS Y HUARACHES JUMBO,5,3,2,3,2
19060,QUEST AT BRITISH INTERNATIONAL SCHOOL OF CHICAGO,8,6,2,3,5
19061,QUEST AT BRITISH INTERNATIONAL SCHOOL OF CHICAGO L,9,5,4,2,7
19062,QUEST FOOD MANAGEMENT SERVICE,10,3,7,3,7
19063,"QUEST FOOD MANAGEMENT SERVICE,INC",5,1,4,2,3
19064,QUEST FOOD MANAGEMENT SERVICES,31,19,12,2,29
19065,QUEST FOOD MANAGEMENT SERVICES INC,3,1,2,2,1
19066,"QUEST FOOD MANAGEMENT SERVICES, INC",2,1,1,2,0
19067,"QUEST FOOD MANAGEMENT SERVICES, INC.",12,6,6,6,6
19068,"QUEST FOOD MANAGEMENT SERVICES, LLC",8,2,6,5,3
19069,"QUEST FOOD MANAGEMENT SERVICES,INC.",5,2,3,2,3
19070,QUETIPS,2,0,2,2,0
19071,QUICK BITE,3,2,1,3,0
19072,QUICK BITE CARRY OUT,11,5,6,4,7
19073,QUICK COMM FOOD MART,3,1,2,1,2
19074,QUICK CONNECTION,7,2,5,2,5
19075,QUICK FOOD,2,2,0,1,1
19076,QUICK FOOD MART,5,1,4,3,2
19077,QUICK GROCERY STORE INC.,2,1,1,1,1
19078,QUICK MART,5,3,2,1,4
19079,QUICK MART FOODS,5,2,3,2,3
19080,QUICK MINI MART & CELLULAR,3,2,1,2,1
19081,QUICK PICK FOOD MART,6,2,4,3,3
19082,QUICK SHOP,3,1,2,1,2
19083,QUICK SHOP FOOD MART,11,4,7,7,4
19084,"QUICK SNACKS, INC.",3,0,3,2,1
19085,QUICK STOP,23,8,15,10,13
19086,QUICK STOP FOOD & LIQUOR,5,0,5,4,1
19087,"QUICK STOP FOOD & LIQUOR MART, INC.",7,2,5,5,2
19088,QUICK STOP FOOD MART,9,2,7,6,3
19089,QUICK STOP MARKET,5,2,3,3,2
19090,QUICK STOP PANTRY,10,3,7,5,5
19091,QUICK STOP SHOP INC.,2,1,1,1,1
19092,"QUICK STORE,INC.",2,1,1,1,1
19093,QUICK SUB,3,0,3,2,1
19094,QUICKISS,3,0,3,2,1
19095,QUIK-E-MART,7,0,7,5,2
19096,QUIMA,6,4,2,3,3
19097,QUIN XIANG YUAN,2,1,1,1,1
19098,QUINCY CULINARY,4,2,2,3,1
19099,QUINTESSENCE,2,2,0,0,2
19100,QUIOTE,17,7,10,6,11
19101,QUIOTE / TODOS SANTOS,6,2,4,5,1
19102,QUITE FRANKLY,5,1,4,4,1
19103,QUITE FRANKLY LTD,2,0,2,2,0
19104,QUIZHPI RECORDS INTERNATIONAL,3,2,1,2,1
19105,QUIZNO'S,5,0,5,5,0
19106,QUIZNO'S  SUB,4,1,3,2,2
19107,QUIZNO'S SUB,21,11,10,9,12
19108,QUIZNO'S SUBS,6,1,5,6,0
19109,QUIZNOS,18,6,12,9,9
19110,QUIZNOS #12552,3,2,1,1,2
19111,QUIZNOS CLASSIC SUB,3,1,2,1,2
19112,QUIZNOS CLASSIC SUBS,3,2,1,3,0
19113,QUIZNOS SUB,14,3,11,8,6
19114,QUIZNOS SUB #13210,4,2,2,2,2
19115,QUIZNOS SUB SERVICES #9341,2,1,1,1,1
19116,QUIZNOS SUBS,14,6,8,9,5
19117,QUON YICK FOOD CO,2,0,2,1,1
19118,QUON YICK FOOD CO.,3,0,3,1,2
19119,Qdoba Mexican Eats  #2628,9,3,6,5,4
19120,Qdoba Mexican Eats #2621,27,12,15,12,15
19121,Queen of All Saints,20,9,11,10,10
19122,Quick Pick Food Mart,2,2,0,0,2
19123,Quick Stop Liquors,3,0,3,2,1
19124,"QuiteFrankly,Ltd.",2,1,1,1,1
19125,Quiznos,8,3,5,2,6
19126,Quiznos Subs,2,0,2,1,1
19127,R & B FAST FOOD INC,2,0,2,2,0
19128,"R & B Fast Food, Inc",6,3,3,1,5
19129,"R & F FOOD MART, INC.",3,1,2,2,1
19130,R & M GROCERY INC.,5,1,4,2,3
19131,"R & M Grocery, Inc",2,2,0,0,2
19132,R & R BAKERY,2,1,1,1,1
19133,R & R MARATHON,6,2,4,3,3
19134,R & S MINI MART,2,1,1,1,1
19135,R AND D FOOD MARKET,3,1,2,2,1
19136,R B FOODMART,2,0,2,1,1
19137,R CITY KITCHEN,4,1,3,2,2
19138,R G LEE CORP,20,6,14,10,10
19139,R HAAN THAI,6,1,5,2,4
19140,R J GRUNTS,17,3,14,8,9
19141,R M N CORP,12,7,5,6,6
19142,R PUBLIC HOUSE,17,5,12,8,9
19143,R U HUNGRY?,14,3,11,6,8
19144,R&A Bread Bakers,3,1,2,2,1
19145,R-PLACE,3,1,2,2,1
19146,"R.  MCCARTY ENTERPRISES, INC.",27,11,16,15,12
19147,R.J. SANDWICH FISH & CHICKEN,11,4,7,6,5
19148,R.S. GROCERY & TOBACCO,2,0,2,1,1
19149,R29 AT THE FRANKLIN,11,3,8,4,7
19150,R2G FIT NUTRITION LLC,3,1,2,3,0
19151,RA @UBS CHICAGO.,16,7,9,3,13
19152,RA SUSHI,11,6,5,2,9
19153,RABBIT HOLE,18,5,13,12,6
19154,RABBITS,10,4,6,2,8
19155,"RACHEL'S LEARNING CENTER, LTD.",19,6,13,10,9
19156,"RACHEL'S LEARNING CENTERS, LTD.",21,7,14,6,15
19157,RACINE BAKERY INC,24,14,10,6,18
19158,"RACINE DISCOUNT STORE, INC",3,1,2,2,1
19159,RACINE FOOD & GENERAL MERCHANDISE,6,2,4,2,4
19160,RACINE FOOD INC,2,0,2,1,1
19161,RACINE MINI MART,14,6,8,10,4
19162,RACINE ONE STOP FOOD,4,0,4,4,0
19163,RACINE PLUMBING,18,7,11,11,7
19164,RADAIOS BROS FRANKSVILLE INC,18,7,11,11,7
19165,"RADHE PAN HOUSE INC.,",2,1,1,1,1
19166,RADHUNI INDIAN KITCHEN,4,2,2,2,2
19167,RADIO RIBS,3,2,1,3,0
19168,RADIO ROOM,5,1,4,4,1
19169,RADISSON BLU AQUA,24,9,15,12,12
19170,RADLER LOGAN SQUARE,6,2,4,6,0
19171,RAEKWON'S SCHOLASTIC DAYCARE ACADEMY LLC,22,10,12,12,10
19172,RAFA'S CHICKEN,13,4,9,5,8
19173,RAFAEL CRUZ,2,1,1,1,1
19174,RAFAEL MAGALLON,2,0,2,2,0
19175,"RAFEE FOOD MART, INC.",5,2,3,3,2
19176,RAFFAELLO HOTEL,7,2,5,2,5
19177,RAFFI'S LOCALE ITALIAN CUCINA INC,8,2,6,4,4
19178,RAGADAN,3,2,1,1,2
19179,RAGGA'S KITCHEN,4,1,3,2,2
19180,RAHMANIA  RESTAURANT,9,3,6,6,3
19181,RAHMAT GROCERY & ZABIHA HALAL MEAT,11,5,6,5,6
19182,RAHMIGS HOUSE OF FINE CHOC INC,2,1,1,1,1
19183,RAIN FOOD,5,3,2,2,3
19184,RAINBO CLUB INC,2,0,2,1,1
19185,RAINBOW,20,6,14,10,10
19186,RAINBOW BEACH CARE CENTER,14,5,9,4,10
19187,RAINBOW BEACH SUB SHOP,21,11,10,10,11
19188,RAINBOW BUBBLE TEA,2,0,2,1,1
19189,RAINBOW CARRYOUT,9,6,3,3,6
19190,RAINBOW CHINESE KITCHEN,3,0,3,2,1
19191,RAINBOW CONE LLC,10,2,8,7,3
19192,RAINBOW DAY CARE CENTER,15,8,7,5,10
19193,RAINBOW FINER FOOD & LIQUOR,12,7,5,5,7
19194,RAINBOW FOOD MART,3,1,2,1,2
19195,RAINBOW PIZZA,3,1,2,2,1
19196,RAINBOW TACOS INC.,4,0,4,4,0
19197,RAINBOW X O,4,0,4,2,2
19198,RAINDROP EARLY LEARNING CENTER,8,2,6,4,4
19199,RAINFOREST CAFE,18,8,10,3,15
19200,RAINFOREST LEARNING CENTER,8,2,6,3,5
19201,"RAINFOREST LEARNING CENTER, INC",15,5,10,5,10
19202,"RAINFOREST LEARNING CENTER, INC.",18,12,6,5,13
19203,"RAISE UP A CHILD DAY CARE, INC",8,4,4,4,4
19204,RAISING CANE'S # 352,10,5,5,6,4
19205,"RAISING CANE'S RESTAURANTS, LLC",4,2,2,2,2
19206,RAISING CANES 892,6,1,5,3,3
19207,RAISU JAPANESE FINE DINING,13,1,12,12,1
19208,RAIZ KITCHEN SUSHI BAR,6,1,5,5,1
19209,RAJ DARBAR,40,8,32,26,14
19210,RAJ FOOD MART INC.,2,1,1,1,1
19211,RAJUN CAJUN,20,10,10,4,16
19212,RAKKAN RAMEN,3,1,2,1,2
19213,RAKKI CAFE,3,1,2,2,1
19214,RAKKI KYU SUSHI,6,2,4,4,2
19215,"RALPH LAUREN RETAIL, INC",2,1,1,1,1
19216,RAM LITTLE LAMBS LEARNING CENTER INC,2,1,1,0,2
19217,RAM'S RESTAURANT,6,3,3,2,4
19218,RAMA FAST FOOD,4,1,3,3,1
19219,RAMA FOOD MART,3,0,3,2,1
19220,RAMADA LAKE SHORE INN,17,8,9,8,9
19221,RAMALLAH AMERICAN CLUB,3,1,2,3,0
19222,RAMEN TAKEYA,15,4,11,9,6
19223,RAMEN WORKS,4,0,4,4,0
19224,RAMEN-SAN,9,7,2,2,7
19225,RAMEN-SAN / MR.MAKI,3,0,3,2,1
19226,RAMEN-SAN DELUXE/ TALLBOY TACO,8,3,5,1,7
19227,RAMENSTER,4,0,4,3,1
19228,RAMI FOOD INCORPORATED,3,1,2,2,1
19229,RAMI FOOD MART,4,2,2,2,2
19230,RAMIREZ FAST FOOD,21,6,15,10,11
19231,RAMIREZ GROCERY,4,1,3,2,2
19232,RAMIREZ GROCERY CORP.,3,0,3,1,2
19233,RAMMY INC,5,3,2,2,3
19234,RAMONA'S LOVELY TOUCH ACADEMY,13,7,6,5,8
19235,RAMONA'S LOVELY TOUCH ACADEMY II,7,3,4,4,3
19236,RAMONE MINI MART,3,0,3,2,1
19237,"RAMOS FOODS, INC.",2,0,2,1,1
19238,RAMOS GROCERY,5,2,3,4,1
19239,RAMOS GROCERY INC.,7,1,6,4,3
19240,RAMOVA,3,1,2,1,2
19241,RAMOVA CHILI PARLOR,6,5,1,3,3
19242,RANA HOME GOODIES AND CONVENIE,3,1,2,3,0
19243,RANALLI'S,23,9,14,12,11
19244,RANALLIS,22,9,13,6,16
19245,RANCHO GRANDE LOS MAGUEYES,5,2,3,3,2
19246,RANCHO GRANDE NUTRITION,5,0,5,3,2
19247,RANDALL'S PUB,3,1,2,1,2
19248,RANDEE's FOOD STORE,8,3,5,3,5
19249,RANDEES FOOD STORE,4,4,0,1,3
19250,RANDOLPH TAVERN,17,7,10,6,11
19251,RANGE,19,6,13,9,10
19252,RANGOLI,19,6,13,10,9
19253,RANGOLI PARLOUR,2,0,2,2,0
19254,RANGOLI-INDIAN CUISINE,5,0,5,4,1
19255,RANGOON BURMA GROCERY STORE,5,2,3,4,1
19256,RAO FAMILY RESTAURANT,11,5,6,6,5
19257,RAPA-NUI RESTAURANT,3,2,1,1,2
19258,RAPHA,7,2,5,4,3
19259,RAPIDITO,10,5,5,5,5
19260,"RARE TEA CELLAR, INC.",4,3,1,2,2
19261,RAS DASHEN ETHIOPIAN RESTAURANT INC,15,7,8,9,6
19262,RAS DASHEN NEBEB RESTAURANT,2,0,2,2,0
19263,RASMIAH FOOD,2,1,1,2,0
19264,RASMOS,22,8,14,8,14
19265,RASOI INDIAN KITCHEN,2,1,1,1,1
19266,RAUL'S BAR & GRILL,18,3,15,13,5
19267,RAUNER COLLEGE PREP,2,2,0,0,2
19268,RAUNER FAMILY YMCA,16,6,10,3,13
19269,RAVENS,7,1,6,4,3
19270,RAVENSWOOD BAPTIST CHURCH SCHOOL,16,11,5,4,12
19271,"RAVENSWOOD COMMUNITY DAYCARE, INC.",18,11,7,6,12
19272,RAVENSWOOD GAS-CITGO,2,0,2,1,1
19273,RAVENSWOOD ICE CREAM,2,0,2,1,1
19274,RAVENSWOOD MANOR CHILD CARE,14,5,9,3,11
19275,"RAVENSWOOD MONTESSORI CHILD CARE CENTER, INC.",9,5,4,3,6
19276,RAVENSWOOD PHARMACY,3,1,2,2,1
19277,RAVENSWOOD Q,10,5,5,5,5
19278,RAVENSWOOD SENIOR LIVING,3,1,2,3,0
19279,RAVENSWOOD STATION BAR & GRILL,6,2,4,5,1
19280,RAVIKABAB HOUSE,11,4,7,5,6
19281,RAVINIA BREWING COMPANY,11,4,7,5,6
19282,RAW,34,13,21,19,15
19283,RAW BAR & GRILL,25,5,20,16,9
19284,RAW II,10,5,5,5,5
19285,RAWABI GRILL,4,0,4,3,1
19286,RAY HARRINGTON CATERING COMPANY,15,8,7,5,10
19287,RAY RAY FOOD MART,8,3,5,5,3
19288,RAY RAY'S STEAK & LEMONADE,2,0,2,2,0
19289,RAY'S FISH CHICKEN & GRILL,3,2,1,3,0
19290,RAY'S FOOD INC.,2,0,2,2,0
19291,RAY'S FOOD MARKET,6,1,5,5,1
19292,RAY'S FOOD MART,6,2,4,4,2
19293,RAY'S GROCERY AND TOBACCO,2,0,2,1,1
19294,RAY'S ISLAND GRILL,4,2,2,1,3
19295,RAY'S ISLAND GRILL LLC,16,4,12,10,6
19296,RAY'S ROUND UP BAR-GRILL,7,4,3,4,3
19297,RAY-J,4,1,3,3,1
19298,RAYAN'S DISCOUNT LIQUORS,2,1,1,1,1
19299,RAYAN'S LIQUOR & DELI,3,2,1,0,3
19300,RAYAN'S STEAKS,6,2,4,5,1
19301,RAYEES CAFE,6,2,4,4,2
19302,RAYITO DE SOL SPANISH IMMERSION EARLY LEARNING CEN,11,3,8,7,4
19303,RAYMOND'S HAMBURGERS & TACOS,24,10,14,9,15
19304,RAYMOND'S TACOS,2,0,2,1,1
19305,RAYMOND'S TACOS # 1,6,3,3,3,3
19306,RAYMONDS HAMBURGERS & TAC INC.,5,0,5,2,3
19307,RAYMONDS MEAT MARKET,3,1,2,2,1
19308,RAYMONDS TACOS,21,5,16,12,9
19309,RAYMONDS TACOS NO. 3,16,7,9,13,3
19310,RAYMONDS TACOS NO.3,8,2,6,4,4
19311,RAYS E MART,3,1,2,2,1
19312,"RAYYAN FOOD, INC.",11,4,7,7,4
19313,RAYYAN TRADING INC.,3,0,3,2,1
19314,RAZAN FOOD MART INC,3,1,2,2,1
19315,RAZON,10,4,6,4,6
19316,RAZPACHOS,13,4,9,7,6
19317,RBO LLC,4,0,4,3,1
19318,RE BAR NO. 9,3,0,3,2,1
19319,REACH CHRISTIAN ACADEMY,4,1,3,3,1
19320,REACH FOR THE STARS CHILD CARE,7,3,4,4,3
19321,REACH FOR THE STARS CHILD CARE ACADEMY INC,2,0,2,2,0
19322,REACH FOR THE STARS CHILDCARE ACADEMY INC,3,1,2,0,3
19323,REACH FOR THE STARS CHILDCARE ACADEMY INC.,28,11,17,14,14
19324,REACH HIGHER LEARNING CENTER 2,13,3,10,8,5
19325,READ IT AND EAT IT,6,1,5,2,4
19326,REAL COMFORT AMERICAN KITCHEN,7,4,3,4,3
19327,REAL DEL MONTE,2,1,1,2,0
19328,REAL GOOD JUICE CO,9,2,7,7,2
19329,REAL GOOD JUICE CO.,20,11,9,9,11
19330,REAL GOOD JUICE COMPANY,19,6,13,12,7
19331,REAL GOOD STUFF CO,3,0,3,2,1
19332,REAL GOOD STUFF CO.,10,1,9,4,6
19333,REAL GOODSTUFF CO.,2,0,2,1,1
19334,REAL KITCHEN,8,3,5,4,4
19335,REAL KITCHEN AT WALDEN,7,3,4,4,3
19336,REAL KITCHEN II LLC,13,7,6,5,8
19337,"REAL LA  MICHOACANA, LLC",8,1,7,5,3
19338,REAL NAKED FOOD,3,1,2,1,2
19339,REALGOOD STUFF CO.,5,3,2,2,3
19340,REALTO SPORTS BAR & GRILL,3,0,3,3,0
19341,REBECCA K. CROWN CHLD. DEV. CT,19,7,12,5,14
19342,REBEL AND RYE TAVERN,7,1,6,3,4
19343,RECANTO BRAZILIAN GRILL,4,0,4,2,2
19344,RECIPE FOR CHANGE,7,2,5,4,3
19345,RECLAIMED BAR AND RESTAURANT,9,1,8,7,2
19346,RED  MANGO,2,0,2,1,1
19347,RED & WHITE WINES,7,2,5,3,4
19348,RED APPLE CONVENIENCE,6,2,4,2,4
19349,RED APPLE FOOD & LIQUOR INC,17,6,11,7,10
19350,RED BARREL,13,3,10,9,4
19351,RED BOWL,5,1,4,4,1
19352,RED BRICK,5,2,3,1,4
19353,RED CARPET CATERIN,9,1,8,6,3
19354,"RED CARPET CLUB, TERMINAL 1 CONCOURSE B SOUTH",2,1,1,1,1
19355,RED CASTLE,8,3,5,3,5
19356,RED COACH RESTAURANT,17,10,7,7,10
19357,RED DOOR,25,5,20,14,11
19358,RED EYES COFFEE CORP,14,7,7,4,10
19359,RED FISH & CHICKEN GRILL,9,3,6,5,4
19360,RED HEN BREAD,7,3,4,4,3
19361,RED JUNE INC.,3,0,3,2,1
19362,RED KIVA,9,4,5,4,5
19363,RED LIGHT,2,1,1,1,1
19364,RED LINE TAP,10,3,7,5,5
19365,RED LOBSTER #0277,18,9,9,9,9
19366,RED LOBSTER RESTAURANT #277,7,2,5,4,3
19367,RED MANGO,28,11,17,12,16
19368,RED PAGODA,5,1,4,3,2
19369,RED PIG ASIAN KITCHEN,13,6,7,3,10
19370,RED ROBIN BURGER WORKS,6,3,3,3,3
19371,RED ROBIN EXPRESS,2,1,1,1,1
19372,RED ROBIN'S BURGER WORKS,16,4,12,9,7
19373,RED ROOSTER,8,3,5,1,7
19374,RED SEA ETHIOPIAN ERITRIAN RESTAURANT INC,4,1,3,3,1
19375,RED SEA LOUNGE,5,3,2,3,2
19376,RED SEA RESTAURANT,7,4,3,3,4
19377,RED SHIELD,21,7,14,3,18
19378,RED SNAPPER,61,18,43,34,27
19379,RED SNAPPER FISH & CHICKEN,6,0,6,5,1
19380,RED SNAPPER FISH CHICKEN & PIZZA,34,9,25,18,16
19381,"RED SNAPPER HYDE PARK, INC.",25,8,17,14,11
19382,"RED SNAPPER ON KEDZIE INC.,",12,5,7,6,6
19383,RED STAR LIQUORS,7,5,2,2,5
19384,RED VIOLET,4,3,1,0,4
19385,RED VIOLIN WINE  & SPIRITS,5,2,3,3,2
19386,RED'S ORGANIC PASTRIES,2,1,1,0,2
19387,REDAPPLE FOOD MART,6,2,4,4,2
19388,REDHOT RANCH,29,14,15,7,22
19389,REDLINE CAFE AND STIX 'N BRIX,13,7,6,4,9
19390,REDLINE VR,4,0,4,2,2
19391,REDMOND'S,12,4,8,9,3
19392,REDMOND'S PUB,2,0,2,1,1
19393,REDMOON THEATER,8,5,3,5,3
19394,REDWOOD MANAGEMENT GROUP INC,2,1,1,0,2
19395,REDZ BELIZEAN RESTAURANT LLC,18,8,10,8,10
19396,"REECEE,S CAFE",3,1,2,2,1
19397,REEF KITCHENS,27,8,19,16,11
19398,REEM PHARMACY,2,2,0,1,1
19399,REEME'S FOOD MART,2,1,1,1,1
19400,REEMY'S FOOD GRILL & TOBACCO,2,0,2,1,1
19401,REEMY'S FOOD MARKET & TOBACCO,4,3,1,0,4
19402,REES FOOD MARKET,4,3,1,1,3
19403,REESE'S FAST FOOD,11,4,7,5,6
19404,REESE'S LOUNGE,8,3,5,4,4
19405,REGAL CINEMAS CITY NORTH,11,6,5,4,7
19406,REGAL CINEMAS WEBSTER PLACE,9,4,5,3,6
19407,"REGAL HEALTH FOODS INTERNATIONAL, INC.",2,1,1,1,1
19408,REGALIA,6,3,3,5,1
19409,REGENCY CATERERS,16,4,12,5,11
19410,REGENCY INN,16,3,13,8,8
19411,REGENTS MARKET,5,1,4,4,1
19412,"REGGAE ISLAND JERK CHICKEN, INC",8,2,6,5,3
19413,REGGIE PIZZA,11,7,4,3,8
19414,REGGIE'S BAR & GRILL,36,12,24,15,21
19415,REGGIE'S ON THE BEACH,5,2,3,3,2
19416,REGGIE'S STO,3,1,2,2,1
19417,REGGIES,11,7,4,1,10
19418,REGGIES ON THE BEACH,5,0,5,5,0
19419,REGGIO'S PIZZA,10,6,4,2,8
19420,REGGIO'S PIZZA EXPRESS,93,37,56,45,48
19421,REGGIO'S PIZZA EXPRESS II,2,2,0,0,2
19422,REGGIO'S PIZZA III,22,12,10,8,14
19423,"REGGIO'S PIZZA, INC.",2,2,0,0,2
19424,REHABILITATION HOSPITAL,16,7,9,5,11
19425,REHMANIA LUPOS FISH AND CHICKEN,10,5,5,5,5
19426,REHYDRATE WATER BAR + CAFE,13,5,8,7,6
19427,REILLY'S DAUGHTER,5,4,1,2,3
19428,REILLY'S DAUGHTER IRISH PUB,29,12,17,10,19
19429,REINA DE LA NUBE,3,1,2,2,1
19430,REINA DEL PALENQUE,2,1,1,1,1
19431,RELAY #4202,4,1,3,3,1
19432,RELAY STORE # 4182,3,2,1,1,2
19433,RELISH CHICAGO,5,2,3,3,2
19434,RELISH THE THOUGHT,4,1,3,1,3
19435,RELOS,3,0,3,3,0
19436,REME FOOD INC.,4,2,2,3,1
19437,REMEDIES,2,0,2,1,1
19438,REMEDY AT AON CENTER,6,3,3,3,3
19439,REMI FOOD MART,4,2,2,2,2
19440,REMINGTON'S,11,4,7,5,6
19441,REMIS BARBEQUE AND CHICKEN,5,0,5,3,2
19442,REMIS BARBQUE AND CHICKEN,8,4,4,4,4
19443,REMIX  CAFE,4,3,1,1,3
19444,REN WAU TONG,3,1,2,1,2
19445,"RENA'S  FUDGE SHOPS, INC./BLOCK 37 STARBUCKS",8,0,8,6,2
19446,RENAD FOOD INC.,5,2,3,3,2
19447,RENAISSANCE BRONZEVILLE,8,3,5,4,4
19448,RENAISSANCE CHICAGO HOTEL,59,24,35,15,44
19449,RENAISSANCE CHICAGO O'HARE HOTEL,60,20,40,31,29
19450,RENAISSANCE COURT AT CULTURAL CENTER,4,2,2,2,2
19451,RENALDI'S PIZZA,38,14,24,22,16
19452,RENO,20,5,15,12,8
19453,RENOWNED AWAKENINGS,8,5,3,3,5
19454,REPLAY/ELIXIR,16,5,11,5,11
19455,REPUBLIC,7,3,4,4,3
19456,REPUBLIC OF GOOD FOOD,12,2,10,8,4
19457,RESERVOIR,23,7,16,12,11
19458,RESI'S BIERSTUBE INC,19,6,13,10,9
19459,RESIDENCE INN,16,7,9,7,9
19460,RESIDENCE INN BY MARRIOTT,7,2,5,3,4
19461,RESIDENCE INN CHICAGO DOWNTOWN,8,3,5,4,4
19462,REST Y TAQUERIA LA JUSTICIA,21,7,14,8,13
19463,RESTAURANT  EL ASADOR II,20,6,14,10,10
19464,RESTAURANT & PIZZA BELLAS,4,1,3,4,0
19465,RESTAURANT & POZOLERIA SAN JUAN,42,19,23,17,25
19466,"RESTAURANT 019, INC.",2,0,2,2,0
19467,RESTAURANT 2 AMIGOS,14,7,7,4,10
19468,RESTAURANT ASSOCIATES,13,3,10,5,8
19469,RESTAURANT ASSOCIATES LLC.,9,2,7,3,6
19470,RESTAURANT BUEN GUSTO,9,2,7,6,3
19471,RESTAURANT DEPOT,3,0,3,2,1
19472,RESTAURANT DEPOT/JETRO CASH & CARRY,6,3,3,3,3
19473,RESTAURANT DONA ANA,12,6,6,3,9
19474,RESTAURANT EL ASADOR II,20,10,10,13,7
19475,RESTAURANT EL ASADOR INC,4,1,3,1,3
19476,RESTAURANT EL MOGOTE,22,9,13,12,10
19477,RESTAURANT EL RANCHENO,2,0,2,1,1
19478,RESTAURANT EL RANCHITO,30,8,22,17,13
19479,RESTAURANT EL SOL DE MEXICO IN,4,2,2,2,2
19480,RESTAURANT LA ESPERANZA,14,5,9,6,8
19481,RESTAURANT LA FUENTE,4,2,2,2,2
19482,RESTAURANT LOS AMORES,2,1,1,1,1
19483,RESTAURANT LOS LANGOSTINOS,20,7,13,10,10
19484,RESTAURANT LOS TAXQUENOS,4,1,3,4,0
19485,RESTAURANT MARISCOS NAYARIT,17,6,11,11,6
19486,RESTAURANT MIRO'SS INC.,4,1,3,3,1
19487,RESTAURANT PERLA,2,0,2,2,0
19488,RESTAURANT PUEBLA,17,6,11,8,9
19489,RESTAURANT SANTIAGO,18,5,13,10,8
19490,RESTAURANT VENENO DE NAYARIT,16,5,11,8,8
19491,RESTAURANT Y ROSTICERIA LA CHILAPENA,2,1,1,1,1
19492,RESTAURANT Y ROSTICERIA LA CHILAPENA INC.,2,1,1,1,1
19493,RESTAURANTE AMATEPEC ESTADO DE MEXICO,17,8,9,10,7
19494,RESTAURANTE BUEN SABOR,3,0,3,2,1
19495,RESTAURANTE EL COMALITO,10,3,7,4,6
19496,RESTAURANTE FINA ESTAMPA,14,5,9,5,9
19497,"RESTAURANTE KAPEEKOO, INC.",5,2,3,3,2
19498,RESTAURANTE POLLERIA FINA ESTA #2,6,3,3,3,3
19499,RESTAURANTE SABOR MEXICO,5,2,3,2,3
19500,RESTAURANTE SABORES INC,5,2,3,3,2
19501,RESTAURANTE SALVADORENO OLOCUILTA INC,5,1,4,4,1
19502,RESTAURANTE SALVADORENO OLOCUILTA INC.,18,10,8,8,10
19503,RESTAURANTE Y TAMALERIA LA BENDICION INC,12,4,8,8,4
19504,RESTAURANTE Y TAQUERIA GUERRERO,19,9,10,9,10
19505,RESTAURANTE Y TAQUERIA LOS PAY ASOS,5,2,3,3,2
19506,RESTAURANTE Y TAQUERIA LOS PAYASOS,6,2,4,2,4
19507,RESTO PINOY,11,4,7,5,6
19508,RESTORANT VERONA,3,1,2,1,2
19509,RESTORATION HARDWARE,11,6,5,3,8
19510,RESTORING THE SEED,9,3,6,4,5
19511,RESURRECTION HIGH SCHOOL,18,5,13,7,11
19512,RESURRECTION LIFE CENTER,10,5,5,4,6
19513,RESURRECTION LUTHERAN CHURCH,12,5,7,4,8
19514,RESURRECTION LUTHERAN SCHOOL,6,2,4,3,3
19515,RESURRECTION MEDICAL CENTER,20,7,13,9,11
19516,RESURRECTION RETIREMENT COMMUNITY,20,10,10,7,13
19517,RETAIL BAKERY LABAGUETTE #4,9,5,4,5,4
19518,RETRO CAFE RESTAURANT,27,8,19,17,10
19519,RETRO FITNESS CENTER,3,2,1,2,1
19520,REV BURGER,5,2,3,3,2
19521,REVE BURGER,4,1,3,3,1
19522,"REVEL  DOWNTOWN, LLC.",6,1,5,3,3
19523,REVEL  MOTOR ROW,9,1,8,4,5
19524,REVEL BAR CHICAGO 1,7,3,4,4,3
19525,REVERIE,12,3,9,8,4
19526,REVIVAL FOOD HALL,16,8,8,6,10
19527,REVIVAL SOCIAL CLUB,9,4,5,4,5
19528,REVOLUTION BEER LLC,8,3,5,3,5
19529,REVOLUTION BREWING,32,11,21,15,17
19530,REVOLUTION STEAK HOUSE,20,7,13,12,8
19531,REVOLVER,15,3,12,9,6
19532,REWIRED CAFE,3,1,2,2,1
19533,REWSTER'S,3,1,2,2,1
19534,REY B GONZALEZ CHILDREN & FAMILY CENTER,16,5,11,5,11
19535,REYES CORNER GRILL,15,8,7,4,11
19536,REYNA DEL PALENQUE,3,1,2,2,1
19537,"REYNOLDS LOUNGE, INC.",2,0,2,1,1
19538,REZA'S  RESTAURANT,3,1,2,2,1
19539,REZA'S ANDERSONVILLE,20,7,13,8,12
19540,REZA'S ON ONTARIO,6,3,3,3,3
19541,REZA'S RESTAURANT,21,6,15,12,9
19542,REZA'S RIVER NORTH,8,5,3,2,6
19543,RHAPSODY,7,1,6,5,2
19544,RHAPSODY THEATER,5,1,4,5,0
19545,RHODES FOOD MARKET,2,1,1,1,1
19546,RHYME OR REASON,6,1,5,4,2
19547,"RHYMES ENTERTAINMENT, INCORPORATED",2,1,1,2,0
19548,RIA VENTURES LLC,4,2,2,1,3
19549,RIB HOUSE,3,0,3,2,1
19550,RIB LADY 2,4,0,4,4,0
19551,RIB PALACE,2,0,2,1,1
19552,RIB PALACE LLC,5,2,3,3,2
19553,RIB PLACE INC.,23,8,15,12,11
19554,RIBS  R  US,7,1,6,5,2
19555,RIBS & BIBS INC,8,2,6,5,3
19556,"RIBS AND MORE, INC.",3,0,3,2,1
19557,RIBS UNLIMITED,8,1,7,5,3
19558,RICA AREPA VENEZUELAN CAFE INC,7,3,4,1,6
19559,RICA AREPA VENEZUELAN RESTAURANT,6,1,5,2,4
19560,RICANO'S RESTAURANT,4,2,2,1,3
19561,RICARDO'S RESTAURANT,19,9,10,7,12
19562,RICCARDO ENOTECA,20,6,14,13,7
19563,RICCARDO OSTERIA,8,2,6,6,2
19564,RICCARDO TRATTORIA TOSCANA,26,8,18,17,9
19565,RICE & NOODLES,5,0,5,4,1
19566,RICE AND NOODLES,7,2,5,4,3
19567,"RICE AND ROLL, INC",14,3,11,7,7
19568,RICE ASIAN KITCHEN,3,1,2,1,2
19569,RICE BISTRO CHICAGO,5,2,3,2,3
19570,RICE BOWL LATIN CUISINE INC,2,0,2,1,1
19571,RICE CAFE,18,4,14,12,6
19572,RICE THAI ASIAN KITCHEN,16,7,9,5,11
19573,RICE THAI CAFE,32,11,21,18,14
19574,RICE'N BREAD,6,1,5,4,2
19575,"RICH CHOCOLATES & CANDIES, INC.",2,1,1,1,1
19576,"RICH'S DELI & LIQUOR, INC",24,8,16,15,9
19577,RICHARD ANDRISE,14,7,7,2,12
19578,RICHARD MILBURN ALTERNATIVE SCHOOL,5,3,2,3,2
19579,RICHARD YATES ELEMENTARY SCHOOL,3,2,1,1,2
19580,RICHARD'S BAKERY,3,1,2,2,1
19581,RICHARD'S BAR,17,11,6,4,13
19582,RICHARD'S PLACE,5,0,5,5,0
19583,RICHARDSON MIDDLE SCHOOL,9,3,6,2,7
19584,RICHIE'S RESTAURANT,3,0,3,2,1
19585,RICHMOND FOOD & LIQUORS,5,2,3,3,2
19586,RICHMOND FOOD MART,2,0,2,1,1
19587,RICHMOND MART,2,1,1,1,1
19588,RICHWELL MARKET,15,5,10,8,7
19589,RICHWILL ENTERPRISES,2,0,2,1,1
19590,RICK'S CABARET,3,0,3,1,2
19591,RICK'S CAFE,7,3,4,1,6
19592,RICKETTE'S CHICKEN BBQ,9,2,7,7,2
19593,"RICKETTE'S WORLD FAMOUS BBQ, FISH AND CHICKEN",5,3,2,3,2
19594,RICKS DINER,2,0,2,1,1
19595,RICKSHAW REPUBLIC,9,3,6,3,6
19596,RICKY'S DELI,9,7,2,3,6
19597,RICKY'S FOOD MART,2,1,1,0,2
19598,RICO FRESH MARKET,17,6,11,11,6
19599,RICO'S FOOD MARKET  INC.,6,1,5,5,1
19600,RICOBENE'S,6,4,2,3,3
19601,RICOBENE'S ON 26TH STREET,32,16,16,9,23
19602,RICOBENES ON PULASKI INC,10,3,7,6,4
19603,RICOCHETS,3,1,2,2,1
19604,RIDGE COUNTRY CLUB,21,7,14,8,13
19605,RIDGE FOOD MARKET,3,0,3,2,1
19606,RIDGELAND DAYCARE AND CHILDREN'S SERVICE CENTER,16,5,11,8,8
19607,RIDGEVIEW REHAB & NURSING CENTER,13,3,10,10,3
19608,RIDGEWAY FOOD MARKET INC,2,1,1,1,1
19609,RIDMAN'S COFFEE,6,3,3,3,3
19610,RIFF,2,1,1,1,1
19611,"RIGHT BEE, LLC",2,1,1,2,0
19612,RIGO'S CAFE,4,3,1,2,2
19613,RIGO'S GROCERY,9,4,5,5,4
19614,RIGO'S TACOS CORP,3,0,3,2,1
19615,RINCONCITO CUBANO REST,13,4,9,6,7
19616,RINCONCITO DE MORELOS,17,10,7,7,10
19617,RINCONCITO ECUATORIANO,11,6,5,6,5
19618,RINCONCITO SUDAMERICANO INC,3,0,3,3,0
19619,RINGO,22,5,17,14,8
19620,RIO BALSAS FOOD MART,5,3,2,2,3
19621,"RIO MART, INC.",2,0,2,1,1
19622,"RIO TACO'S, INC.",4,2,2,1,3
19623,"RIO TACO'S,INC.",4,2,2,4,0
19624,"RIO VALLEY GROCERY, INC.",2,1,1,1,1
19625,RIO VALLEY MARKET #2,20,9,11,5,15
19626,RIO'S GROCERY STORE,2,1,1,1,1
19627,RIOS DE SUDAMERICA,26,5,21,17,9
19628,"RIQOS PLACE, INC.",2,2,0,0,2
19629,RIQUES COCINA MEXICANA,4,1,3,2,2
19630,RISE N ROLL BAKERY,2,2,0,1,1
19631,RISE RESTAURANT,16,4,12,10,6
19632,RISE UP EARLY CHILDHOOD,7,2,5,3,4
19633,RISING ROLL @ LOYOLA UNIVERSITY,2,1,1,1,1
19634,RISING SUN JERK LLC,2,0,2,2,0
19635,RISTORANTE AGOSTINO,21,7,14,13,8
19636,RISTORANTE AL TEATRO,4,2,2,1,3
19637,RITA'S PLACE,5,2,3,2,3
19638,RITAS OF WEST RIDGE,3,0,3,2,1
19639,RITE LIQUORS,2,1,1,1,1
19640,RITE PRICE FOOD,6,0,6,3,3
19641,RITE PRICE FOOD MART,4,2,2,3,1
19642,RITUAL COFFEEHOUSE,9,5,4,4,5
19643,RITZ INN,3,1,2,2,1
19644,"RITZ-CARLTON RESIDENCES, CHICAGO",14,8,6,6,8
19645,RITZ-CARLTON WATER TOWER,39,15,24,17,22
19646,RIVA,16,6,10,6,10
19647,RIVER NILE RESTAURNAT,8,5,3,2,6
19648,RIVER NORTH BISTRO,6,4,2,1,5
19649,RIVER NORTH GYM 1,2,1,1,1,1
19650,RIVER ROAST,13,4,9,6,7
19651,RIVER SHANNON,8,4,4,4,4
19652,RIVER WEST HEALTHY EATERY,6,4,2,2,4
19653,RIVERS,24,5,19,15,9
19654,RIVERSIDE DELI,6,3,3,2,4
19655,RIVERSIDE LOBBY SHOP,3,2,1,1,2
19656,RIVERSIDE MARKET,4,1,3,4,0
19657,RIVERVIEW TAVERN / ROBEY PIZZA COMPANY,14,6,8,7,7
19658,RIVERVIEW TAVERN AND GRILL,4,3,1,4,0
19659,RIVIERA FOODS,16,4,12,6,10
19660,RIVIERA MAYA,7,3,4,3,4
19661,RIVIERA NAYARIT DE CHUY VNO,4,2,2,3,1
19662,RIZZATA'S PIZZA,2,1,1,1,1
19663,RIZZO'S BAR & INN,3,0,3,1,2
19664,RJ GRUNTS,20,10,10,3,17
19665,RJ Liquors,2,1,1,1,1
19666,RJ'S MEXICAN GRILL TACOS & BURRITOS,6,3,3,3,3
19667,RL,15,5,10,8,7
19668,RM FOOD LIQUOR,8,2,6,7,1
19669,RML CHICAGO,28,14,14,4,24
19670,RMN CORP,12,5,7,3,9
19671,ROAD RANGER #187,15,7,8,9,6
19672,ROAD TO RIGHTEOUSNESS DAYCARE,3,0,3,2,1
19673,ROADHOUSE 66,6,2,4,4,2
19674,ROADHOUSE 66 GAS N' GRILL,13,5,8,6,7
19675,ROANOKE,27,7,20,13,14
19676,ROB'S GYRO'S,2,0,2,1,1
19677,ROBERT ET FILS,5,1,4,3,2
19678,ROBERT HEALY ANNEX ELEMENTARY,19,11,8,2,17
19679,ROBERT HEALY ELEMENTARY SCHOOL,19,10,9,3,16
19680,ROBERT L. GRIMES ELEMENTARY,15,6,9,0,15
19681,ROBERT MORRIS COLLEGE,18,7,11,7,11
19682,ROBERT N. DETT ELEMENTARY,13,4,9,5,8
19683,ROBERT T WALKER LEADERSHIP INSTITUTE,2,0,2,2,0
19684,ROBERT'S PIZZA AND DOUGH COMPANY,9,4,5,4,5
19685,ROBERTA'S,4,0,4,2,2
19686,ROBERTO'S PLACE,2,1,1,1,1
19687,ROBERTS FISH MARKET,10,8,2,2,8
19688,ROBEY HOTEL,4,2,2,0,4
19689,ROBINSON 'S NEW ORLEANS CAJUN,9,3,6,4,5
19690,ROBINSON'S #1 RIB,24,13,11,7,17
19691,ROBINSON'S N0 1 RIBS,5,1,4,1,4
19692,ROBINSON'S RIBS,12,6,6,4,8
19693,ROBUST COFFEE LOUNGE LLC,32,12,20,16,16
19694,ROCK & JOE FOOD,11,2,9,10,1
19695,ROCK & ROLL MCDONALDS,10,3,7,2,8
19696,ROCK 'n ROLL NOODLE COMPANY,2,1,1,1,1
19697,ROCK BOTTOM RESTAURANT & BREWERY,8,2,6,5,3
19698,ROCK BOTTOM RESTAURANT & BREWERY - RB GRILLE,23,12,11,13,10
19699,ROCK N ROLL BP,3,2,1,1,2
19700,ROCK WRAP & ROLL,24,9,15,11,13
19701,ROCKETS ALL AMERICAN,3,2,1,1,2
19702,ROCKIN  TACO,7,4,3,4,3
19703,ROCKING HORSE,18,6,12,10,8
19704,ROCKIT  BURGER BAR,18,5,13,11,7
19705,ROCKS LAKEVIEW,23,8,15,12,11
19706,ROCKS LINCOLN PARK,6,2,4,3,3
19707,ROCKS NORTHCENTER,18,7,11,10,8
19708,ROCKS RIVER NORTH,3,1,2,2,1
19709,ROCKWELL BOTTLE SHOP & COFFEE,2,0,2,2,0
19710,ROCKWELL MINI MART,8,2,6,6,2
19711,"ROCKWELL MINI MART, INC",4,0,4,2,2
19712,ROCKWELL PROPERTIES LLC,2,0,2,1,1
19713,ROCKWELL'S NEIGHBORHOOD GRILL,17,6,11,8,9
19714,ROCKWELLSS TACO,2,0,2,2,0
19715,ROCKWOOD,11,3,8,6,5
19716,ROCKY MOUNTAIN CHOCOLATE FACTORY,28,19,9,3,25
19717,ROCKY PANCAKE HOUSE,19,5,14,10,9
19718,ROCKY'S,12,6,6,3,9
19719,ROCKY'S TACOS,21,5,16,10,11
19720,ROCKYS TACOS,15,6,9,5,10
19721,ROCOTO PERUVIAN BITES,2,2,0,1,1
19722,RODITY'S,7,4,3,4,3
19723,RODITYS RESTAURANT,13,5,8,5,8
19724,RODOLFO DI SAPIO,11,9,2,2,9
19725,RODRIGUEZ FRUITS & VEGETABLE,24,8,16,13,11
19726,ROESER'S BAKERY,13,6,7,5,8
19727,ROG  MOBIL,3,2,1,2,1
19728,ROGER'S GROCERY STORE,3,1,2,2,1
19729,ROGER'S GROCERY STORE  O B,4,2,2,2,2
19730,ROGERS MARKET,4,2,2,2,2
19731,ROGERS PARK CAFE,3,1,2,2,1
19732,ROGERS PARK CHILDREN'S CENTER,13,6,7,5,8
19733,ROGERS PARK FINE WINES & SPIRITS,3,0,3,2,1
19734,ROGERS PARK FRUIT MARKET,19,5,14,7,12
19735,ROGERS PARK MONTESSORI SCHOOL,13,8,5,4,9
19736,ROGERS PARK PROVISION,3,2,1,0,3
19737,ROGERS PARK SHELL,5,3,2,3,2
19738,ROGERS PARK SOCIAL,2,0,2,0,2
19739,ROGERS PARK TAPROOM & COFFEE HOUSE,6,3,3,3,3
19740,ROGERS PIER,7,3,4,3,4
19741,ROGERS WING,6,1,5,4,2
19742,ROGGENART BAKER BISTRO & CAFE,3,0,3,3,0
19743,ROGUE FUSION,3,2,1,1,2
19744,ROISTER,14,6,8,6,8
19745,ROJO GUSANO,25,4,21,19,6
19746,ROKA AKOR/BOMBAY SPICE GRILL AND WINE,22,4,18,12,10
19747,ROKITO'S,3,1,2,2,1
19748,ROLANDO TACO'S,16,6,10,9,7
19749,ROLLAPALOOZA,17,6,11,10,7
19750,ROLLING  CHICAGO,7,3,4,5,2
19751,ROLLING DOUGHNUTS,3,1,2,2,1
19752,ROLLS N BOWLS EXPRESS,17,4,13,10,7
19753,ROLY  POLY,2,1,1,1,1
19754,ROLY POLY,9,5,4,5,4
19755,ROLYS,4,1,3,3,1
19756,ROMA'S BEEF & SAUSAGE,19,4,15,11,8
19757,ROMA'S ITALIAN BEEF & SAUSAGE,6,3,3,3,3
19758,ROMA'S REST,3,1,2,2,1
19759,ROMA'S RESTAURANT,27,6,21,17,10
19760,ROMAN BROS 1 INC,20,9,11,8,12
19761,ROMANIAN KOSHER SAUSAGE CO,13,6,7,4,9
19762,ROME'S JOY CATERING INC.,17,6,11,8,9
19763,ROMERO FOOD MARKET,2,1,1,1,1
19764,ROMERO'S BURGER BULL,12,8,4,5,7
19765,ROMERO'S IN BLOOM,2,1,1,1,1
19766,RON OF JAPAN INC,24,10,14,12,12
19767,RON'S GRILL ETC,6,4,2,1,5
19768,RONAM,2,1,1,1,1
19769,"RONDA NEW LIFE BEGINNINGS, INC.",3,2,1,2,1
19770,RONERO,8,1,7,5,3
19771,RONG SHING HONG,3,0,3,2,1
19772,RONNIE'S FAMOUS HOAGIES & STEAKS,2,0,2,1,1
19773,RONNY'S,3,1,2,2,1
19774,RONNY'S ORIGINAL STEAK HOUSE,23,11,12,7,16
19775,"ROOFTOP BY THE FIREHOUSE, INC.",20,8,12,10,10
19776,ROOH CHICAGO,8,0,8,8,0
19777,ROOK CAFE AND SMOOTHIE BAR,4,0,4,2,2
19778,ROOM 12,21,10,11,11,10
19779,ROOM 1520,3,2,1,2,1
19780,ROOM FIVE HUNDRED,13,5,8,2,11
19781,ROOM FORTY THREE,11,4,7,6,5
19782,ROOM TO PLAY,6,2,4,1,5
19783,ROOM TO PLAY NFP,2,0,2,1,1
19784,ROONG PETCH THAI RESTAURANT,9,5,4,3,6
19785,ROOSEVELT & WESTERN SHELL,3,1,2,2,1
19786,ROOSEVELT AND KOSTNER / AMOCO,5,1,4,5,0
19787,"ROOSEVELT CONNECT MART, INC",2,2,0,1,1
19788,"ROOSEVELT FIESTA GRILL, INC.",3,0,3,2,1
19789,ROOSEVELT FOOD & DOLLAR,3,1,2,1,2
19790,"ROOSEVELT FOOD & LIQUOR, INC.",3,1,2,2,1
19791,"ROOSEVELT FOOD MARKET, INC.",12,4,8,8,4
19792,"ROOSEVELT JEFFERSON CLINTON,LLC",5,1,4,3,2
19793,ROOSEVELT UNIVERSITY COFFEE SHOP,9,3,6,5,4
19794,ROOSEVELT UNIVERSITY DINING SERVICES,21,8,13,9,12
19795,ROOSEVELT WESTERN SHELL,2,0,2,1,1
19796,ROOSEVELT'S CONNECT,4,0,4,3,1
19797,ROOST CHICKEN & BISCUITS,5,1,4,1,4
19798,ROOTS HANDMADE PIZZA,23,13,10,6,17
19799,ROOTS HANDMADE PIZZA - PRINTER'S ROW,9,4,5,3,6
19800,ROOTS HANDMADE PIZZA - SECOND CITY/UTOPIAN TAILGAT,11,2,9,9,2
19801,ROOTS HANDMADE PIZZA-LINCOLN SQUARE/THE SIXTH QUAL,20,5,15,15,5
19802,ROOTSTOCK WINE & BEER BAR,22,6,16,17,5
19803,ROPA RESTAURANT &   WINE BAR,6,4,2,3,3
19804,ROSA DE LIMA,3,2,1,2,1
19805,ROSA FOOD MARKET,4,2,2,3,1
19806,ROSA ISELA TACOS Y MAS,12,6,6,7,5
19807,ROSA'S LOUNGE,4,2,2,4,0
19808,ROSA'S SUPERMERCADO,15,9,6,3,12
19809,ROSAL'S CUCINA INC,16,4,12,10,6
19810,ROSALINDA FOOD  MARKET,5,2,3,2,3
19811,ROSALINDA FOOD MARKET PLUS,3,1,2,1,2
19812,ROSALINE GROCERY INC,3,0,3,1,2
19813,ROSARIO CASTELLANOS,16,9,7,5,11
19814,ROSARIO'S ITALIAN FOOD INC,8,6,2,1,7
19815,ROSAS TAMALES,40,18,22,16,24
19816,ROSAS TAMALES #2,9,4,5,4,5
19817,ROSAS TAMALES INC,4,0,4,2,2
19818,"ROSAS TAMALES, INC.",16,3,13,12,4
19819,ROSATI'S GRANT PARK,6,3,3,2,4
19820,ROSATI'S PIZZA,69,25,44,34,35
19821,ROSATI'S PIZZA & CALIFORNIA STYLE DELI,7,2,5,4,3
19822,ROSATI'S PIZZA LOOP,11,8,3,6,5
19823,ROSATI'S PIZZA OF CHICAGO-LOGAN SQUARE,8,2,6,6,2
19824,ROSATI'S PIZZA OF EVERGREEN PARK,9,3,6,6,3
19825,ROSATI'S PIZZA OF LINCOLN PARK,9,3,6,6,3
19826,ROSATIS,5,2,3,3,2
19827,ROSATIS PIZZA,34,13,21,17,17
19828,ROSATIS PIZZA UPTOWN,10,4,6,5,5
19829,ROSCOE VILLAGE PUB,2,1,1,2,0
19830,ROSCOE VILLAGE TREATS,2,1,1,2,0
19831,ROSCOE'S KITCHEN,2,1,1,1,1
19832,ROSCOE'S TAVERN LTD,21,11,10,11,10
19833,"ROSCOE-DAMEN, CORP.",12,7,5,5,7
19834,ROSDED,5,0,5,4,1
19835,ROSDED  RESTAURANT,7,3,4,3,4
19836,ROSDED RESTAURANT,13,6,7,6,7
19837,ROSE FOOD MART,4,2,2,3,1
19838,ROSE FOOD MART INC,3,2,1,2,1
19839,ROSE MARY,10,3,7,8,2
19840,ROSE-ANGELA HALL,10,4,6,4,6
19841,ROSE-RIDGE FOODS,10,4,6,5,5
19842,"ROSEANGELIS, INC.",9,2,7,5,4
19843,ROSEATE,2,1,1,2,0
19844,ROSEBUD CAFE,19,12,7,9,10
19845,ROSEBUD EATT,8,2,6,4,4
19846,ROSEBUD FARM INC,15,7,8,9,6
19847,ROSEBUD IN & OUT,4,1,3,3,1
19848,ROSEBUD ON THE PARK,6,2,4,3,3
19849,ROSEBUD PRIME,16,7,9,8,8
19850,ROSEBUD RESTAURANTS INC,21,14,7,12,9
19851,ROSEBUD STEAKHOUSE,6,3,3,2,4
19852,ROSEBUD THEATRE DISTRICT,10,4,6,2,8
19853,ROSEBUD TRATTORIA,5,0,5,5,0
19854,ROSEBUD-RUSH,23,5,18,13,10
19855,ROSELAND CHILD DEVELOPMENT,7,4,3,4,3
19856,ROSELAND CHRISTIAN SCHOOL,5,3,2,1,4
19857,ROSELAND COMMUNITY GOOD NEWS DAY CARE CORP.,12,3,9,6,6
19858,ROSELAND COMMUNITY GOOD NEWS DAYCARE,9,4,5,5,4
19859,ROSELAND COMMUNITY HOSPITAL ASSOCIATION,31,17,14,13,18
19860,ROSELAND FOOD & LIQUOR,15,4,11,9,6
19861,ROSELAND FOOD MART,11,3,8,8,3
19862,"ROSELAND FOOD MART, INC.",2,0,2,1,1
19863,ROSELAND FOOD PLUS,3,2,1,2,1
19864,ROSELAND FRESH MART INC.,4,1,3,2,2
19865,ROSELAND LEARNING CENTER,19,10,9,5,14
19866,ROSELAND MARATHON,2,1,1,1,1
19867,ROSELAND PIZZA AND TACOS CO,6,3,3,5,1
19868,ROSELAND PIZZAS AND TACOS,14,4,10,6,8
19869,ROSELAND PIZZAS AND TACOS CO,7,3,4,2,5
19870,"ROSELAND QUICK MART, INC.",6,1,5,5,1
19871,ROSELAND SENIOR SATELLITE CENTER,14,8,6,3,11
19872,ROSELAND SLF ASSOCIATES LP,12,4,8,4,8
19873,ROSELAND STOP & SHOP,3,0,3,3,0
19874,ROSEMOOR TOWN & COUNTRY LIQ,3,2,1,1,2
19875,ROSENWALD ELEMENTARY,21,10,11,9,12
19876,ROSEWOOD TAVERN,4,2,2,2,2
19877,ROSIE'S CAFE & CATERING,10,4,6,4,6
19878,ROSIE'S DONUTS,2,0,2,1,1
19879,"ROSIE'S GRILL, INC",10,4,6,5,5
19880,ROSIE'S SIDEKICK,7,3,4,5,2
19881,ROSITA'S ICE CREAM,2,1,1,1,1
19882,ROSS ELEMENTARY,7,4,3,3,4
19883,ROSTIS PIZZA,3,2,1,1,2
19884,ROSWELL MASON CPC,24,11,13,9,15
19885,ROSWELL MASON ELEMENTARY SCHOOL,15,8,7,5,10
19886,ROSY'S BAKERY,22,1,21,13,9
19887,ROSYI BAKERY,2,0,2,2,0
19888,"ROTANA GRILL, INC.",4,2,2,2,2
19889,ROTHSCHILD LIQUORS,16,4,12,10,6
19890,ROTI,16,4,12,6,10
19891,"ROTI 200 WEST RANDOLPH, LLC",17,9,8,5,12
19892,ROTI MEDITERRANEAN GRILL,42,17,25,14,28
19893,ROTI MODERN MEDITERRANEAN,75,24,51,40,35
19894,ROTTEN JOHNNY'S,2,1,1,1,1
19895,ROUNDHOUSE CHICAGO,6,1,5,5,1
19896,ROUTE 66 DINER,3,0,3,2,1
19897,ROUTE 66 PIZZA,11,2,9,8,3
19898,ROUTE 69,2,0,2,2,0
19899,ROUX,2,1,1,1,1
19900,ROW 24,3,1,2,2,1
19901,ROWE CHARTER ELEMENTARY,12,6,6,3,9
19902,ROWE FOOD HOLDINGS LLC,13,3,10,5,8
19903,ROWE MIDDLE SCHOOL,5,3,2,3,2
19904,ROWE-CLARK MATH & SCIENCE ACADEMY,4,0,4,2,2
19905,ROWIE'S BAKERY,12,7,5,2,10
19906,"ROXANNE FOOD MART, INC.",6,1,5,4,2
19907,"ROXIE'S FOOD NO. 2, INC",2,1,1,1,1
19908,"ROXIE'S FOODS,INC",4,3,1,1,3
19909,ROXIE'S ROADSIDE REFRESHER,3,0,3,1,2
19910,ROY'S,21,9,12,12,9
19911,ROY'S FOOD & LIQUOR INC,4,2,2,2,2
19912,ROY'S SOUL FOOD,4,2,2,1,3
19913,ROYAL AFRICANA LOUNGE INC.,4,0,4,3,1
19914,ROYAL BBQ & JERK INC,4,2,2,1,3
19915,ROYAL BERRY,3,1,2,2,1
19916,ROYAL CARIBBEAN EXPRESS JERK CUISINE,3,1,2,2,1
19917,ROYAL CARIBBEAN JERK,24,8,16,13,11
19918,"ROYAL CATERING SERVICES,LLc",7,0,7,6,1
19919,ROYAL CHICKEN,4,1,3,3,1
19920,ROYAL CHICKEN AND SEAFOOD,7,2,5,6,1
19921,ROYAL COFFEE,21,8,13,10,11
19922,ROYAL CUPCAKES&BAKES,3,2,1,1,2
19923,ROYAL DELI,7,4,3,3,4
19924,ROYAL FLAT CARIBBEAN JERK CUISINE,11,1,10,9,2
19925,ROYAL FOOD AND GASMART,4,0,4,3,1
19926,ROYAL FOOD BASKET INC.,3,1,2,2,1
19927,ROYAL GARDEN BANQUETS AND CATERING,11,4,7,6,5
19928,ROYAL GARDENS,6,0,6,3,3
19929,ROYAL GOURMET POPCORN AND CANDY,2,0,2,1,1
19930,ROYAL GROCER & CO,10,2,8,6,4
19931,ROYAL ICE CREAM INC,5,3,2,2,3
19932,ROYAL ICE CREAM INC.,3,1,2,2,1
19933,ROYAL INDIAN GRILL INC.,14,5,9,9,5
19934,ROYAL KEBAB,3,1,2,2,1
19935,ROYAL KITCHEN,13,4,9,7,6
19936,"ROYAL MINI MARKET, INC",2,0,2,1,1
19937,ROYAL NUTRITION,3,1,2,3,0
19938,ROYAL NUTRITON,4,2,2,3,1
19939,ROYAL PALMS SHUFFLEBOARD CLUB,3,2,1,1,2
19940,ROYAL SONESTA CHICAGO AND HOYT'S AMERICAN TAVERN,9,7,2,2,7
19941,ROYAL SONESTA CHICAGO RIVER NORTH,23,8,15,21,2
19942,ROYAL SUB FISH AND CHICKEN,2,1,1,1,1
19943,ROYAL SUSHI,22,7,15,14,8
19944,ROYAL SWEET & FAST FOOD & PIZZ,7,4,3,4,3
19945,ROYAL THAI CUISINE,21,9,12,9,12
19946,ROYALTY,21,5,16,14,7
19947,ROYCE CHICAGO,2,2,0,0,2
19948,ROYS LUNCH BAG,22,10,12,13,9
19949,ROZANA,16,5,11,11,5
19950,RPM ITALIAN,17,7,10,6,11
19951,RPM ON THE WATER/ RPM EVENTS,8,5,3,2,6
19952,RPM SEAFOOD,7,2,5,3,4
19953,RPM SEAFOOD/RPM ON THE WATER,2,1,1,1,1
19954,RPM STEAK,18,7,11,9,9
19955,RS MARKETERS/ RS ZABIHA MEAT,2,1,1,1,1
19956,RTW VETERAN CENTER,2,0,2,2,0
19957,RUB BBQ COMPANY,3,1,2,2,1
19958,RUBI GROCERY,2,0,2,2,0
19959,RUBI'S,4,0,4,2,2
19960,RUBIANNA PASTA & THINGS,5,2,3,4,1
19961,RUBY OF SIAM,8,7,1,3,5
19962,RUBY'S FAST FOOD,22,10,12,12,10
19963,RUBY'S FAST FOOD CORP.,7,3,4,5,2
19964,RUBY'S HOT GRILL,2,1,1,1,1
19965,RUBY'S PLACE,2,1,1,2,0
19966,RUBY'S RESTAURANT,13,7,6,5,8
19967,RUBY'S SOULFOOD,3,0,3,2,1
19968,RUBYS RESTAURANT GROUP,6,4,2,5,1
19969,RUBYS SOULFOOD DOWNTOWN,3,1,2,3,0
19970,RUBYS SOULFOOD EXPRESS,10,1,9,9,1
19971,RUBYS SOULFOOD FORD CITY,3,1,2,2,1
19972,"RUCA FOODSERVICE, LLC",5,4,1,2,3
19973,RUCHI (PIZZERIA) RESTAURANT,5,3,2,2,3
19974,RUCKER CAFE,2,0,2,2,0
19975,RUDY'S BAKERY,18,9,9,11,7
19976,RUDY'S BAR & GRILL,17,6,11,7,10
19977,RUDY'S FOOD & LIQUOR,12,5,7,5,7
19978,RUDY'S LOUNGE,2,0,2,1,1
19979,RUDY'S RAMEN,3,2,1,0,3
19980,RUFFOLO RESTAURANT INC/GIGI'S,3,1,2,3,0
19981,RUFINO TAMAYO,11,6,5,1,10
19982,"RUFUS FULL LINE GROCERY STORE & DELI,LLC",6,0,6,4,2
19983,RUIN'S DAILY,13,5,8,8,5
19984,RUIZ ELEMENTARY SCHOOL,19,10,9,7,12
19985,RUK KIMBALL SUSHI & THAI,6,3,3,5,1
19986,RUK SUSHI & THAI,16,5,11,9,7
19987,RUK SUSHI AND THAI,19,8,11,5,14
19988,RUKIYO'S,2,0,2,1,1
19989,RUMBA,3,1,2,2,1
19990,RUMI  GRILL,9,1,8,3,6
19991,RUMIJA CULTURAL CENTER,8,3,5,4,4
19992,RUMOR'S CAFE,7,1,6,5,2
19993,RUNA JAPANESE,17,6,11,11,6
19994,RUNWAY SUBMARINE,6,5,1,3,3
19995,RUSH CHILDREN'S SERVICES,6,2,4,3,3
19996,RUSH DAY SCHOOL,12,6,6,3,9
19997,RUSH STREET,14,2,12,4,10
19998,RUSH UNIVERSITY CHILDREN'S HOSPITAL,2,0,2,2,0
19999,RUSH UNIVERSITY MEDICAL CENTER,21,9,12,7,14
20000,RUSSIAN TEA TIME,22,8,14,9,13
20001,RUSTIC HOUSE,10,2,8,5,5
20002,RUSTIK,4,1,3,3,1
20003,RUSTLE & ROUX,17,9,8,8,9
20004,RUTH AND PHILS GOURMET ICE CREAM,12,3,9,7,5
20005,RUTH KAPLAN,14,6,8,7,7
20006,RUTH'S CHRIS STEAK HOUSE,14,6,8,6,8
20007,RUXBIN KITCHEN,20,8,12,11,9
20008,RUYI SUSHI,3,1,2,2,1
20009,RV CLARK LLC,9,1,8,7,2
20010,RYAN ANTHONY'S,3,2,1,1,2
20011,RYAN BANKS ACADEMY,2,0,2,2,0
20012,RYAN FOODS STORE,3,1,2,2,1
20013,RYBA'S FUDGE SHOP,5,1,4,2,3
20014,RYBA'S FUDGE SHOPS,9,6,3,3,6
20015,RYDER ELEMENTARY SCHOOL,21,9,12,7,14
20016,RYHANAS CUISINE,11,4,7,7,4
20017,"RYLON'S SMOKEHOUSE PARTNERS, LLP",12,5,7,8,4
20018,RYO SUSHI,14,6,8,7,7
20019,RYUU ASIAN BBQ,11,2,9,7,4
20020,Rahman Holdings Inc,3,1,2,2,1
20021,"Ram's Gyros, Hot Dogs, Hamburg",6,0,6,4,2
20022,Randolph Magnet,22,8,14,7,15
20023,Ravenswood,17,8,9,2,15
20024,Ray,26,9,17,14,12
20025,Real Thai Restaurant,5,2,3,3,2
20026,RealGood Stuff Co,7,2,5,6,1
20027,Reavis,19,9,10,5,14
20028,Rebel Bar & Grill,9,2,7,6,3
20029,Red E Brands,4,1,3,2,2
20030,Red Ivy,10,2,8,7,3
20031,Red Lion Pub,17,7,10,10,7
20032,Red Mango,11,2,9,7,4
20033,Red Mango Cafe,3,1,2,2,1
20034,Red Mango Loyola,4,2,2,2,2
20035,Red Pepper's Lounge,11,2,9,6,5
20036,Red Ribbon,13,5,8,5,8
20037,Red Square,16,5,11,8,8
20038,Reed,4,2,2,1,3
20039,Regulus Coffee House Company,5,1,4,3,2
20040,Relay #4172,3,1,2,2,1
20041,Relay Store # 4162,3,2,1,1,2
20042,"Remedy Chicago, Inc.",4,4,0,0,4
20043,Renaissance Cafe,5,3,2,1,4
20044,Restaurant Vizcaya,2,0,2,2,0
20045,Restaurante Conoce Mi Panama,3,1,2,1,2
20046,"Reuter's Bakery, LLC.",12,2,10,5,7
20047,"Revaca Frutas Y Legumres Mexicanas, Co.",3,1,2,2,1
20048,Revere,15,9,6,3,12
20049,Rice Bistro,2,0,2,1,1
20050,Richards HS,20,11,9,6,14
20051,"Rio Grande Fruit Market, Inc.",16,5,11,9,7
20052,River City Convenience,12,5,7,7,5
20053,Rizq Meat & Grocery Inc,4,3,1,2,2
20054,Rizzo's Bar & Inn,16,4,12,10,6
20055,Robeson (H/S),15,9,6,6,9
20056,Rockit Bar & Grill,22,10,12,10,12
20057,Rodan,12,3,9,8,4
20058,Rolls N Bowls,7,2,5,2,5
20059,Roma Pizza&Pasta,2,0,2,2,0
20060,Roosevelt Discount,5,0,5,3,2
20061,Rosati's Pizza,2,1,1,1,1
20062,"Rosebud Catering & Events, Inc.",15,6,9,6,9
20063,Rosebud Steakhouse,16,7,9,7,9
20064,Rotisserie Ent & Annet's,2,1,1,1,1
20065,Rub's Backcountry Smokehouse,9,2,7,4,5
20066,Ruby's Ribs,8,2,6,6,2
20067,Rudolph,16,10,6,6,10
20068,Ruggles,25,10,15,12,13
20069,Ryba's Fudge Shops Inc,2,1,1,0,2
20070,"S & A GROCERY, INC.",2,1,1,1,1
20071,S & A MINI MART,4,3,1,2,2
20072,"S & B FOOD & LIQUORS, INC.",2,1,1,1,1
20073,S & C ELECTRIC COMPANY,17,10,7,7,10
20074,S & E DINER,5,3,2,3,2
20075,S & G GRILL,21,4,17,10,11
20076,"S & H CONVENIENT STORE,INC.",8,5,3,2,6
20077,S & H FOOD MART INC.,4,1,3,2,2
20078,S & J MOBIL OIL INC,4,0,4,3,1
20079,"S & K FOOD & LIQUOR, INC.",4,3,1,0,4
20080,S & K FOOD MART & RESTAURANT,16,5,11,12,4
20081,S & L ENTERPRISES L T D,4,2,2,3,1
20082,S & L FOOD & LIQUORS INC,2,2,0,2,0
20083,S & M FOOD MARKET,8,2,6,4,4
20084,"S & M GROCERY, INC.",6,1,5,4,2
20085,S & M LIQUORS,5,1,4,2,3
20086,"S & R FOOD, INC.",2,0,2,2,0
20087,S & R GROCERY AND DOLLAR PLUS,6,3,3,4,2
20088,S & S  FOOD ON CLARK,4,1,3,2,2
20089,S & S FOOD & DELI,5,2,3,2,3
20090,S & S FOOD ON  CLARK,2,1,1,1,1
20091,S & S GROCERIES FOOD,2,0,2,1,1
20092,S & S LEARNING CENTER INCORPORATED,2,0,2,2,0
20093,S & S Restaurant,2,1,1,1,1
20094,S & S SHOP 4 LESS,2,1,1,2,0
20095,S & S THAI RESTAURANT INC.,5,1,4,1,4
20096,S & T 79TH FOOD MART INC,3,2,1,2,1
20097,S & T PROVISION CO INC,5,1,4,0,5
20098,S & T PROVISION CO.,5,1,4,1,4
20099,"S & T, INC.",4,2,2,2,2
20100,"S COTTAGE GROVE GROCERY, INC",2,0,2,1,1
20101,S HOMAN FOOD,8,1,7,5,3
20102,S L GRILL,2,1,1,1,1
20103,S L PANTRY & GRILL,6,3,3,3,3
20104,S&D FOOD MART,4,1,3,2,2
20105,S&D MINI MART,2,0,2,1,1
20106,S&S DELI,6,1,5,3,3
20107,S&S DISCOUNT MART,3,0,3,2,1
20108,S&S FOOD MART,2,1,1,1,1
20109,S'  PAISANS PIZZA & GRILL,13,3,10,5,8
20110,S. A. A. FOOD & LIQUORS,8,5,3,3,5
20111,S. F. BURGER,5,3,2,3,2
20112,"S. L  DISCOUNT, INC.",3,0,3,2,1
20113,S. S. FOOD & LIQUOR,2,1,1,1,1
20114,S.D. LIQUOR,4,0,4,3,1
20115,S.K.Y.,13,4,9,9,4
20116,S2 CITY GRILL AND BAR,7,3,4,4,3
20117,S2 EXPRESS GRILL,17,4,13,10,7
20118,S2 SOUTH SIDE BAR & GRILL,2,2,0,0,2
20119,S@KURA,27,11,16,17,10
20120,SA HOWARD INC.,6,3,3,3,3
20121,"SA HOWARD NORTH, INC.",4,1,3,2,2
20122,SAALAR ON TAYLOR,3,0,3,3,0
20123,SABA GROCERY,2,0,2,2,0
20124,SABA ITALIAN BAR & KITCHEN,5,3,2,1,4
20125,"SABAIDEE, LLC",2,0,2,2,0
20126,SABAS VEGA INC.,20,7,13,9,11
20127,SABATINOS INC,14,7,7,4,10
20128,SABE A ZULIA,8,4,4,3,5
20129,"SABLE AT NAVY PIER, A CURIO HOTEL BY HILTON",2,0,2,0,2
20130,SABOR A CAFE RESTAURANT,18,3,15,10,8
20131,SABOR A CUBA,2,2,0,1,1
20132,SABOR A GLORIA,10,2,8,8,2
20133,SABOR DE GUERRERO,2,0,2,1,1
20134,SABOR LATINO #2,7,6,1,1,6
20135,SABOR LATINO RESTAURANT,12,6,6,3,9
20136,SABORCITO ECUATORIANO,9,3,6,7,2
20137,SABOREA,2,1,1,1,1
20138,"SABORES DE AMERICA, KATAKANA KOKO MEXICAN GRILL",8,1,7,6,2
20139,SABORES DE MEXICO EN CHICAGO,5,3,2,2,3
20140,SABRI NIHARI,21,9,12,9,12
20141,SABRI NIHARI  RESTAURANT,12,5,7,7,5
20142,SABRI NIHARI RESTAURANT,10,5,5,5,5
20143,SABRINA SUB,10,2,8,6,4
20144,SABROSO,9,1,8,6,3
20145,SABROSO GRILL,5,2,3,3,2
20146,SABROSO! MEXICAN GRILL,5,2,3,2,3
20147,SACCOBRUNO,7,5,2,2,5
20148,SACMONT FOOD MART,4,1,3,2,2
20149,SACRAMENTO FOOD MART,8,4,4,4,4
20150,SACRAMENTO STORE,2,1,1,1,1
20151,SACRED HEART HOSPITAL,8,5,3,2,6
20152,SACRED HEART SCHOOL,18,10,8,4,14
20153,SACRED HEART SCHOOLS,3,0,3,3,0
20154,SADDLE AND CYCLE CLUB,20,7,13,12,8
20155,SAFA MARKET,7,4,3,3,4
20156,SAFAH FOOD & LIQUOR INC,2,2,0,0,2
20157,SAFARI LOUNGE AND ETHIOPIAN CUISINE,17,4,13,12,5
20158,SAFARI RESTAURANT,11,3,8,9,2
20159,SAFARI SOMALI CUISINE,10,3,7,7,3
20160,SAFE ACHIEVE ACADEMY,4,1,3,2,2
20161,SAFE HAVEN CHILDCARE CENTER,10,2,8,5,5
20162,SAFEHOUSE,10,5,5,6,4
20163,SAFEWAY FOOD MARKET,2,1,1,1,1
20164,SAFFRON SPICE,4,1,3,3,1
20165,SAGAR & NEEL CORPORATION,3,1,2,2,1
20166,SAGE DINING SERVICES,8,2,6,6,2
20167,SAGE ROOM,5,1,4,3,2
20168,SAGINAW FOOD MART INC.,4,1,3,1,3
20169,SAGINAW RESTAURANT & FOOD,10,7,3,5,5
20170,"SAGINAW WINE AND LIQUORS, INC.",5,2,3,2,3
20171,SAHAR FOODS,2,2,0,0,2
20172,SAHAR INTERNATIONAL SUPERMARKET,19,6,13,9,10
20173,SAHEJI'S GRILL & RESTAURANT,6,1,5,5,1
20174,SAI CAFE,21,8,13,11,10
20175,SAI FOOD MART,2,0,2,2,0
20176,SAIF CONVENIENCE STORE,2,0,2,1,1
20177,SAIGON BISTRO,4,2,2,2,2
20178,"SAIGON BISTRO RESTAURANT, INC",16,9,7,8,8
20179,SAIGON LOTUS,3,0,3,2,1
20180,SAIGON PHO,7,1,6,5,2
20181,SAIGON SISTERS,49,24,25,12,37
20182,SAILORS,2,1,1,1,1
20183,SAIMAI THAI,16,4,12,9,7
20184,SAIMAI THAI RESTAURANT,2,1,1,1,1
20185,SAINT AGATHA CATHOLIC ACADEMY,2,1,1,1,1
20186,"SAINT ANNA BAKERY, INC",7,4,3,3,4
20187,SAINT BENEDICT ACADEMY,7,3,4,3,4
20188,SAINT CAJETAN,20,6,14,7,13
20189,SAINT GALL SCHOOL,17,13,4,4,13
20190,SAINT HYACINTH SCHOOL,10,3,7,2,8
20191,SAINT JOSEPH HOSPITAL,12,4,8,2,10
20192,SAINT LOU'S ASSEMBLY & MONEYGUN,18,6,12,9,9
20193,SAINT WALTER SCHOOL,19,8,11,6,13
20194,SAINT'S ALP TEAHOUSE,9,5,4,3,6
20195,SAINT'S ALP TEAHOUSE & GOURMET,9,6,3,2,7
20196,SAJ POWER,4,1,3,3,1
20197,SAJA FOODS,3,1,2,2,1
20198,SAJJAD INC,20,11,9,5,15
20199,SAKO RESTAURANT AND GROCERY INC,3,0,3,2,1
20200,SAKURA CRAB HOUSE,7,3,4,4,3
20201,SAKURA HOUSE,6,0,6,2,4
20202,SAKURA KARAOKE BAR,11,4,7,6,5
20203,SAKURA TEPPANYAKI AND SUSHI,23,6,17,14,9
20204,SAL'S PIZZA,6,1,5,4,2
20205,SAL'S TRATTORIA,11,3,8,5,6
20206,SALA BUA THAI CUISINE,5,1,4,3,2
20207,SALAAM RESTAURANT AND BAKERY,20,6,14,15,5
20208,SALAD CREATIONS,2,1,1,1,1
20209,SALAD HOUSE INC.,17,5,12,8,9
20210,SALAD SPINNERS,4,2,2,3,1
20211,SALAD SPINNERS TRUCK,3,1,2,2,1
20212,SALAD WORKS,28,12,16,7,21
20213,SALADS GALORE & MORE INC.,2,1,1,1,1
20214,SALADS UP,3,1,2,2,1
20215,SALAM RESTAURANT,36,11,25,20,16
20216,SALATINO'S,5,0,5,2,3
20217,SALAZAR  BAKERY,10,2,8,8,2
20218,SALAZAR BAKERY CAFE LLC,3,0,3,3,0
20219,SALEM CHRISTIAN SCHOOL,18,7,11,5,13
20220,SALERNO'S,29,6,23,14,15
20221,"SALERNO'S NAUTICAL PLAYPEN, INC.",2,0,2,1,1
20222,SALERNO'S PIZZA / WHISKEY HILL BREWING & PIZZA BA,7,0,7,6,1
20223,SALERNO'S PIZZERIA,5,1,4,4,1
20224,SALERO,17,6,11,8,9
20225,"SALESFORCE.COM, INC.",2,0,2,1,1
20226,SALGADO'S BAKERY,26,7,19,16,10
20227,SALGADO'S GROCERY STORE,5,1,4,1,4
20228,SALLIES LIQUORS,4,3,1,2,2
20229,SALLY FOOD MART,4,1,3,3,1
20230,SALLY'S LOUNGE,3,3,0,1,2
20231,SALLY'S TAVERN,3,0,3,2,1
20232,SALONICA RESTAURANT,21,6,15,7,14
20233,SALSA  PICANTE,14,10,4,7,7
20234,SALSA AND CHIPS,5,1,4,2,3
20235,SALSA BORRACHA/MAMBO CLUB,7,1,6,6,1
20236,SALSA'S GRILL,5,2,3,4,1
20237,SALSAS FAMILY MARKET,2,0,2,2,0
20238,SALSERIA GRILL & CANTINA,10,4,6,5,5
20239,SALSITA,17,7,10,8,9
20240,SALT & PEPPER,3,1,2,2,1
20241,SALT & PEPPER DINER,15,4,11,8,7
20242,SALT SHED,12,3,9,7,5
20243,SALTED CARAMEL,2,0,2,1,1
20244,SALTY SWEET,4,1,3,3,1
20245,SALUD  Y  VIDA,3,1,2,2,1
20246,SALUD ES VIDA,15,5,10,9,6
20247,SALUD ES VIDA HERBALIFE,4,2,2,2,2
20248,SALUD KITCHEN,6,2,4,4,2
20249,SALUD TEQUILA LOUNGE,11,5,6,6,5
20250,SALUD Y ARMONIA,3,3,0,1,2
20251,SALUD Y BIENESTAR,4,1,3,1,3
20252,SALUD Y BINENESTAR,6,3,3,5,1
20253,SALUTE WINEBAR,8,6,2,3,5
20254,SALVATION  ARMY,10,5,5,5,5
20255,SALVATION ARMY,4,1,3,1,3
20256,SALVATION ARMY - SODEXHO,15,6,9,3,12
20257,SALVATION ARMY ARC CLYBOURN,2,0,2,1,1
20258,SALVATION ARMY TEMPLE HEAD START,15,4,11,4,11
20259,SALVATORE'S RESTAURANT,19,7,12,7,12
20260,SALVD Y VIDA,7,1,6,4,3
20261,SAM & GERTIE'S / PORFIRIO D. F.,4,1,3,1,3
20262,SAM & MAZ INC,4,1,3,3,1
20263,SAM FOOD & GROCERY,2,0,2,2,0
20264,SAM FOOD & LIQUOR,5,2,3,3,2
20265,SAM FOOD AND LIQUOR,2,1,1,1,1
20266,SAM FOOD MART INC,12,4,8,3,9
20267,"SAM FOOD,DELI & FAST FOOD",4,2,2,3,1
20268,SAM SYLK'S CHICKEN AND FISH,3,3,0,1,2
20269,SAM'S BEEF& BBQ,3,2,1,2,1
20270,SAM'S CHICKEN & RIBS,17,8,9,11,6
20271,SAM'S CHICKEN & RIBS #2,2,0,2,1,1
20272,SAM'S CHICKEN AND RIBS,13,6,7,9,4
20273,"SAM'S CHICKEN AND RIBS, PIZZA",6,1,5,5,1
20274,SAM'S CHOP SUEY,2,2,0,1,1
20275,SAM'S FOOD,7,3,4,4,3
20276,SAM'S FOOD AND DELI,5,0,5,4,1
20277,"SAM'S FOOD I, LLC",8,4,4,6,2
20278,SAM'S FOOD MARKET INC.,2,1,1,1,1
20279,SAM'S FOOD MART,4,3,1,2,2
20280,SAM'S GOURMET LASAGNA,4,0,4,2,2
20281,SAM'S GRILL,11,2,9,8,3
20282,SAM'S GRILL AND PIZZA,3,2,1,2,1
20283,SAM'S GROCERY,4,1,3,3,1
20284,SAM'S KILDARE GROCERY,3,1,2,2,1
20285,SAM'S MART,4,1,3,3,1
20286,SAM'S QUICK STOP,5,1,4,3,2
20287,SAM'S QUICK STOP FOOD,2,0,2,1,1
20288,"SAM'S QUICK STOP MART, INC.",4,0,4,3,1
20289,SAM'S QUICKSTOP,4,1,3,3,1
20290,SAM'S STORE,4,0,4,3,1
20291,SAM121 INC.,2,1,1,1,1
20292,"SAMAH DISCOUNT STORE, INC",2,1,1,1,1
20293,SAMANTHA'S RESTAURANT & CAFE,8,1,7,6,2
20294,SAMARA MART LLC,3,1,2,2,1
20295,SAMBA FOOD INC.,4,1,3,3,1
20296,SAMBO'S,4,1,3,2,2
20297,SAME DAY CAFE,10,5,5,4,6
20298,SAME SAME,10,2,8,7,3
20299,SAMER FOOD,6,3,3,4,2
20300,SAMI BOY GROCER,3,2,1,1,2
20301,SAMI CONVENIENT MART INC,3,1,2,3,0
20302,SAMI SWOI,3,2,1,1,2
20303,SAMICH BOX,2,2,0,1,1
20304,SAMMY'S,14,7,7,8,6
20305,SAMMY'S BREAKFAST-LUNCH-DINNER,12,7,5,4,8
20306,SAMMY'S GOURMET POPCORN INC,5,2,3,4,1
20307,SAMMY'S GRILL,6,1,5,4,2
20308,SAMMY'S HALAL BURGER INC.,5,2,3,5,0
20309,SAMMY'S RED HOT,6,3,3,3,3
20310,SAMMY'S RED HOTS,30,12,18,15,15
20311,SAMMY'S TOUCH,24,11,13,10,14
20312,SAMMYS COUNTRY KITCHEN,14,5,9,3,11
20313,SAMMYS EXPRESS,2,0,2,2,0
20314,SAMS FOOD & DELI,3,2,1,2,1
20315,SAMS GAS,2,1,1,1,1
20316,SAMS MEGA MARKET,4,1,3,3,1
20317,SAN CHAE DOL SOT RESTAURANT,2,0,2,2,0
20318,SAN CHAE RESTAURANT,3,2,1,2,1
20319,SAN FELIPE FRESH MARKET,5,2,3,2,3
20320,SAN JOSE FAST FOOD,2,1,1,2,0
20321,SAN JOSE IMPORTS,2,1,1,1,1
20322,"SAN JOSE RESTAURANT, INC.",2,0,2,1,1
20323,SAN JUAN BAKERY,17,12,5,5,12
20324,SAN JUDITAS BAKERY,9,4,5,5,4
20325,SAN LUIS FREEZE INC,15,8,7,11,4
20326,SAN LUIS RESTAURANT,5,0,5,4,1
20327,SAN MIGUEL,3,1,2,2,1
20328,SAN MIGUEL BAKERY INC.,3,1,2,2,1
20329,SAN MIGUEL RESTAURANT COMIDA AUTENTICA MEXICANA,4,0,4,2,2
20330,SAN MIGUEL SCHOOL,21,6,15,8,13
20331,SAN MIGUELL II PRIVATE SCHOOL,6,0,6,5,1
20332,SAN SOO GAB SAN CORP,20,7,13,12,8
20333,SAN SOO KOREAN BBQ,14,2,12,7,7
20334,SAN'S CHICAGO STYLE HOT DOGS & MORE,2,0,2,1,1
20335,SAN-MARINO DELI,8,2,6,8,0
20336,SANA FOOD MART,2,0,2,1,1
20337,SANABEL BAKERY,4,3,1,1,3
20338,SANABEL GROCERY & BAKERY,14,9,5,3,11
20339,SANCHEZ CATERING,7,6,1,2,5
20340,SANCHEZ GROCERIES,2,1,1,1,1
20341,SANCHEZ MINIMARKET,3,1,2,2,1
20342,SANCHEZ TACOS,21,6,15,9,12
20343,SANCTUARY CHILDCARE DEVELOPMENT CENTER,8,5,3,2,6
20344,SAND BAKE,5,1,4,3,2
20345,SANDARBAN'S FISH BAR,8,3,5,4,4
20346,SANDELLA'S/CAPERS,9,1,8,5,4
20347,SANDERS LOIUNGE,2,1,1,1,1
20348,SANDERS LOUNGE,2,0,2,2,0
20349,SANDOVAL,17,9,8,3,14
20350,SANDRA A VOGWILL,2,1,1,1,1
20351,SANDRA'S FOOD INC.,9,5,4,3,6
20352,SANDUNGA,11,5,6,7,4
20353,SANDWICH & SALAD,2,1,1,1,1
20354,SANDWICH FACTORY AND GRILL,3,0,3,3,0
20355,SANDWICH ME IN,8,2,6,4,4
20356,SANDWICHED,6,2,4,4,2
20357,SANDWICHQUEEN EXPRESS,3,1,2,2,1
20358,SANDWICHQUEEN LLC,5,1,4,4,1
20359,SANDY'S BAKERY & DELI INC,28,13,15,13,15
20360,"SANFORD FOOD,INC",10,3,7,5,5
20361,SANFORD FOODS,2,1,1,1,1
20362,SANG'S KITCHEN,6,2,4,4,2
20363,SANGAMON SPIRITS,2,1,1,0,2
20364,SANGDUEN,4,1,3,3,1
20365,SANGRIA/RADIOSTAR/HOGS & HONEYS,5,2,3,3,2
20366,SANJUSTIN'S KITCHEN INC.,17,7,10,8,9
20367,"SANJUSTINS KITCHEN,INC",3,1,2,3,0
20368,SANOS PIZZERIA,25,6,19,15,10
20369,SANS 2 INC,7,4,3,3,4
20370,SANTA FE FOOD MARKET INC.,3,1,2,1,2
20371,SANTA LUCIA,12,6,6,2,10
20372,SANTA MARIA SUPERMERCADO # 1,3,1,2,2,1
20373,SANTAMARIA FOOD SERVICES INC.,2,1,1,0,2
20374,SANTIS ICE CREAM,3,0,3,2,1
20375,SANTO TORIBIO,2,0,2,2,0
20376,SANTORINI,16,6,10,10,6
20377,SANTOS # 2 FOOD MART,3,3,0,1,2
20378,SANTULLO'S,5,1,4,3,2
20379,SANTULLO'S EATERY,18,7,11,7,11
20380,"SAORY RESTAURANT, INC",6,2,4,5,1
20381,SAPA,2,1,1,1,1
20382,SAPORI,28,12,16,12,16
20383,SAPORI ANTICHI BAR ITALIANO,3,1,2,1,2
20384,SAPORI ANTICHI INTERNATIONAL IMPORTS,3,2,1,0,3
20385,SAPORI NAPOLETANI PIZZERIA RISTORANTE,4,1,3,2,2
20386,SAPORI NAPOLETANI PIZZERIA RISTORANTE E BAR,12,7,5,3,9
20387,SARA LEE BAKERY,3,1,2,2,1
20388,SARA PRODUCE MART,3,1,2,2,1
20389,SARAH & LEE'S CAFE & CATERING,20,14,6,7,13
20390,SARAH E. GOODE. STEM ACADEMY,14,3,11,3,11
20391,SARAH MART INC.,4,3,1,1,3
20392,SARAH'S CANDIES,5,2,3,4,1
20393,"SARAH'S PASTRIES & CANDIES, INC.",6,2,4,3,3
20394,SARAJEVO RESTAURANT,9,4,5,2,7
20395,SARAVALE MEAT MARKET,4,2,2,2,2
20396,SARAVALE MEAT MARKET & EUROPEAN DELI,17,7,10,7,10
20397,SARIKA FOOD INC,2,0,2,1,1
20398,SARITAS RESTAURANT & BAKERY,2,0,2,1,1
20399,SARKS IN THE PARK,4,0,4,3,1
20400,SARKS IN THE PARK LLC,10,2,8,5,5
20401,SARKU JAPAN,5,4,1,2,3
20402,SARPINO'S ALBANY PARK,3,1,2,2,1
20403,SARPINO'S PIZZERIA,72,23,49,38,34
20404,SARPINOS LOOP,24,6,18,16,8
20405,SARPINOS PIZZERIA,30,7,23,21,9
20406,SARRAP FILIPINO CUISINE AND BYOB,5,2,3,4,1
20407,SAS,8,4,4,3,5
20408,SAT KAIVAL FOOD INC/SUBWAY,6,1,5,1,5
20409,SATAY,19,7,12,10,9
20410,SATAZA,4,1,3,2,2
20411,SATINA WORLD MARKET,2,1,1,1,1
20412,SAUCE AND BREAD KITCHEN,5,2,3,1,4
20413,"SAUCY PORK HYDE PARK, LLC.",12,4,8,5,7
20414,SAUCY PORKA,14,7,7,8,6
20415,SAUGANASH GRILL,5,2,3,1,4
20416,SAUGANASH RESTAURANT,2,0,2,1,1
20417,SAUGANASH SCHOOL FOR THE YOUNG YEARS,12,3,9,7,5
20418,SAUL GROCERY STORE,2,0,2,2,0
20419,SAUL MARGIE'S BEEF,5,1,4,4,1
20420,SAUSAGE FEST,6,3,3,2,4
20421,SAVANNA RESTAURANT,9,4,5,4,5
20422,SAVANNAH SUPPER CLUB,9,2,7,7,2
20423,SAVANT EVENTS,5,2,3,2,3
20424,SAVE A LOT,23,7,16,9,14
20425,SAVE A LOT MARKET #24931,4,3,1,1,3
20426,SAVE BIG FOOD MART,2,1,1,1,1
20427,SAVE MORE COMPANY,6,1,5,5,1
20428,SAVE WAY WAREHOUSE MARKET INC.,11,2,9,8,3
20429,SAVE-A-LOT,11,5,6,3,8
20430,SAVE-A-LOT   #856,11,5,6,4,7
20431,SAVE-A-LOT  # 858,14,4,10,7,7
20432,SAVE-A-LOT  #851,2,1,1,1,1
20433,SAVE-A-LOT  #852,18,8,10,7,11
20434,SAVE-A-LOT  #855,3,0,3,3,0
20435,SAVE-A-LOT  #859,30,12,18,18,12
20436,SAVE-A-LOT  #862,21,11,10,10,11
20437,SAVE-A-LOT # 854,13,8,5,6,7
20438,SAVE-A-LOT #851,10,3,7,7,3
20439,SAVE-A-LOT #852,7,2,5,6,1
20440,SAVE-A-LOT #860,4,2,2,2,2
20441,SAVE-A-LOT #882,19,9,10,8,11
20442,SAVE-A-LOT #883,7,3,4,4,3
20443,SAVE-A-LOT #885,5,1,4,4,1
20444,SAVE-A-LOT #886,3,1,2,2,1
20445,SAVECO EXPRESS CO,3,1,2,2,1
20446,SAVERS FOOD MART,3,1,2,2,1
20447,SAVEWAY FOOD,14,2,12,7,7
20448,SAVEWAY FOOD MART,2,1,1,1,1
20449,SAVEWAY SUPERMARKET,2,1,1,0,2
20450,SAVOR,4,1,3,0,4
20451,SAVOR  THE FLAVOR CHICAGO,3,1,2,2,1
20452,SAVORY,3,0,3,3,0
20453,SAVORY FOOD & LIQUOR,4,1,3,2,2
20454,SAVORY SPICE SHOP,2,1,1,0,2
20455,SAVOY BAR & GRILL,3,1,2,1,2
20456,SAWA SUSHI,9,3,6,6,3
20457,SAWTOOTH RESTAURANT AND LOUNGE,12,5,7,6,6
20458,SAWYER  (ANNEX),18,6,12,6,12
20459,SAWYER (MAIN),19,9,10,4,15
20460,SAY CHEEZZZZZ,4,1,3,3,1
20461,SAY GRACE RESTAURANT GROUP,5,1,4,4,1
20462,SAY GRACE RESTAURANT GROUP INC./LOVE TACO,3,1,2,3,0
20463,SAYA'S SOUL FOOD RESTAURANT,3,0,3,2,1
20464,SAYAT NOVA,20,7,13,9,11
20465,SAYEL FOOD MART INC,3,1,2,1,2
20466,SAYURI SUSHI BAR,2,1,1,0,2
20467,SAZON CUBANO 2.0,3,2,1,1,2
20468,SAZON CUBANO INC,7,1,6,4,3
20469,SBARRO,81,34,47,34,47
20470,SBARRO ITALIAN EATERY,5,3,2,2,3
20471,SBARRO LLC,7,2,5,3,4
20472,SBARRO'S,20,7,13,11,9
20473,SBARRO'S PIZZERIA,18,9,9,9,9
20474,SBARROS,7,2,5,5,2
20475,"SBY RG2-1101, LLC",15,3,12,9,6
20476,SCAFURI BAKERY,24,8,16,15,9
20477,SCALI'S BEEF,2,1,1,1,1
20478,SCARLET BAR,3,0,3,3,0
20479,SCHLENKO INC.,7,2,5,2,5
20480,SCHMEAR,6,4,2,4,2
20481,SCHMID,20,10,10,5,15
20482,SCHNEIDER  SENIOR  APARTMENT,16,7,9,5,11
20483,SCHOOL FOR THE YOUNG YEARS,4,3,1,0,4
20484,SCHOOL OF LIFE PRESCHOOL,18,7,11,6,12
20485,SCHOOL OF SCHOLARS LEARNING CENTER LLC,14,8,6,7,7
20486,SCHOOL SNACKS,4,1,3,3,1
20487,SCHOOLHOUSE KITCHEN + STUDIO,7,3,4,2,5
20488,SCHOOLYARD TAVERN & GRILL,17,6,11,10,7
20489,SCHOONER LEARNING ACADEMY,4,2,2,1,3
20490,SCHORSCH VILLAGE IMPROVEMENT,3,1,2,1,2
20491,SCHUBA'S TAVERN/HARMONY GRILL,6,0,6,2,4
20492,SCHUBA'S TAVERN/TIED HOUSE,11,3,8,8,3
20493,SCHUBAS TAVERN/HARMONY GRILL,8,5,3,4,4
20494,SCHULZE & BURCH BISCUIT CO,2,0,2,1,1
20495,SCHWA,19,3,16,17,2
20496,SCHWAB REHAB HOSPITAL&CARE NET,13,2,11,3,10
20497,SCHWEET,5,0,5,2,3
20498,SCHWEET LLC,4,2,2,4,0
20499,SCIENTIFIC GAMES,2,1,1,1,1
20500,SCOFFLAW,16,7,9,8,8
20501,SCONE CITY,7,1,6,4,3
20502,"SCOOP'S, INC.",17,9,8,6,11
20503,SCOOPED COOKIE DOUGH BAR LLC,2,1,1,2,0
20504,SCOOPS DESSERT BAR LLC,2,2,0,1,1
20505,SCOOPS ICE CREAM,2,2,0,1,1
20506,SCOOPS ICE CREAM AND YOGURT LLC,2,1,1,1,1
20507,SCOOTER'S FROZEN CUSTARD LLC,9,3,6,3,6
20508,SCOOZI,3,1,2,1,2
20509,SCOTT'S HAMBURGER HEAVEN,8,2,6,4,4
20510,SD LIQUOR INC.,4,4,0,4,0
20511,SDG DUBU SO GONG DONG TOFU & BBQ,5,4,1,1,4
20512,SE' NSE ASIAN CUISINE,9,3,6,5,4
20513,SEA & OLIVE,11,1,10,11,0
20514,SEA FOOD HOT POT,13,5,8,8,5
20515,SEA SHELL RESTAURANT,16,2,14,9,7
20516,SEADOG SUSHI BAR,23,9,14,12,11
20517,"SEAFOOD & STEAK MARKET, INC",4,0,4,2,2
20518,SEAFOOD CITY,6,2,4,5,1
20519,SEAFOOD CITY SUPERMARKET,17,4,13,10,7
20520,SEAFOOD CITY SUPERMARKET/GRILL CITY/CRISPY TOWN/NO,9,2,7,6,3
20521,SEAFOOD CRIB,2,0,2,1,1
20522,SEAFOOD FISH & CHICKEN CRIB,2,1,1,1,1
20523,SEAFOOD GARDEN,3,1,2,2,1
20524,SEAFOOD HARBOR RESTAURANT,8,2,6,3,5
20525,SEAFOOD JUNCTION,23,7,16,12,11
20526,SEAFOOD JUNCTION # 4 INC.,17,8,9,8,9
20527,SEAFOOD JUNCTION MARKET,6,1,5,4,2
20528,SEAFOOD LAND,9,2,7,6,3
20529,SEAFOOD MARKET /RESTAURANT,8,1,7,6,2
20530,SEAFOOD ON THE TABLES,11,1,10,7,4
20531,SEAFOOD PALACE,5,1,4,3,2
20532,SEAFOOD SHACK & STEAK,4,2,2,2,2
20533,SEAFOOD SHACK & STEAK MARKET ON STONY INC.,4,2,2,2,2
20534,SEAMOS FELICES,6,1,5,4,2
20535,SEASHELL,12,1,11,11,1
20536,SEASHELL FISH & CHICKEN,27,11,16,14,13
20537,SEASHELL FISH AND CHICKEN,2,0,2,2,0
20538,SEASHELL ON 111TH INC,9,2,7,8,1
20539,SEASHELL RESTAURANT,66,15,51,41,25
20540,SEASHELL RESTAURANTS,5,3,2,2,3
20541,SEASONNNN & SALT,3,2,1,2,1
20542,SEASONS 52,9,4,5,4,5
20543,SEATTLE SUTTON EATING,2,0,2,1,1
20544,SEATTLE SUTTON HEALTHY EATING,3,1,2,2,1
20545,SEATTLE SUTTON'S,3,1,2,2,1
20546,SEATTLE SUTTON'S HEALTHY EATING,10,3,7,6,4
20547,SEATTLE SUTTONS HEALTHY EATING,6,2,4,4,2
20548,"SEATTLE SUTTONS HEALTHY EATING OF CRESTWOOD, INC",2,0,2,1,1
20549,SEATTLE'S BEST COFFEE,3,0,3,2,1
20550,SEAWORLD FOOD MARKET INC,5,2,3,2,3
20551,SEBASTIAN'S COFFEE & BAKERY,6,3,3,6,0
20552,SECOND CITY,5,2,3,1,4
20553,SECOND CITY MEADERY,2,0,2,2,0
20554,SECOND CITY SUBS,3,2,1,1,2
20555,SECOND TIME AROUND,19,5,14,13,6
20556,SECTOR 2337,2,1,1,1,1
20557,SEDGWICK'S,15,7,8,8,7
20558,SEE THRU ASIAN CUISINE INC,5,2,3,2,3
20559,SEE THRU CHINESE,15,4,11,3,12
20560,SEE THRU CHINESE KITCHEN,209,98,111,88,121
20561,SEE THRU CHINESE KITCHEN #13,23,10,13,8,15
20562,SEE THRU CHINESE KITCHEN #15,14,7,7,5,9
20563,SEE THRU CHINESE KITCHEN #19,9,1,8,4,5
20564,SEE THRU CHINESE KITCHEN #21,17,4,13,9,8
20565,SEE THRU CHINESE KITCHEN INC,12,3,9,5,7
20566,SEE THRU CHINESE RESTAURANT,76,34,42,29,47
20567,SEE THRU KITCHEN #16 INC.,2,0,2,1,1
20568,SEEA FOOD MEXICAN RESTAURANT,9,4,5,3,6
20569,SEEDS OF JOY,2,1,1,0,2
20570,SEEDS OF JOY DAYCARE AND FITNESS CENTER,26,8,18,8,18
20571,SEEDWAYS,4,2,2,2,2
20572,SEGNATORE,5,2,3,1,4
20573,SEKLYCIA LITHUANIAN MANOR INN,2,0,2,2,0
20574,SELAM MARKET  INC.,5,3,2,2,3
20575,SELAM MARKET AND RESTAURANT LLC,16,4,12,9,7
20576,SELECT,11,7,4,5,6
20577,"SELECT CIGARS & FRAGRANCES, INC.",2,0,2,1,1
20578,SELECT CUT STEAKHOUSE,19,6,13,4,15
20579,SELINA CHICAGO,6,0,6,3,3
20580,SEMILLAS RESTAURANT,13,5,8,8,5
20581,SEMIRAMIS MEDITERRANEAN,4,0,4,4,0
20582,SEMIRAMIS RESTAURANT,15,7,8,6,9
20583,SENI  CATERING,2,1,1,1,1
20584,SENOR MARIACHI MEXICAN RESTAURANT,7,2,5,4,3
20585,SENOR PAN CAFE,49,10,39,30,19
20586,SENOR PAN CAFE EXPRESS,2,0,2,2,0
20587,"SENOR PAN CAFE, TAPAS, Y VINOS",10,4,6,6,4
20588,SENOR PAN EXPRESS,7,2,5,4,3
20589,SENOR PAN INC.,2,1,1,1,1
20590,SENORITAS,17,7,10,12,5
20591,SENORITAS CANTINA,7,3,4,6,1
20592,"SENSATIONAL BITES, INC",5,1,4,2,3
20593,SEOUL COREA RESTAURANT,15,4,11,5,10
20594,SEOUL DAN LAN II,7,1,6,4,3
20595,SEOUL STICK,3,1,2,1,2
20596,SEOUL TACO,47,8,39,31,16
20597,"SEOUL TOKYO CAFE, INC.",2,1,1,1,1
20598,SEPIA,31,14,17,13,18
20599,SERAI,12,2,10,8,4
20600,SERBIAN EASTERN ORTHODOX,12,6,6,6,6
20601,SERENA  RESTAURANT,19,12,7,8,11
20602,SERENDIPITY CHILDCARE,16,7,9,6,10
20603,SERGIE'S PIZZERIA INC.,2,0,2,1,1
20604,SERGIO BARAJAS,9,4,5,3,6
20605,SERGIO'S PLACE,12,5,7,6,6
20606,SERGIO'S TAQUERIA PIZZA INC.,21,9,12,7,14
20607,SERRELLI'S FOODS,3,0,3,2,1
20608,SERRELLIS FINER FOODS,9,4,5,6,3
20609,SERVE TE AND SHAKES,3,3,0,2,1
20610,SERVING ALL FAMILIES EVERYWHERE #2,8,4,4,4,4
20611,SERVING CHICAGO'S FINEST,7,1,6,6,1
20612,SERVYOSELF,5,2,3,3,2
20613,SEVEN,24,6,18,13,11
20614,SEVEN ELEVEN,12,8,4,2,10
20615,SEVEN FOOD,7,2,5,6,1
20616,SEVEN LOUNGE,5,2,3,3,2
20617,"SEVEN NINE ELEVEN FOOD MART, INC.",2,0,2,1,1
20618,SEVEN STAR,2,1,1,1,1
20619,SEVEN STAR CHINESE CUISINE,14,6,8,5,9
20620,SEVEN STAR CHINESE CUISINE INC.,3,3,0,3,0
20621,SEVEN TEN,19,5,14,10,9
20622,SEVEN TEN/ATLAS,10,6,4,4,6
20623,SEVEN TREASURES,30,13,17,18,12
20624,SEVILLE,4,1,3,1,3
20625,SEWARD BRANCH,20,13,7,8,12
20626,SEXTON,5,2,3,2,3
20627,SFERA SICILIAN STREET FOOD,5,1,4,2,3
20628,SH GRILL,3,0,3,1,2
20629,SH MINI MART,2,2,0,1,1
20630,SHAAREI CHINUCH DAY SCHOOL,11,5,6,7,4
20631,SHABANI'S GTS FAST FOOD,9,5,4,4,5
20632,SHABOWL,3,1,2,1,2
20633,SHAH JALAL GROCERY,9,3,6,4,5
20634,SHAH MINI MART,5,1,4,1,4
20635,SHAKE IT HEALTHY,2,1,1,1,1
20636,SHAKE SHACK,46,23,23,14,32
20637,SHAKESPEAR ROSE CULINARY KITCHEN,2,0,2,2,0
20638,SHALOM DELI INC,3,2,1,1,2
20639,SHAM MARKET,2,1,1,1,1
20640,SHAMBLES BAR,13,2,11,10,3
20641,SHAN FOOD,30,11,19,13,17
20642,SHAN SHAAN TASTE,6,0,6,4,2
20643,SHANG NOODLE STREETERVILLE,2,0,2,1,1
20644,SHANGHAI BISTRO,4,2,2,2,2
20645,SHANGHAI INN RESTAURANT,16,4,12,5,11
20646,SHAR MEAT MARKET II,2,1,1,1,1
20647,SHARABI MINI MART,4,0,4,2,2
20648,SHARI SUSHI BAR,5,1,4,4,1
20649,SHARIF'S FOOD & LIQUORS INC.,18,8,10,8,10
20650,SHARK,5,4,1,1,4
20651,SHARK FAST FOOD,10,4,6,6,4
20652,SHARK FISH & CHICKEN,19,6,13,9,10
20653,SHARK FISH AND CHICKEN,16,7,9,7,9
20654,SHARK'S FISH & CHICKEN,4,0,4,3,1
20655,SHARKS,13,3,10,9,4
20656,SHARKS EXPRESS OF KENWOOD,13,2,11,10,3
20657,SHARKS FAST FOOD,6,4,2,3,3
20658,SHARKS FISH  &  CHICKEN,2,1,1,1,1
20659,SHARKS FISH & CHICKEN,216,73,143,112,104
20660,SHARKS FISH &CHICKEN,11,3,8,6,5
20661,SHARKS FISH AND CHICKEN,17,9,8,6,11
20662,SHARKS FISH AND GRILL,11,4,7,8,3
20663,SHARKS FISH CHICKEN AND TONYS PHILLY STEAKS,5,2,3,4,1
20664,SHARKS FISH TONY STEAK,20,5,15,13,7
20665,"SHARKS FISH, CHICKEN & PHILLY STEAKS",4,2,2,2,2
20666,SHARKS FISH-CHICKEN,12,4,8,4,8
20667,SHARKS RESTAURANT,4,3,1,1,3
20668,SHARKS SEAFOOD,2,1,1,0,2
20669,SHARKY'S,3,0,3,1,2
20670,SHARKY'S FISH CHICKEN,3,2,1,2,1
20671,SHARMA GROCERY INC,3,0,3,2,1
20672,SHARONA REALTY & SALES,4,3,1,2,2
20673,SHARPS MARKET,3,1,2,2,1
20674,SHATA MEDITERRANEAN,2,0,2,2,0
20675,"SHAVED ICE DISTRIBUTORS, INC.",2,1,1,0,2
20676,SHAW'S CRAB HOUSE,28,8,20,9,19
20677,SHAWARM & GRILL,2,1,1,1,1
20678,SHAWARMA,22,9,13,12,10
20679,SHAWARMA GARDEN,10,4,6,4,6
20680,SHAWARMA INN II,4,2,2,3,1
20681,SHAWARMA INN III,18,6,12,12,6
20682,SHAWARMA STOP,8,4,4,5,3
20683,"SHAWARMAN, CORP",2,0,2,2,0
20684,SHAWN MICHELLE'S CHURNED HOME MADE ICE CREAM,3,0,3,2,1
20685,SHAWN MICHELLE'S CHURNED HOME MADE ICE CREAM INC.,3,1,2,1,2
20686,SHAWN MICHELLE'S HOME MADE IC,2,1,1,2,0
20687,SHAY CHICAGO,3,1,2,2,1
20688,SHAY-BOO'S KITCHEN,7,4,3,3,4
20689,SHAYBOO FOOD INC.,4,2,2,3,1
20690,SHE-NANNIGAN'S HOUSE OF BEERS,16,7,9,10,6
20691,SHEBA YEMEN RESTAURANT,2,0,2,1,1
20692,SHEEBA MANDI HOUSE,8,1,7,5,3
20693,SHEEBA MEAT & GROCERY,7,1,6,6,1
20694,"SHEESH MAHAL DHABA, INC.",13,6,7,6,7
20695,SHEFFIELD AT LINCOLN PARK,2,1,1,1,1
20696,SHEFFIELD BASEBALL CLUB,6,2,4,3,3
20697,SHEFFIELD BEER & WINE GARDEN,20,7,13,8,12
20698,SHEFFIELD GROCERS,5,2,3,3,2
20699,SHEIKA FOOD MARKET,4,2,2,2,2
20700,"SHEKINAH GLORY, LLC",3,0,3,2,1
20701,SHELDON LIQUORS,12,4,8,6,6
20702,SHELL,68,19,49,35,33
20703,SHELL FOOD,2,0,2,2,0
20704,SHELL FOOD MART,3,2,1,2,1
20705,SHELL GAS STATION,3,1,2,1,2
20706,SHELL SERVICE STATION,7,2,5,5,2
20707,SHELL SUBWAY,16,7,9,4,12
20708,SHELLSEEKERS SEAFOOD MARKET,10,2,8,8,2
20709,SHELLY'S FREEZE,15,9,6,7,8
20710,SHER A PUNJAB,7,3,4,4,3
20711,SHERATON CHICAGO HOTEL & TOWER,54,24,30,21,33
20712,SHERATON CHICAGO HOTEL/TOWER,37,19,18,9,28
20713,SHERATON CHICAGO HOTEL/TOWERS,25,10,15,12,13
20714,SHERATON HOTEL/TOWERS,14,6,8,4,10
20715,SHERI & JAMES FOOD MART,3,1,2,2,1
20716,SHERIDAN CHASE FOOD MART INC.,4,3,1,2,2
20717,SHERIDAN IRVING L LIQUORS INC,5,0,5,3,2
20718,SHERIDAN LIQUOR & LOUNGE,3,1,2,0,3
20719,SHERIDAN M. MAGNET,15,10,5,1,14
20720,SHERIDAN PARK FOOD & LIQUOR,5,3,2,3,2
20721,SHERIDAN SHORES CARE & REHAB,14,6,8,8,6
20722,SHERIDAN VILLAGE NURSING AND REHABILITATION,2,0,2,0,2
20723,SHERIDAN-ARGYLE APTS,3,2,1,1,2
20724,SHERNIQUES EGGS ON THE RUN,23,2,21,19,4
20725,SHERRY'S BAR,2,1,1,1,1
20726,SHERRY'S FOOD MART,6,2,4,2,4
20727,"SHIBAM CITY RESTAURANT, INC.",10,3,7,4,6
20728,SHIBAM RESTAURANT,15,1,14,10,5
20729,SHIBAM RESTAURANT CATERING,8,1,7,7,1
20730,SHIBAM YEMENI KITCHEN,8,2,6,5,3
20731,SHIELDS ELEMENTARY MAIN,19,11,8,5,14
20732,SHIFT,2,2,0,1,1
20733,SHIFT ON SHEFFIELD,8,2,6,5,3
20734,SHILAS RESTAURANT,18,7,11,11,7
20735,SHIMBO'S,12,3,9,5,7
20736,SHINE RESTAURANT,30,9,21,20,10
20737,SHINING STAR CHILD DEVELOPMENT,16,8,8,7,9
20738,SHINING STAR CHILD DEVELOPMENT INSTITUTE OF THE ARTS,20,9,11,8,12
20739,SHINING STAR CHILD DEVELOPMENT INSTITUTE OF THE ARTS INC.,17,6,11,3,14
20740,SHINING STAR EARLY LEARNING ACADEMY,19,9,10,7,12
20741,SHINING STAR YOUTH & COMMUNITY,2,0,2,2,0
20742,SHINJU SUSHI JAPANESE RESTAURANT LLC,27,8,19,12,15
20743,SHINOBU,4,1,3,2,2
20744,SHINWARI GRILL,8,2,6,5,3
20745,SHINYA GRILL & BAR,4,1,3,2,2
20746,SHINYA RAMEN HOUSE,14,6,8,7,7
20747,SHIRAZ,2,1,1,2,0
20748,SHIRLEY RYAN ABILITY LAB,16,5,11,6,10
20749,SHIRLEY SOUL FOOD AND CATERING,10,3,7,8,2
20750,SHIRLEY'S CAFE,6,1,5,5,1
20751,SHIROI-HANA RESTAURANT,5,2,3,3,2
20752,SHISO,15,12,3,5,10
20753,"SHIV CAFETERIA, INC.",9,5,4,3,6
20754,SHIV SHAKTI INVESTMENT,2,1,1,1,1
20755,"SHOKOLAD PASTRY & CAFE, INC",17,12,5,2,15
20756,SHOKRAN,21,3,18,13,8
20757,SHOP & SALE INC,4,2,2,3,1
20758,SHOP & SAVE FOOD MART,3,1,2,2,1
20759,SHOP & SAVE MARKET,41,15,26,15,26
20760,SHOP & SAVE MARKET #2100,43,13,30,24,19
20761,"SHOP 4 LESS STORE, INC",4,1,3,3,1
20762,SHOP N SAVE MEAT MARKET,2,0,2,2,0
20763,"SHOP RITE FOOD & DOLLAR, INC.",2,0,2,1,1
20764,"SHOP RITE FOOD MART, INC",14,2,12,10,4
20765,SHOP WISE FOOD,7,2,5,5,2
20766,SHOP-N-SAVE,31,11,20,20,11
20767,SHOPHOUSE SOUTHEAST ASIAN KITCHEN,6,3,3,1,5
20768,SHORE EGG CO,3,2,1,2,1
20769,SHORT STUFF CHICAGO,7,3,4,4,3
20770,SHORT STUFF DAY CARE,15,5,10,8,7
20771,SHORTY'S CITY LOUNGE,4,0,4,3,1
20772,"SHORTYS MEXICAN GRILL, INC.",2,1,1,1,1
20773,SHOTAY'S  B V D INC,8,3,5,4,4
20774,SHRADDHA WINE AND SPIRIT,4,1,3,2,2
20775,SHREE HARI MANAGEMENT INC.,2,0,2,1,1
20776,SHREE RUNG ROSCOE INC.,16,6,10,6,10
20777,SHRI KRISHNA INC,10,6,4,3,7
20778,SHRIJI CANDY STORE,2,0,2,1,1
20779,SHRIMP AND GUMBO ROAD,4,1,3,3,1
20780,SHRIMP FISH & CHICKEN SEAFOOD MARKET,8,3,5,4,4
20781,"SHRIMP FIVE STAR,INC.",5,2,3,3,2
20782,SHRIMP HOUSE,18,9,9,11,7
20783,SHRIMP ISLAND,4,1,3,2,2
20784,SHRIMP STOP,2,0,2,2,0
20785,SHRIMP'S FISH CHICKEN,5,1,4,4,1
20786,SHRIMPMAX ON CLARK STREET,4,1,3,3,1
20787,SHRIMPS FISH AND CHICKEN/TONY'S PHILLY STEAK,10,1,9,5,5
20788,SHRINERS HOSPITALS FOR CHILDREN,19,14,5,4,15
20789,SHU TIN XIA,6,3,3,4,2
20790,SHUI WAH CHINESE CUISINE,7,2,5,4,3
20791,SHULTZ WINGS & HOAGE II INC,8,4,4,2,6
20792,SHUSHI SPORT,3,1,2,2,1
20793,SHWE MYANMAR GROCERY STORE,2,0,2,1,1
20794,SI-PIE,14,8,6,9,5
20795,SI-PIE PIZZA,5,1,4,4,1
20796,SIAM  RICE THAI CUISINE,20,7,13,8,12
20797,SIAM  TREASURE,11,1,10,7,4
20798,"SIAM CAFE,THAI RESTAURANT",14,6,8,9,5
20799,SIAM COUNTRY,14,6,8,3,11
20800,SIAM FOOD COMPANY,26,13,13,15,11
20801,SIAM NOODLE AND RICE,2,0,2,1,1
20802,SIAM NOODLES & RICE,8,2,6,2,6
20803,SIAM NOODLES AND RICE,8,2,6,2,6
20804,SIAM PASTA LTD.,19,7,12,9,10
20805,SIAM RICE,6,5,1,3,3
20806,SIAM TASTE NOODLE,15,7,8,7,8
20807,SIAM TREASURE RESTAURANT,17,10,7,5,12
20808,SIBLINGS,5,3,2,3,2
20809,SIBLINGS SOUL FOOD,11,4,7,10,1
20810,"SIBONEY CAFETERIA,INC.",3,1,2,2,1
20811,SIBONEY CUBAN CUISINE,18,4,14,9,9
20812,SICILIA BAKERY,26,6,20,15,11
20813,SICILIAN BAKERY INC,14,7,7,4,10
20814,SICILY PIZZA,7,3,4,4,3
20815,SIDE CAR LR,16,7,9,8,8
20816,SIDE PROJECT COFFEE LLC,2,1,1,2,0
20817,SIDE STREET SALOON,19,8,11,11,8
20818,SIDEBAR,7,2,5,3,4
20819,SIDEKICKS,8,4,4,3,5
20820,SIDELINE GRILL INC,4,2,2,2,2
20821,SIDESHOW GELATO,2,1,1,1,1
20822,SIDETRACK,2,1,1,0,2
20823,SIENA BY MARIA,7,1,6,3,4
20824,SIENA TAVERN,19,6,13,12,7
20825,SIERRA & SONS ENTERPRISES INC,17,5,12,7,10
20826,SIERRA'S FREEZE,2,2,0,1,1
20827,SIGNATURE BAR,2,1,1,0,2
20828,"SIGNATURE PIZZA, PASTA & BURGERS & JIMBOS TOP GUN",2,0,2,1,1
20829,SIGNATURE ROOM AT THE 95TH,19,5,14,11,8
20830,SIKIA RESTAURANT,14,5,9,5,9
20831,SIL WADI FAST FOOD,3,1,2,2,1
20832,SILA'S MEDITERRANEAN,7,3,4,3,4
20833,SILK ROAD JACKSON CORPORATION,4,2,2,2,2
20834,SILK ROAD LASALLE,17,9,8,6,11
20835,SILK ROAD OF CHICAGO,7,1,6,6,1
20836,SILLI KORI,16,3,13,13,3
20837,SILLI KORI THAI,2,1,1,1,1
20838,SILOM 12 EXPRESS,8,3,5,3,5
20839,SILOM12,18,5,13,9,9
20840,SILVA'S CENTRAL BAKERY INC,3,0,3,2,1
20841,SILVANA,10,3,7,6,4
20842,"SILVER CIPHER, LLC",3,2,1,2,1
20843,SILVER CLOUD,13,5,8,8,5
20844,SILVER PLATE,6,1,5,6,0
20845,SILVER SPOON RESTAURANT,34,15,19,20,14
20846,SILVER STATE CITY FOOD COMPANY,13,4,9,7,6
20847,SILVER'S SEAFOOD RESTAURANT,32,9,23,18,14
20848,SILVIA VEZQUEZ INC,2,2,0,1,1
20849,SIMI'S,10,4,6,7,3
20850,SIMON TACOS INC.,13,6,7,9,4
20851,SIMONE'S,9,2,7,6,3
20852,SIMPLE SANDWICH LLC,2,1,1,1,1
20853,SIMPLE THINGS,3,2,1,2,1
20854,SIMPLES II,3,1,2,2,1
20855,SIMPLY CONVENIENT,3,1,2,2,1
20856,"SIMPLY DELICIOUS CUISINE, LLC",4,1,3,2,2
20857,SIMPLY ELEGANT CATERING,6,0,6,3,3
20858,SIMPLY FRESH CAFE & JUICE BAR,8,4,4,2,6
20859,SIMPLY GREENS,21,12,9,6,15
20860,SIMPLY IT,24,10,14,13,11
20861,"SIMPLY SOUP, SALAD AND SANDWICHES",4,2,2,2,2
20862,SIMPLY SOUPS SALADS & SANDWICHES,16,7,9,6,10
20863,SIMPLY SOUTHERN SOUL FOOD,3,1,2,2,1
20864,SIMPLY THALIA,25,9,16,13,12
20865,SIMPSON ACADEMY,15,7,8,2,13
20866,SIN,3,0,3,3,0
20867,SINALOA GROCERY STORE INC. #2,2,1,1,1,1
20868,SINBAD,9,3,6,5,4
20869,SINGHA THAI RESTAURANT,2,1,1,1,1
20870,"SINHA, LTD",17,8,9,3,14
20871,SINK SWIM,5,3,2,3,2
20872,SINYA MEDITERRANEAN,5,1,4,4,1
20873,"SIP & SAVOR 47TH, INC.",6,2,4,2,4
20874,SIP & SAVOR BRONZEVILLE,9,5,4,3,6
20875,SIP COFFEE HOUSE,10,1,9,4,6
20876,SIP OF HOPE,2,1,1,1,1
20877,SIPPING TURTLE CAFE,8,0,8,6,2
20878,SIR CHICKEN,4,1,3,4,0
20879,SIRI INDIAN GROCERIES,3,0,3,2,1
20880,SIRI INDIAN RESTAURANT,16,3,13,9,7
20881,SISTAH'S,7,4,3,3,4
20882,SISTERS EXOTIC,3,2,1,2,1
20883,SISTERS FOOD BASKET,4,1,3,3,1
20884,SIX BROTHERS FOOD & MORE INC.,5,1,4,4,1
20885,SIX BROTHERS FOOD MARKET INC,10,2,8,5,5
20886,SIX CORNER BAKERY,21,8,13,12,9
20887,SIX CORNERS BISTRO,8,4,4,4,4
20888,SIX CORNERS FOOD MARKET,2,1,1,1,1
20889,SIX CORNERS VENTURES LOGAN LLC,2,1,1,1,1
20890,SIX O SIX THE LOUNGE,5,0,5,3,2
20891,SIX PENNY B P,2,1,1,2,0
20892,SIXTY FIVE  RESTAURANT AND  BAKERY,3,0,3,1,2
20893,SIXTY FIVE CHINESE RESTAURANT,13,6,7,2,11
20894,SIXTY SIX O ONE CLUB,2,2,0,0,2
20895,SIZZLERS PIZZA & GRILL,6,3,3,4,2
20896,SIZZLIN SKILLETS,25,12,13,13,12
20897,SIZZLIN' GRILLE CAFE,7,2,5,2,5
20898,SIZZLING POT KING,13,3,10,9,4
20899,SJ FOOD & LIQUOR,3,2,1,1,2
20900,SK CARRY-OUT & CATERING,3,2,1,2,1
20901,SKEWERZ,4,1,3,1,3
20902,SKI DOG,2,0,2,1,1
20903,SKIDOE'S CAFE AND GRILL,6,1,5,5,1
20904,SKINNER NORTH,16,7,9,4,12
20905,SKINNIE PIGGY,6,2,4,3,3
20906,SKINNY PIGGY,10,1,9,8,2
20907,SKIP'S FOOD AND LIQUOR,10,5,5,3,7
20908,SKM GROCERY,2,1,1,1,1
20909,SKRINECHOPS,10,4,6,5,5
20910,SKY CAFE,5,3,2,3,2
20911,SKY CHOP SUEY INC,42,20,22,18,24
20912,SKY FOOD,4,0,4,3,1
20913,SKY FOOD AND DOLLAR,2,1,1,1,1
20914,SKY LAKE CHINESE KITCHEN,42,21,21,19,23
20915,SKY LOBBY,5,3,2,2,3
20916,SKY VEGAN,2,0,2,1,1
20917,SKYBOX ON SHEFFIELD,16,8,8,8,8
20918,SKYBOX SPORTS BAR,4,2,2,2,2
20919,SKYBRIDGE RESTAURANT & BAR,29,9,20,10,19
20920,SKYGROCER,3,1,2,2,1
20921,SKYHIGH-101,2,1,1,1,1
20922,SKYLARK,22,6,16,15,7
20923,SKYSCRAPERS,13,6,7,2,11
20924,SKYWAY DOG HOUSE INC,17,6,11,9,8
20925,SKYWAY LANES,3,3,0,1,2
20926,SKYY MART INC,3,1,2,2,1
20927,SKYYGREENS,2,1,1,1,1
20928,SLAM DUNK FOOD MART,4,0,4,2,2
20929,"SLAMDUNK FOOD MART, INC.",2,2,0,0,2
20930,SLB HOT FOOD SERVICE,5,3,2,4,1
20931,SLEEP WALK,3,0,3,1,2
20932,SLICE,6,4,2,3,3
20933,SLICE FACTORY,56,19,37,35,21
20934,SLICE FACTORY PILSEN,3,1,2,3,0
20935,SLICE FACTORY-PILSEN,9,1,8,6,3
20936,SLICE N DICE,3,1,2,2,1
20937,SLICES NYC PIZZA,11,4,7,7,4
20938,SLIGHTLY TOASTED,10,3,7,7,3
20939,SLIM'S,20,4,16,14,6
20940,SLIMS,13,4,9,10,3
20941,SLIMS PIT STOP CONVEIENCE,3,0,3,2,1
20942,SLIMS PIT STOP CONVENIENCE SHOP,2,0,2,1,1
20943,SLIPPERY SLOPE,3,2,1,0,3
20944,SLOPPY'S,3,0,3,2,1
20945,SLUGGERS GRILL,17,5,12,9,8
20946,SLUGO'S TACO'S LLC,5,1,4,4,1
20947,SLURPING TURTLE RESTAURANT,19,5,14,11,8
20948,SM FACIL ENVIOS CORPORATION,3,1,2,2,1
20949,SM FISH AND CHICKEN,3,1,2,2,1
20950,SM FISH AND CHICKEN # 2,3,1,2,2,1
20951,SMACK DAB,3,0,3,2,1
20952,SMACK DAB CHICAGO,10,5,5,5,5
20953,SMACK SHACK,3,2,1,1,2
20954,SMACKERS,4,0,4,3,1
20955,SMAKOSZ  INC,9,4,5,3,6
20956,SMAKOSZ INC,13,6,7,7,6
20957,SMAKOWSKI BAKERY BY SMAKOWSKI,16,8,8,8,8
20958,"SMAKTAK, INC.",21,9,12,7,14
20959,SMALL BURGER INC,9,4,5,5,4
20960,SMALL CHEVAL,47,21,26,20,27
20961,SMALL COMFORT,3,2,1,2,1
20962,SMALL STRIDE ACADEMY,14,7,7,5,9
20963,SMALL WONDERS ACAMEDY INC,3,1,2,2,1
20964,SMALL WONDERS CHILD DEVELOPMENT,8,5,3,2,6
20965,SMALL WORLD BAR & GRILL,10,5,5,5,5
20966,SMALL WORLD DAYCARE CENTER,17,10,7,7,10
20967,SMALL WORLD DAYCARE CENTER II,5,3,2,1,4
20968,SMALL WORLD INN,7,4,3,5,2
20969,SMALLBAR DIVISION,12,3,9,7,5
20970,SMALLCAKES A CUPCAKERY OF CHICAGO,5,2,3,4,1
20971,SMALLCAKES CUPCAKERY AND CREAMERY,2,2,0,1,1
20972,SMALLFRY CHICAGO,4,2,2,3,1
20973,SMALLS,8,0,8,6,2
20974,SMART CHILD PRESCHOOL,10,6,4,4,6
20975,SMART CHOICE DAYCARE CENTER,8,1,7,6,2
20976,SMART FOOD & MART INC,5,2,3,3,2
20977,SMART FOOD MART & CELLULAR,11,2,9,7,4
20978,"SMART FROM THE START ,LLC",23,6,17,13,10
20979,SMART LEARNING CENTER,10,3,7,2,8
20980,SMART LEARNING CENTER LLC,14,10,4,4,10
20981,SMART LEARNING EDUCATION CENTER,3,2,1,0,3
20982,SMART LOVE FAMILY SERVICES,7,2,5,1,6
20983,SMART LOVE PARENTING CENTER,8,5,3,3,5
20984,SMART NUTRITION,8,3,5,5,3
20985,SMART START DEVELOPMENT CENTER,12,4,8,8,4
20986,SMART START DEVELOPMENT CENTER 2 LLC,12,3,9,7,5
20987,"SMART START DEVELOPMENT CENTER, INC.",4,2,2,3,1
20988,SMART STOP,2,1,1,1,1
20989,SMART STUFF LEARNING CENTER,14,6,8,2,12
20990,"SMARTY PANTS EARLY LEARNING CENTER, INC.",16,9,7,6,10
20991,SMASHBURGER,6,2,4,4,2
20992,SMASHBURGER #1733,5,3,2,2,3
20993,SMASHBURGER #1745,12,1,11,9,3
20994,"SMERQ'S SJB, INC.",6,3,3,3,3
20995,SMILE FOOD MARKET,7,1,6,5,2
20996,SMILEY FOOD,3,1,2,2,1
20997,SMILEY'S QUICK MART INC.,2,0,2,1,1
20998,SMILY'S,6,3,3,3,3
20999,SMITH & WOLLENSKY,19,8,11,7,12
21000,SMITH VILLAGE,26,12,14,9,17
21001,SMOKE DADDY,20,5,15,13,7
21002,SMOKE FILLED ROOM,12,5,7,6,6
21003,SMOKE SHACK,2,1,1,2,0
21004,SMOKE SIGNALS BAR B-Q,3,1,2,2,1
21005,SMOKE'S ISLAND KITCHEN,3,2,1,1,2
21006,SMOKED SOUL,5,1,4,4,1
21007,SMOKEHOUSE RESTAURANT,14,8,6,3,11
21008,SMOKERS DEN,5,2,3,4,1
21009,SMOKEY BEARS 1 LLC,7,2,5,5,2
21010,SMOKEY'S BBQ,8,4,4,3,5
21011,SMOKEY'S BBQ + GRILL,4,2,2,1,3
21012,SMOKEY'S WING SHACK,3,0,3,3,0
21013,SMOKIN' WOODY'S,5,3,2,1,4
21014,SMOKING TIPS,5,0,5,4,1
21015,SMOOCHES,4,2,2,2,2
21016,SMOOTH AND SOCIAL,4,1,3,4,0
21017,SMOOTHE CAFE,3,1,2,2,1
21018,SMOOTHIE JOINT,2,0,2,2,0
21019,SMOOTHIE KING,3,1,2,2,1
21020,SMOOTHIES N' SUCH LLC,6,4,2,2,4
21021,SMOQUE BBQ,19,8,11,9,10
21022,SMOTHER BROTHERS,4,1,3,3,1
21023,SMOTHERS,4,1,3,3,1
21024,SMOTHIE RX INC.,5,1,4,3,2
21025,SMYLIE BROTHERS BREWING COMPANY,7,2,5,5,2
21026,SMYSER ELEMENTARY SCHOOL,17,9,8,2,15
21027,SMYSER PRIMARY CENTER,16,9,7,3,13
21028,SMYTH THE LOYALIST,14,4,10,8,6
21029,SN GROCERY STORE INC.,4,1,3,2,2
21030,"SNACK 4 LESS, INC.",9,2,7,5,4
21031,SNACK PLANET,15,6,9,5,10
21032,SNACK SHACK & WIRELESS,3,1,2,2,1
21033,SNACK SHOP,7,2,5,4,3
21034,SNACK SHOP RESTAURANT,16,5,11,6,10
21035,SNACKS N SMOKE,4,1,3,3,1
21036,SNACKS SPOT,2,1,1,1,1
21037,"SNAGGLETOOTH, LLC",5,1,4,3,2
21038,SNAIL THAI CUISINE,15,7,8,4,11
21039,SNAK-O-RAMA,8,0,8,3,5
21040,SNAKES & LATTES CHICAGO,2,1,1,0,2
21041,SNAP FOOD,4,0,4,4,0
21042,SNAP KITCHEN,20,4,16,8,12
21043,SNAPPER STEAK & LEMONADE,5,2,3,2,3
21044,"SNAPPY #6, DUNKIN DONUTS, MOBIL",9,5,4,2,7
21045,SNAPPY CONVENIENCE CENTER,11,3,8,6,5
21046,SNAPPY CONVENIENCE CENTER #2,7,2,5,4,3
21047,SNAPPY CONVENIENCE CENTER #4,2,1,1,1,1
21048,SNAPPY CONVENIENCE CENTER #5,2,1,1,1,1
21049,SNAPPY CONVENIENCE CENTER #6,3,0,3,3,0
21050,SNAPPY'S SHRIMP,20,10,10,5,15
21051,SNARF'S,13,7,6,8,5
21052,SNARF'S SANWICHES,5,2,3,2,3
21053,SNARFS RIVER NORTH,23,7,16,14,9
21054,SNAX,10,2,8,1,9
21055,SNICKER'S BAR  & GRILL,18,8,10,10,8
21056,SNICKERS,11,3,8,5,6
21057,SNOW DRAGON,11,5,6,6,5
21058,SNOW DRAGON SHAVERY,4,1,3,2,2
21059,SNOW FACTORY,5,2,3,3,2
21060,"SNOW JUNKIE CAFE, INC.",3,2,1,1,2
21061,SNOW SPICE THAI CUISINE,2,1,1,1,1
21062,SNOWIE,4,3,1,2,2
21063,SNUGGERY / APARTMENT,2,2,0,1,1
21064,SNUGGERY AT UNION STATION INC,3,1,2,2,1
21065,SO BOWL,6,2,4,4,2
21066,SO BOWL THAI,4,1,3,1,3
21067,SO GONG DONG TOFU HOUSE,14,4,10,4,10
21068,SO SHORE UNITED METHODIST CHIL,12,4,8,5,7
21069,SOBRE EL FUEGO,3,1,2,1,2
21070,SOCCA,4,2,2,3,1
21071,SOCHI SAIGON,8,2,6,5,3
21072,SOCIAL,2,0,2,2,0
21073,SOCIAL BISTRO,4,0,4,3,1
21074,SOCIAL CLUB,3,3,0,0,3
21075,SOCIAL JUNKIE,5,2,3,3,2
21076,SOCIAL TWENTY FIVE,2,0,2,1,1
21077,SOCIALE AND CAFE PRESS,19,5,14,9,10
21078,SOCIETY 2201,7,2,5,3,4
21079,SODEXHO,13,6,7,3,10
21080,SODEXHO AMERICA LLC,2,1,1,1,1
21081,"SODEXHO AMERICA, LLC",58,30,28,19,39
21082,"SODEXHO AMERICA, LLC / KATE KELLOGG",8,6,2,2,6
21083,"SODEXHO AMERICA, LLC / LATIN SCHOOL - MIDDLE",3,2,1,1,2
21084,SODEXHO- IIT,10,4,6,6,4
21085,SODEXO @ DELOITTE,4,0,4,3,1
21086,SODEXO AMERICA,13,4,9,8,5
21087,SODEXO AMERICA LLC,2,0,2,1,1
21088,"SODEXO AMERICA, LLC",80,31,49,36,44
21089,"SODEXO AMERICA, LLC.",10,4,6,4,6
21090,"SODEXO AMERICA,INC",4,1,3,2,2
21091,"SODEXO AMERICA,LLC",6,4,2,4,2
21092,SODEXO AT CCHHS STROGER HOSPITAL,10,5,5,4,6
21093,SODEXO AT DISCOVER CHATHAM,2,0,2,1,1
21094,SODEXO@FEDERAL RESERVE BANK-61029001,5,2,3,2,3
21095,SODEXOMAGIC AT FEDERAL RESERVE,3,3,0,0,3
21096,SOFI ITALIAN,4,1,3,2,2
21097,SOFI LLC,22,8,14,11,11
21098,SOFIA BAKERY,5,1,4,5,0
21099,SOFIA'S  PIZZA,2,1,1,1,1
21100,SOFIA'S PIZZA,7,3,4,2,5
21101,SOFITEL CHICAGO MAGNIFICENT MILE,14,4,10,12,2
21102,SOFITEL CHICAGO WATER TOWER,18,8,10,11,7
21103,SOFIVE,8,3,5,4,4
21104,SOFRA TURKISH KITCHEN,14,8,6,7,7
21105,SOHO CHICAGO,3,2,1,2,1
21106,SOHO FOOD TRUCK,3,2,1,2,1
21107,SOHO HOUSE CHICAGO,54,16,38,30,24
21108,SOIREE,2,0,2,2,0
21109,"SOIREE, LLC",2,0,2,2,0
21110,SOJU BBQ,11,4,7,8,3
21111,SOL CAFE,17,3,14,11,6
21112,SOL CHICAGO,2,2,0,0,2
21113,SOL CROWN COMMUNITY ACADEMY,21,9,12,7,14
21114,SOL DE MEXICO TIERRA AZTECA,3,1,2,3,0
21115,SOL DE SUR,5,3,2,3,2
21116,"SOL MAR Y TIERRA,INC.",6,2,4,2,4
21117,SOLA RESTAURANT,15,5,10,8,7
21118,SOLEMN OATH BREWERY LLC,2,0,2,1,1
21119,SOLI GRILL,5,0,5,3,2
21120,SOLID FOUNDATION KIDS CARE INC.,12,4,8,4,8
21121,SOLID GOLD,4,1,3,1,3
21122,SOLID GOLD FOOD INC.,7,2,5,5,2
21123,SOLITA,5,4,1,2,3
21124,SOLO DELI & GROCERY LLC,3,0,3,3,0
21125,"SOLO FOOD & DELI,INC.",5,2,3,4,1
21126,SOLOWAY COFFEE,3,0,3,3,0
21127,SOLS ON SHERIDAN,4,2,2,2,2
21128,SOLSTICE A CHOCOLATE BAR,6,1,5,4,2
21129,SOLURI & SONS ITALIAN DELI,4,2,2,0,4
21130,SOLURI BROTHERS SANDWICH SHOP,4,2,2,3,1
21131,"SOLURI'S DELI,INC",3,0,3,2,1
21132,SOM MASHA ALLAH  GRILL,5,1,4,3,2
21133,SOMBRERO,6,2,4,3,3
21134,"SOME LIKE IT BLACK CREATIVE ARTS BAR, INC.",4,1,3,1,3
21135,"SOMER FOOD MARKET, INC.",7,4,3,4,3
21136,SOMERIA FOOD MART INC.,6,3,3,4,2
21137,SOMERSET PLACE LLC,3,1,2,1,2
21138,SOMERSET/DEVEREAUX,30,16,14,16,14
21139,SOMETHIN SWEET,11,2,9,9,2
21140,SOMEWHERE IN TIME LOUNGE,2,2,0,2,0
21141,SON OF A BEEF,5,0,5,4,1
21142,SON OF A BUTCHER TAVERN,5,1,4,5,0
21143,SONESTA  ES SUITES CHICAGO DOWNTOWN,2,1,1,0,2
21144,SONG  ORIENTAL HERB,2,1,1,0,2
21145,SONG DO,16,6,10,10,6
21146,SONGBIRD ACADEMY,10,6,4,2,8
21147,SONGBIRD ACADEMY & MONTESSORI,13,4,9,4,9
21148,SONIA SHANKMAN ORTHOGENIC SCHOOL AT U OF C,12,8,4,2,10
21149,SONIA'S OASIS,2,1,1,1,1
21150,SONIA'S SUPERMARKET,4,2,2,3,1
21151,SONIC DRIVE IN,18,4,14,10,8
21152,SONNETS ACADEMY,12,5,7,5,7
21153,SONNETS ACADEMY - LINCOLN PARK,7,1,6,2,5
21154,SONNETS ACADEMY RIVER NORTH,6,1,5,1,5
21155,"SONNETS ACADEMY-GOLD COAST, LLC",2,1,1,1,1
21156,SONNETS ACADEMY-HYDE PARK,9,3,6,4,5
21157,SONNETS ACADEMY-RIVER NORTH,10,5,5,2,8
21158,SONNETS ACADEMY-WEST LOOP,12,8,4,4,8
21159,SONNY PLACE,6,2,4,3,3
21160,SONNY'S DELI,3,1,2,2,1
21161,SONNY'S PIZZA & RESTAURANT,11,4,7,6,5
21162,SONNY'S STORE,3,0,3,2,1
21163,SONNYS PIZZA,2,1,1,2,0
21164,SONORA MEATS,12,7,5,4,8
21165,SONY SUB,5,1,4,3,2
21166,SONY SUBMARINE,3,2,1,1,2
21167,SONYA FOOD MARKET,6,2,4,3,3
21168,"SONYA FOOD MARKET, INC",2,2,0,1,1
21169,SONYAE'S CARING HANDS,5,1,4,3,2
21170,SOO & HAN INC,2,0,2,2,0
21171,SOO JUNG  KOREAN RESTAURANT,4,1,3,3,1
21172,SOPHIE'S AT SAKS FIFTH AVENUE,12,5,7,4,8
21173,SOPHY HYDE PARK,11,2,9,6,5
21174,SOPO,3,2,1,2,1
21175,SOPRAFFINA,20,10,10,4,16
21176,SOPRAFFINA MARKET CAFE,19,6,13,8,11
21177,SOPRAFFINA MARKETCAFFE,40,17,23,14,26
21178,SOPRAFFINA/CICCHETTI,5,3,2,1,4
21179,SOPRANOS,9,5,4,5,4
21180,"SORA TEMAKERIA, LLC",14,4,10,9,5
21181,SORIANO'S PIZZA,6,0,6,4,2
21182,SORRENTO'S PIZZERIA & CUCINA,17,7,10,11,6
21183,SOS SWAGGER,8,3,5,5,3
21184,SOSA WIRELESS INC.,4,1,3,2,2
21185,SOTOMARINO SANDWICH AND CAFE,4,1,3,3,1
21186,SOUK MED GRILL,8,3,5,6,2
21187,SOUL & SMOKE,8,5,3,6,2
21188,SOUL AND SMOKE,4,0,4,4,0
21189,SOUL CITY CHICAGO LLC,3,1,2,2,1
21190,SOUL CRAB CHICAGO,5,0,5,5,0
21191,SOUL EXPRESS,7,3,4,5,2
21192,SOUL FOOD HEAVEN,2,0,2,1,1
21193,SOUL FOOD PALACE,2,1,1,1,1
21194,SOUL FOOD TO GO,4,1,3,2,2
21195,SOUL FOOD UNLIMITED,12,3,9,7,5
21196,SOUL FULL CHICAGO LLLP,2,1,1,1,1
21197,SOUL GOURMET,5,3,2,2,3
21198,SOUL KANTINA,2,0,2,1,1
21199,SOUL PRIME,2,0,2,0,2
21200,SOUL VEG CITY,9,2,7,7,2
21201,SOUL VEGAN,4,1,3,2,2
21202,SOUL VEGETERIAN EAST INCORPORATED,7,3,4,2,5
21203,SOULE CHICAGO CORP.,9,2,7,4,5
21204,SOULE' CHICAGO CORP,7,4,3,5,2
21205,SOULFUL SUNSHINE CAFE,3,0,3,3,0
21206,"SOUNDBITE CHICAGO, INC.",2,1,1,2,0
21207,SOUNDING,25,15,10,7,18
21208,SOUP & SCOOPS,6,0,6,5,1
21209,"SOUP & SCOOPS, LLC",10,3,7,7,3
21210,SOUP BARZ,3,1,2,1,2
21211,SOUP BOX,13,5,8,2,11
21212,SOUPBOX,24,7,17,13,11
21213,"SOUTH BEACH APTS FOOD & DELI,INC",3,1,2,2,1
21214,SOUTH BEACH MART,2,1,1,1,1
21215,SOUTH BRANCH,24,9,15,10,14
21216,SOUTH CENTRAL 'WHOLISTIC' CHILD CARE SERVICES,5,0,5,3,2
21217,SOUTH CENTRAL COMMUNITY SERVICES ELEMENTARY,2,0,2,1,1
21218,SOUTH CHICAGO FOOD & DELI,4,1,3,3,1
21219,"SOUTH CHICAGO FOOD MART,INC",5,1,4,2,3
21220,SOUTH CHICAGO SENIOR SATELLITE SITE,13,6,7,2,11
21221,SOUTH CHICAGO YMCA,8,3,5,2,6
21222,SOUTH CHICAGO YMCA PRE SCHOOL,7,3,4,2,5
21223,SOUTH CHINA KITCHEN #2 INC.,4,1,3,3,1
21224,SOUTH CHINA KITCHEN II,11,1,10,7,4
21225,SOUTH CHINA KITCHEN INC.,30,6,24,13,17
21226,SOUTH CHINA KITCHEN ll,12,7,5,4,8
21227,SOUTH COAST,14,4,10,7,7
21228,SOUTH DEERING FOOD,7,1,6,3,4
21229,SOUTH DEERING FOOD MART,6,3,3,3,3
21230,SOUTH EAST ASIA CENTER,17,6,11,3,14
21231,SOUTH FOOD MART,3,1,2,1,2
21232,SOUTH HARPER MONTESSORI SCHOOL,17,5,12,5,12
21233,SOUTH LOOP BRANCH,19,11,8,4,15
21234,"SOUTH LOOP CAFE, INC",4,1,3,2,2
21235,SOUTH LOOP CLUB INC,18,11,7,4,14
21236,SOUTH LOOP MARKET,64,25,39,32,32
21237,SOUTH LOOP MIDDLE SCHOOL,5,3,2,0,5
21238,SOUTH LOOP MONTESSORI SCHOOL,18,10,8,9,9
21239,SOUTH OF THE BORDER,13,5,8,6,7
21240,SOUTH SHORE BREW,7,1,6,6,1
21241,"SOUTH SHORE CARRY OUT, INC.",5,2,3,3,2
21242,SOUTH SHORE CELLULAR & MORE INC,2,0,2,2,0
21243,SOUTH SHORE CONCESSIONS,2,0,2,2,0
21244,SOUTH SHORE FINE ARTS ACADEMY,10,7,3,0,10
21245,SOUTH SHORE FOOD MARKET,8,2,6,6,2
21246,SOUTH SHORE FOOD MART INC.,20,8,12,12,8
21247,SOUTH SHORE GOLF CENTER GOLF COURSE,3,1,2,2,1
21248,SOUTH SHORE HOSPITAL,25,11,14,7,18
21249,SOUTH SHORE INTERNATIONAL COLLEGE PREP,21,10,11,7,14
21250,"SOUTH SHORE MINI MART, INC",4,2,2,2,2
21251,SOUTH SHORE NURSING AND REHABILATION CENTER,3,0,3,1,2
21252,"SOUTH SHORE PRODUCE, INC.",6,3,3,3,3
21253,SOUTH SIDE FUEL CTR/DUNKIN DOUGHNUTS,10,6,4,3,7
21254,SOUTH SIDE KEN CHINESE CUISINE,4,2,2,2,2
21255,SOUTH SIDE MARKET INC.,3,0,3,0,3
21256,SOUTH SIDE TACO,5,2,3,3,2
21257,SOUTH SIDE YMCA PRE-SCHOOL,14,6,8,5,9
21258,SOUTH TOWN SUB,12,6,6,4,8
21259,SOUTH WATER MARKET INC,2,1,1,1,1
21260,SOUTH WESTERN SHELL,3,2,1,2,1
21261,SOUTH-EAST ASIA CENTER,40,17,23,9,31
21262,SOUTHEAST CENTER (ATLAS),18,8,10,5,13
21263,SOUTHEAST ELEMENTARY SCHOOL,11,7,4,4,7
21264,SOUTHERN CUT BARBECUE,11,3,8,6,5
21265,SOUTHERN FRANCE PATISSERIE,10,7,3,4,6
21266,SOUTHERN KITCHEN SOUL FOOD RESTAURANT,3,1,2,2,1
21267,SOUTHERN PITCH FOOD TRUCK,3,1,2,2,1
21268,SOUTHERN SOUL FISH & CHICKEN,6,4,2,2,4
21269,SOUTHLOOP KINDERCARE,18,9,9,6,12
21270,"SOUTHPOINT NURSING & REHABILITATION CENTER, LLC",17,8,9,9,8
21271,SOUTHPORT AND IRVING,23,8,15,12,11
21272,SOUTHPORT CITY SALOON,2,0,2,1,1
21273,SOUTHPORT GROCERY AND CAFE,25,10,15,13,12
21274,SOUTHPORT LANES INC,12,4,8,3,9
21275,SOUTHSHORE BBQ-JERK,7,2,5,5,2
21276,SOUTHSIDE AFRICAN RESTAURANT,19,6,13,9,10
21277,SOUTHSIDE HALAL MEAT MARKET & GROCERY,7,0,7,6,1
21278,SOUTHSIDE NEWS,4,1,3,2,2
21279,SOUTHSIDE NEWS #1730,3,0,3,2,1
21280,SOUTHSIDE PARKY'S,4,0,4,3,1
21281,SOUTHSIDE PIZZA INC,5,1,4,3,2
21282,SOUTHSIDE SHRIMP,11,7,4,4,7
21283,SOUTHTOWN HEALTH FOODS,11,8,3,4,7
21284,"SOUTHTOWN SUB, INC",4,0,4,2,2
21285,SOUTHVIEW MANOR,14,6,8,6,8
21286,SOUTHVIEW MANOR OPERATOR,2,1,1,1,1
21287,SOUTHWAY LOUNGE,4,0,4,3,1
21288,SOUTHWEST MONTESSORI PRE SCHOL,11,5,6,4,7
21289,SOUTHWEST SENIOR CENTER / GOLDEN DINER,15,8,7,5,10
21290,SOUTHWOOD INTERVENTIONS,20,11,9,5,15
21291,SOVEREIGN LIQUORS,2,0,2,1,1
21292,SP KEBAB,15,9,6,6,9
21293,SPACCANAPOLI,16,5,11,5,11
21294,SPACE519,11,3,8,7,4
21295,SPANGLISH MEXICAN KITCHEN,13,5,8,7,6
21296,SPANGLISH MEXICAN KITCHEN INC.,6,1,5,4,2
21297,SPANISH FLAIR,3,2,1,1,2
21298,SPANKY'S PIZZA,2,1,1,1,1
21299,SPARK EAGLE TRADING CORP.,2,1,1,1,1
21300,SPARK MONTESSORI,6,3,3,3,3
21301,SPARK RESTAURANT & BAR,4,0,4,4,0
21302,SPARK SHARED KITCHEN,6,3,3,2,4
21303,SPARRER SAUSAGE CO,2,0,2,1,1
21304,SPARTAN BROS.INC.,17,5,12,4,13
21305,SPAULDING CONVENIENT FOOD,4,2,2,3,1
21306,SPECIAL BLEND,5,4,1,4,1
21307,SPECIAL KUDO,4,2,2,2,2
21308,SPECIALTY'S CAFE & BAKERY,35,16,19,15,20
21309,SPECIALTY'S CAFE BAKERY,17,8,9,6,11
21310,SPECTRUM SPORTS BAR & GRILL,17,5,12,8,9
21311,SPEEDWAY # 8317,7,2,5,4,3
21312,SPEEDWAY #8309,8,3,5,4,4
21313,SPEEDWAY #8315,6,1,5,4,2
21314,SPEEDWAY #8320,8,1,7,6,2
21315,SPEEDY CONVENIENT,9,4,5,5,4
21316,SPEEDY CONVIENIENT,14,4,10,9,5
21317,SPEEDY MINI-MART,2,1,1,1,1
21318,SPEEDY'S RESTAURANT,8,4,4,4,4
21319,SPENCER ACADEMY ANNEX,15,9,6,6,9
21320,SPENCER MATH AND SCIENCE ACADEMY,18,8,10,4,14
21321,SPENCER'S JOLLY POSH FOODS,12,5,7,5,7
21322,SPERTUS INSTITUTE FOR JEWISH LEARNING AND LEADERSH,15,4,11,6,9
21323,SPF,3,1,2,3,0
21324,SPIAGGIA PRIVATE DINING ROOMS,13,6,7,5,8
21325,SPIAGGIA/CAFE SPIAGGIA,11,6,5,4,7
21326,SPICE & SUGAR INC,5,1,4,5,0
21327,SPICELAND INC.,2,1,1,1,1
21328,SPICES OF INDIA INC.,2,1,1,1,1
21329,SPICY FINGERS,7,4,3,5,2
21330,SPICY GRANDMA KITCHEN,6,3,3,3,3
21331,SPICY MEX,5,1,4,4,1
21332,SPICY MEXICAN GRILL,9,3,6,4,5
21333,SPICY MONKEY SOUP CO.,7,1,6,3,4
21334,SPICY PICKLE,4,0,4,3,1
21335,SPICY TACO,3,2,1,1,2
21336,SPICYMIXE AMERICAN & ASIAN,17,8,9,9,8
21337,SPIKE'S SANDWICH SHOP,2,0,2,1,1
21338,SPILT MILK,8,5,3,6,2
21339,SPIN,6,2,4,3,3
21340,SPIN CHICAGO,15,4,11,7,8
21341,SPINNING J,11,2,9,6,5
21342,SPINZER RESTAURANT,23,6,17,14,9
21343,SPIRIT & SPICE,2,1,1,0,2
21344,SPIRIT ANIMAL,2,1,1,0,2
21345,SPIRIT OF NAVY PIER,2,1,1,0,2
21346,SPIRITS BEER & WINE,2,0,2,0,2
21347,SPIRITS BEER WINE,2,1,1,1,1
21348,SPIRITS BEVERAGE CENTER,6,3,3,3,3
21349,SPIRITS BEVERAGE DEPOT,4,0,4,2,2
21350,SPITEFUL BREWING,3,1,2,1,2
21351,SPLASH CHICAGO,2,1,1,1,1
21352,SPLIT-RAIL,8,3,5,3,5
21353,SPLYT N HALF KITCHEN,4,2,2,1,3
21354,SPOILED TUMMY LLC,2,0,2,1,1
21355,"SPOKEN, CHICAGO",15,3,12,5,10
21356,SPOON THAI,18,7,11,8,10
21357,SPOON THAI RESTAURANT,5,2,3,4,1
21358,SPORT NUTRITION,3,2,1,2,1
21359,SPORT SERVICE SOLDIER FIELD,10,4,6,5,5
21360,SPORT SERVICE SOLDIER FIELD /SUITE PANTRY C,2,1,1,1,1
21361,SPORT SERVICE SOLDIER FIELD/SUITE PANTRY D,2,0,2,1,1
21362,SPORTS BAR WHITE STAR,4,0,4,4,0
21363,SPORTS CORNER,29,12,17,18,11
21364,SPORTS PEPPA,4,3,1,2,2
21365,SPORTS SERVICE SOLDIER FIELD,8,2,6,4,4
21366,SPORTSERVICE SOLDIER FIELD,176,123,53,59,117
21367,SPORTSMANS CLUB,2,1,1,2,0
21368,SPOT 6,2,0,2,2,0
21369,SPOT STOP DELI & GROCERY,2,0,2,1,1
21370,SPOTS PIZZA,12,5,7,5,7
21371,SPOTTED MONKEY,8,2,6,4,4
21372,SPRIGS,10,5,5,1,9
21373,SPRING,3,0,3,3,0
21374,SPRING HILL SUITES,11,7,4,3,8
21375,SPRING WORLD RESTAURANT,3,1,2,2,1
21376,SPRINGFIELD FOOD & MEAT MARKET,9,4,5,5,4
21377,SPRINGFIELD FOOD MART,6,2,4,4,2
21378,SPRINGHILL SUITES BY MARRIOTT,13,7,6,7,6
21379,"SPRINKLES CUPCAKES IL, LLC",11,6,5,4,7
21380,SPROUTS ACADEMY,11,7,4,3,8
21381,SPROUTS ACADEMY MANAGED BY BRIGHT HORIZONS,9,2,7,2,7
21382,SPUTNIK COFFEE  COMPANY,4,1,3,3,1
21383,"SPYCES JERK CENTER, LLC",3,1,2,2,1
21384,SQUARE GRILL,9,6,3,2,7
21385,"SQUARE ROOTS KITCHEN, LLC",7,3,4,5,2
21386,SQUEAKIES,9,3,6,5,4
21387,SQUIRE'S SHELTERED CARE HOME,13,4,9,6,7
21388,SRD LOBBY SHOP,2,0,2,0,2
21389,SSANTANA SWEETS,4,0,4,2,2
21390,"SSP AMERICA, INC",15,5,10,3,12
21391,"SSYAL GINSENG HOUSE, INC",19,10,9,7,12
21392,ST  SYLVESTER SCHOOL,17,10,7,7,10
21393,ST AGATHA CATHOLIC SCHOOL,8,5,3,1,7
21394,ST AGNES MANOR,4,0,4,3,1
21395,ST AGNES OF BOHEMIA SCHOOL,20,9,11,6,14
21396,ST ANGELA SCHOOL,15,5,10,2,13
21397,ST AUGUSTINE COLLEGE CANILLITA,4,0,4,3,1
21398,ST BARNABAS ELEMENTARY,23,8,15,10,13
21399,ST BERNARD HOSPITAL & HEALTH CENTER,28,10,18,8,20
21400,ST CHRYSOSTOM'S CHURCH DAY SCHOOL,4,4,0,2,2
21401,ST ELIZABETH ELEMENTARY SCHOOL,6,3,3,2,4
21402,ST ELIZABETH'S HOSPITAL,2,1,1,0,2
21403,ST EUGENE,14,9,5,2,12
21404,ST FERDINAND,17,11,6,3,14
21405,ST FRANCIS BORGIA,16,8,8,4,12
21406,ST GENEVIEVE SCHOOL,18,10,8,6,12
21407,ST GREGORY HIGH SCHOOL,5,2,3,3,2
21408,ST HELENA OF THE CROSS,7,2,5,3,4
21409,ST HILARY ELEMENTARY SCHOOL,16,8,8,4,12
21410,ST JEROME SCHOOL,19,12,7,4,15
21411,ST JOHN BERCHMANS,18,6,12,7,11
21412,ST JOHN DE LASALLE,18,12,6,7,11
21413,ST JOSEPH CHILD CARE,13,8,5,4,9
21414,ST JOSEPH VILLAGE OF CHICAGO,22,10,12,7,15
21415,ST JOSEPH'S UKRANIAN CATHOLIC CHURCH,3,1,2,1,2
21416,ST JOSEPHS UKRANIAN CATHOLIC CHURCH,8,5,3,2,6
21417,ST JUDE EDUCATONAL INSTITUTE,17,8,9,4,13
21418,ST JUDE STORE,2,1,1,2,0
21419,ST JULIANA CATHOLIC SCHOOL,14,9,5,4,10
21420,ST MARGARET ELEMENTARY,24,15,9,7,17
21421,ST MARTHA MANOR,13,2,11,4,9
21422,ST MONICA ACADEMY,13,5,8,2,11
21423,ST NICHOLAS OF TOLENTINE,2,0,2,2,0
21424,ST PAUL OUR LADY OF VILNA,5,2,3,3,2
21425,ST PHILIP NERI SCHOOL,15,10,5,5,10
21426,ST REST COUNTRY KITCHEN,22,9,13,11,11
21427,ST SAVA SCHOOL,22,9,13,10,12
21428,ST STANISLAUS B&M CHURCH,11,6,5,3,8
21429,ST VINCENT DE PAUL CENTER,19,7,12,6,13
21430,ST. AILBE,21,8,13,11,10
21431,ST. ALOYSIUS,2,1,1,1,1
21432,ST. ANDREW LUTHERAN SCHOOL,7,2,5,2,5
21433,ST. ANDREW SCHOOL,15,9,6,4,11
21434,ST. ANDREW'S INN,7,4,3,4,3
21435,ST. ANDREWS GREEK ORTHODOX CHURCH,14,5,9,3,11
21436,ST. ANNA BAKERY,20,8,12,8,12
21437,ST. ANTHONY HOSPITAL,2,0,2,1,1
21438,ST. ATHANASIOS & JOHN GREEK ORTHODOX CHURCH,6,3,3,4,2
21439,ST. AUGUSTINE COLLEGE,2,0,2,1,1
21440,ST. BARBARA SCHOOL,12,3,9,4,8
21441,ST. BEDE THE VENERABLE,17,9,8,4,13
21442,ST. BENEDICT ELEMENTARY SCHOOL,18,9,9,4,14
21443,ST. BENEDICT HIGH SCHOOL,15,7,8,5,10
21444,ST. BESS JERK,16,4,12,12,4
21445,ST. CHRISTINA SCHOOL,15,8,7,2,13
21446,ST. CHRYSOSTOM'S CHURCH DAY SCHOOL,11,6,5,2,9
21447,ST. CLAIR HOTEL-MAGNIFICENT MILE,3,1,2,1,2
21448,ST. COLUMBANUS,8,3,5,4,4
21449,ST. CONSTANCE ELEMENTARY SCHOOL,19,8,11,7,12
21450,ST. CORNELIUS SCHOOL,9,2,7,2,7
21451,ST. DANIEL THE PROPHET,16,9,7,6,10
21452,ST. DEMETRIOS GREEK ORTHODOX CHURCH,12,8,4,2,10
21453,ST. DOROTHY,9,2,7,4,5
21454,ST. EDWARD SCHOOL,17,5,12,4,13
21455,ST. ELIZABETH OF THE TRINITY SCHOOL,7,3,4,2,5
21456,ST. ETHELREDA SCHOOL,22,9,13,8,14
21457,ST. EUGENE PARISH,3,2,1,0,3
21458,ST. FLORIAN SCHOOL,12,4,8,6,6
21459,ST. FRANCIS DE SALES HIGH SCHOOL,24,9,15,13,11
21460,ST. GABRIEL ELEMENTARY,19,10,9,4,15
21461,ST. GENEVIEVE CHURCH,3,2,1,1,2
21462,ST. GEORGE GREEK ORTHODOX CHURCH,14,9,5,2,12
21463,ST. GREGORY EPISCOPAL SCHOOL,3,0,3,2,1
21464,ST. HELEN SCHOOL,18,8,10,3,15
21465,ST. IGNATIUS COLLEGE PREP,2,1,1,1,1
21466,"ST. IGNATIUS COLLEGE PREP, INC.",17,6,11,8,9
21467,ST. JANE DE CHANTAL SCHOOL,11,3,8,4,7
21468,ST. JANE HOTEL,4,2,2,4,0
21469,ST. JEROME PARISH,9,2,7,3,6
21470,ST. JOHN FISHER,16,4,12,6,10
21471,ST. JOHN OF GOD,7,3,4,4,3
21472,ST. JOHN OF GOD CHILD DEVELOPMENT CENTER,3,2,1,1,2
21473,ST. JOSAPHAT,13,7,6,1,12
21474,ST. JOSEPH COLLEGE SEMINARY,9,6,3,3,6
21475,ST. LEONARD'S MINISTRIES MICHAEL BARLOW,11,4,7,4,7
21476,ST. LUKE ACADEMY,16,8,8,5,11
21477,ST. MARGARET MARY SCHOOL,11,3,8,3,8
21478,ST. MARY OF THE ANGELS,16,8,8,4,12
21479,ST. MARY OF THE LAKE,15,7,8,6,9
21480,ST. MARY'S CHURCH,4,0,4,2,2
21481,ST. MATTHIAS,12,5,7,3,9
21482,ST. MATTHIAS SCHOOL,7,1,6,3,4
21483,ST. MICHAEL,11,4,7,4,7
21484,ST. MICHAEL 52ND INC.,2,0,2,1,1
21485,ST. MICHAEL THE ARCHANGEL CATHOLIC CHURCH,2,0,2,2,0
21486,ST. NICHOLAS CATHEDRAL,16,6,10,4,12
21487,ST. PASCAL,17,6,11,3,14
21488,ST. PATRICK HIGH SCHOOL,14,9,5,5,9
21489,ST. PAUL EVANGELICAL LUTHERAN SCHOOL,9,3,6,4,5
21490,ST. PAUL LUTHERAN SCHOOL,13,4,9,4,9
21491,ST. PAUL'S HOUSE AND HEALTHCARE CENTER,13,5,8,5,8
21492,ST. PAULS CHURCH,10,5,5,3,7
21493,ST. PIUS V CHURCH,23,12,11,10,13
21494,ST. PIUS V SCHOOL,20,12,8,7,13
21495,ST. PROCOPIUS SCHOOL,17,8,9,4,13
21496,ST. REGIS CHICAGO,22,14,8,5,17
21497,ST. RENE,7,5,2,1,6
21498,ST. REST COUNTRY KITCHEN,23,9,14,15,8
21499,ST. RICHARD SCHOOL,19,9,10,4,15
21500,ST. RITA HIGH SCHOOL,21,6,15,9,12
21501,ST. ROBERT BELLARMINE,16,7,9,4,12
21502,ST. SABINA ACADEMY,16,5,11,3,13
21503,ST. SYMPHOROSA,19,11,8,6,13
21504,ST. TERESA OF AVILA,5,1,4,2,3
21505,ST. THECLA CATHOLIC SCHOOL,13,2,11,5,8
21506,ST. THERESE SCHOOL,14,11,3,2,12
21507,ST. THERESE WEST,5,1,4,2,3
21508,ST. THOMAS OF CANTERBURY PARISH,7,2,5,2,5
21509,ST. THOMAS OF CANTERBURY SCHOOL,12,4,8,7,5
21510,ST. THOMAS THE APOSTLE,18,7,11,5,13
21511,ST. TURIBIUS SCHOOL,5,1,4,2,3
21512,ST.ANTHONY HOSPITAL,11,6,5,3,8
21513,ST.BRUNO,15,3,12,3,12
21514,ST.NICHOLAS OF TOLENTINE,18,10,8,2,16
21515,ST.PANCRATIUS,4,1,3,1,3
21516,ST.SCHOLASTICA ACADEMY,4,1,3,1,3
21517,ST.STANISLAUS KOSTKA SCHOOL,16,8,8,4,12
21518,STABUCKS COFFEE #19283,11,5,6,2,9
21519,STACKD,4,0,4,2,2
21520,STACKERZ,3,0,3,3,0
21521,STAGE 773,5,1,4,2,3
21522,STAGES RESTAURANT,7,4,3,2,5
21523,STAIR STEP VILLA NUR & KINDERG,30,8,22,12,18
21524,STAN'S CORNER INC,12,5,7,4,8
21525,STAN'S DONUTS,14,7,7,4,10
21526,STAN'S DONUTS & COFFEE,29,11,18,11,18
21527,STAN'S DONUTS - CLARK ST.,13,3,10,6,7
21528,STAN'S DONUTS AND COFFEE-UPTOWN,4,3,1,2,2
21529,"STAN'S DONUTS CHICAGO, LLC",8,3,5,3,5
21530,STAN'S DONUTS MSI,4,0,4,2,2
21531,STAND-UP BURGER,5,2,3,4,1
21532,STAND-UP BURGERS,2,1,1,1,1
21533,STANDARD MARKET GRILL,15,5,10,8,7
21534,STANDARD PHO LLC,2,1,1,1,1
21535,STANDING PASSENGERS INC.,4,4,0,2,2
21536,STANDING ROOM ONLY CHICAGO,8,4,4,2,6
21537,STANLEY'S,34,11,23,16,18
21538,STANLEY'S GRILL,16,6,10,8,8
21539,STANLEY'S ON RACINE,5,2,3,3,2
21540,STANLEY'S RESTAURANT,19,10,9,12,7
21541,STANS DONUTS,5,1,4,1,4
21542,STANS DRIVE-IN,2,0,2,2,0
21543,STAR  GRILL,15,8,7,7,8
21544,STAR  NUTRICION,3,0,3,2,1
21545,STAR CANDY STORE,2,1,1,1,1
21546,STAR CONVENIENCE MART,4,0,4,4,0
21547,STAR DOLLAR PLUS,4,1,3,2,2
21548,STAR EAST,24,12,12,12,12
21549,STAR FOOD MARKET,2,1,1,1,1
21550,"STAR FOUR, LTD.",2,1,1,1,1
21551,STAR GRILL,4,1,3,2,2
21552,STAR GYROS,38,16,22,14,24
21553,STAR GYROS INC.,3,1,2,2,1
21554,STAR KIDS MATH AND SCIENCE ACADEMY,15,7,8,4,11
21555,STAR KITCHEN,21,5,16,15,6
21556,STAR LIGHT FOOD MARKET,22,16,6,9,13
21557,STAR LIGHT FOOD MARKET II,17,7,10,6,11
21558,STAR LOUNGE COFFEE BAR,9,3,6,3,6
21559,"STAR LOUNGE COFFEE BAR, INC.",6,3,3,2,4
21560,STAR OF SIAM INC,50,31,19,21,29
21561,STAR SUBMARINE,15,5,10,8,7
21562,STARBBUCKS COFFEE #23829,6,2,4,4,2
21563,STARBUCK COFFEE #10366,11,7,4,1,10
21564,STARBUCK COFFEE #2615,8,1,7,4,4
21565,STARBUCK'S,9,7,2,1,8
21566,STARBUCK'S COFFEE,18,9,9,9,9
21567,STARBUCK'S COFFEE #226,5,2,3,3,2
21568,STARBUCK'S COFFEE #2636,15,3,12,6,9
21569,STARBUCK'S DELI,12,7,5,2,10
21570,STARBUCKS,177,83,94,56,121
21571,STARBUCKS  COFFEE #63483,4,0,4,1,3
21572,STARBUCKS # 2483,15,7,8,4,11
21573,STARBUCKS #10634,11,5,6,3,8
21574,STARBUCKS #14553,7,4,3,2,5
21575,STARBUCKS #17743,6,2,4,3,3
21576,STARBUCKS #231,10,6,4,5,5
21577,STARBUCKS #23241,5,2,3,1,4
21578,STARBUCKS #272,4,0,4,2,2
21579,STARBUCKS #2756,8,6,2,1,7
21580,STARBUCKS (FRANCHISEE),3,1,2,2,1
21581,STARBUCKS COFFEE,74,28,46,23,51
21582,STARBUCKS COFFEE  #204,4,2,2,2,2
21583,STARBUCKS COFFEE  #2213,7,2,5,2,5
21584,STARBUCKS COFFEE  #22423,10,7,3,1,9
21585,STARBUCKS COFFEE  #2635,14,8,6,8,6
21586,STARBUCKS COFFEE # 11719,12,5,7,6,6
21587,STARBUCKS COFFEE # 13468,10,5,5,4,6
21588,STARBUCKS COFFEE # 16696,10,6,4,3,7
21589,STARBUCKS COFFEE # 216,10,4,6,4,6
21590,STARBUCKS COFFEE # 2449,9,2,7,1,8
21591,STARBUCKS COFFEE # 2624,14,9,5,2,12
21592,STARBUCKS COFFEE # 28867,7,3,4,3,4
21593,STARBUCKS COFFEE #10199,10,6,4,2,8
21594,STARBUCKS COFFEE #10506,10,1,9,8,2
21595,STARBUCKS COFFEE #10594,12,9,3,1,11
21596,STARBUCKS COFFEE #10905,12,6,6,2,10
21597,STARBUCKS COFFEE #10955,8,4,4,3,5
21598,STARBUCKS COFFEE #10957,11,8,3,1,10
21599,STARBUCKS COFFEE #11048,11,1,10,2,9
21600,STARBUCKS COFFEE #11125,8,7,1,2,6
21601,STARBUCKS COFFEE #11719,13,1,12,6,7
21602,STARBUCKS COFFEE #11751,9,5,4,3,6
21603,STARBUCKS COFFEE #13319,12,7,5,1,11
21604,STARBUCKS COFFEE #13439,16,5,11,8,8
21605,STARBUCKS COFFEE #13468,4,1,3,2,2
21606,STARBUCKS COFFEE #13522,10,2,8,4,6
21607,STARBUCKS COFFEE #13710,15,7,8,3,12
21608,STARBUCKS COFFEE #14256,9,7,2,3,6
21609,STARBUCKS COFFEE #14433,11,7,4,2,9
21610,STARBUCKS COFFEE #15683,17,8,9,4,13
21611,STARBUCKS COFFEE #16309,3,0,3,2,1
21612,STARBUCKS COFFEE #17743,13,3,10,7,6
21613,STARBUCKS COFFEE #19549,14,8,6,3,11
21614,STARBUCKS COFFEE #202,4,1,3,2,2
21615,STARBUCKS COFFEE #203,11,5,6,3,8
21616,STARBUCKS COFFEE #204,4,3,1,2,2
21617,STARBUCKS COFFEE #206,11,3,8,4,7
21618,STARBUCKS COFFEE #20797,6,2,4,2,4
21619,STARBUCKS COFFEE #209,12,11,1,2,10
21620,STARBUCKS COFFEE #211,9,7,2,1,8
21621,STARBUCKS COFFEE #212,11,6,5,3,8
21622,STARBUCKS COFFEE #213,7,4,3,1,6
21623,STARBUCKS COFFEE #216,8,2,6,2,6
21624,STARBUCKS COFFEE #217,2,1,1,2,0
21625,STARBUCKS COFFEE #21751,8,1,7,2,6
21626,STARBUCKS COFFEE #2201,4,0,4,1,3
21627,STARBUCKS COFFEE #2201A,5,2,3,2,3
21628,STARBUCKS COFFEE #2207,12,5,7,6,6
21629,STARBUCKS COFFEE #221,6,2,4,2,4
21630,STARBUCKS COFFEE #2213,6,3,3,2,4
21631,STARBUCKS COFFEE #2215,12,5,7,5,7
21632,STARBUCKS COFFEE #2218,2,0,2,2,0
21633,STARBUCKS COFFEE #222,3,0,3,2,1
21634,STARBUCKS COFFEE #2223,11,4,7,4,7
21635,STARBUCKS COFFEE #2224,13,7,6,5,8
21636,STARBUCKS COFFEE #2226,7,5,2,0,7
21637,STARBUCKS COFFEE #2229,7,3,4,1,6
21638,STARBUCKS COFFEE #223,5,3,2,3,2
21639,STARBUCKS COFFEE #2230,6,2,4,4,2
21640,STARBUCKS COFFEE #2234,12,7,5,2,10
21641,STARBUCKS COFFEE #22423,12,6,6,8,4
21642,STARBUCKS COFFEE #2247,16,5,11,4,12
21643,STARBUCKS COFFEE #225,10,3,7,3,7
21644,STARBUCKS COFFEE #2252,13,6,7,5,8
21645,STARBUCKS COFFEE #2255,11,7,4,2,9
21646,STARBUCKS COFFEE #226,12,4,8,4,8
21647,STARBUCKS COFFEE #2261,10,7,3,3,7
21648,STARBUCKS COFFEE #2264,9,3,6,2,7
21649,STARBUCKS COFFEE #227,11,9,2,2,9
21650,STARBUCKS COFFEE #228,16,6,10,7,9
21651,STARBUCKS COFFEE #229,10,5,5,1,9
21652,STARBUCKS COFFEE #22949,8,2,6,3,5
21653,STARBUCKS COFFEE #231,2,1,1,1,1
21654,STARBUCKS COFFEE #2310,12,4,8,4,8
21655,STARBUCKS COFFEE #232,8,5,3,1,7
21656,STARBUCKS COFFEE #2329,8,3,5,2,6
21657,STARBUCKS COFFEE #233,9,4,5,2,7
21658,STARBUCKS COFFEE #2334,13,5,8,3,10
21659,STARBUCKS COFFEE #2335,6,2,4,2,4
21660,STARBUCKS COFFEE #2337,10,5,5,5,5
21661,STARBUCKS COFFEE #236,15,8,7,6,9
21662,STARBUCKS COFFEE #2369,7,3,4,1,6
21663,STARBUCKS COFFEE #2370,19,8,11,8,11
21664,STARBUCKS COFFEE #2372,9,1,8,4,5
21665,STARBUCKS COFFEE #2373,10,4,6,4,6
21666,STARBUCKS COFFEE #2375,6,4,2,0,6
21667,STARBUCKS COFFEE #2378,8,3,5,4,4
21668,STARBUCKS COFFEE #238,9,4,5,4,5
21669,STARBUCKS COFFEE #2397,6,4,2,1,5
21670,STARBUCKS COFFEE #2401,11,5,6,4,7
21671,STARBUCKS COFFEE #2410,12,6,6,5,7
21672,STARBUCKS COFFEE #2412,11,5,6,3,8
21673,STARBUCKS COFFEE #2443,12,3,9,7,5
21674,STARBUCKS COFFEE #2479,11,2,9,5,6
21675,STARBUCKS COFFEE #2484,11,5,6,4,7
21676,STARBUCKS COFFEE #2491,12,6,6,5,7
21677,STARBUCKS COFFEE #2492,8,4,4,5,3
21678,STARBUCKS COFFEE #2494,9,4,5,6,3
21679,STARBUCKS COFFEE #25092,8,1,7,4,4
21680,STARBUCKS COFFEE #2510,22,8,14,10,12
21681,STARBUCKS COFFEE #2513,8,3,5,4,4
21682,STARBUCKS COFFEE #2514,10,6,4,1,9
21683,STARBUCKS COFFEE #2515,10,6,4,5,5
21684,STARBUCKS COFFEE #2527,12,7,5,2,10
21685,STARBUCKS COFFEE #2545,9,5,4,3,6
21686,STARBUCKS COFFEE #2565,10,7,3,3,7
21687,STARBUCKS COFFEE #26368,12,6,6,6,6
21688,STARBUCKS COFFEE #2639,13,4,9,6,7
21689,STARBUCKS COFFEE #26720,4,1,3,2,2
21690,STARBUCKS COFFEE #2689,11,4,7,4,7
21691,STARBUCKS COFFEE #272,13,4,9,6,7
21692,STARBUCKS COFFEE #27508,4,3,1,1,3
21693,STARBUCKS COFFEE #27892,7,2,5,4,3
21694,STARBUCKS COFFEE #282,14,7,7,7,7
21695,STARBUCKS COFFEE #2827,13,7,6,5,8
21696,STARBUCKS COFFEE #2877,9,6,3,1,8
21697,STARBUCKS COFFEE #289,9,4,5,1,8
21698,STARBUCKS COFFEE #2929,15,7,8,7,8
21699,STARBUCKS COFFEE #2949,16,4,12,7,9
21700,STARBUCKS COFFEE #47022,7,4,3,4,3
21701,STARBUCKS COFFEE #47362,5,1,4,2,3
21702,STARBUCKS COFFEE #47565,4,1,3,3,1
21703,STARBUCKS COFFEE #47593,10,4,6,5,5
21704,STARBUCKS COFFEE #48513,2,1,1,1,1
21705,STARBUCKS COFFEE #48615,8,2,6,3,5
21706,STARBUCKS COFFEE #49431,7,3,4,4,3
21707,STARBUCKS COFFEE #49695,5,1,4,2,3
21708,STARBUCKS COFFEE #49894,6,2,4,5,1
21709,STARBUCKS COFFEE #50482,3,0,3,2,1
21710,STARBUCKS COFFEE #50882,2,1,1,0,2
21711,STARBUCKS COFFEE #51649,2,1,1,2,0
21712,STARBUCKS COFFEE #57239,8,3,5,5,3
21713,STARBUCKS COFFEE #61227,4,3,1,2,2
21714,STARBUCKS COFFEE #61673,3,0,3,3,0
21715,STARBUCKS COFFEE #65752,2,1,1,2,0
21716,STARBUCKS COFFEE #66051,4,0,4,4,0
21717,STARBUCKS COFFEE #7948,25,8,17,15,10
21718,STARBUCKS COFFEE #8954,15,8,7,7,8
21719,STARBUCKS COFFEE #8972,10,5,5,4,6
21720,STARBUCKS COFFEE #9426,12,4,8,6,6
21721,STARBUCKS COFFEE #9757,6,3,3,2,4
21722,STARBUCKS COFFEE #9942,15,7,8,7,8
21723,STARBUCKS COFFEE 18013,10,5,5,3,7
21724,STARBUCKS COFFEE#21650,3,1,2,1,2
21725,STARBUCKS COFFEE#2261,4,1,3,3,1
21726,STARBUCKS COFFEE#27509,9,3,6,7,2
21727,STARBUCKS COFFEE#48513,5,2,3,1,4
21728,STARBUCKS COFFEE#65456,3,1,2,1,2
21729,STARBUCKS COOFEE #279,5,3,2,1,4
21730,STARBUCKS HK APEX,16,7,9,4,12
21731,STARBUCKS L03,11,6,5,2,9
21732,STARBUCKS RESERVE ROASTERY & TASTING ROOM,11,5,6,4,7
21733,STARBUCKS T-2,12,6,6,2,10
21734,STARDUST,23,7,16,14,9
21735,STARFRUIT CAFE,36,17,19,15,21
21736,STARLINE WINE & SPIRITS,2,2,0,0,2
21737,STARLITE CAFE,4,2,2,3,1
21738,STAROPOLSKA RESTAURANT,29,12,17,15,14
21739,STARR  KOSHER  CATERING,14,5,9,7,7
21740,STARS FOOD MARKET INC,7,3,4,2,5
21741,STARTREK,2,1,1,1,1
21742,STARVEE'S,7,2,5,6,1
21743,STATE DISCOUNT STORE,4,2,2,3,1
21744,STATE DISCOUNT WHOLESALE,4,2,2,2,2
21745,STATE FISH & CHICKEN,9,4,5,4,5
21746,"STATE FISH & GRILL, INC.",3,0,3,2,1
21747,STATE FISH AND CHICKEN,7,0,7,6,1
21748,STATE GARDEN FOOD & LIQ,4,2,2,3,1
21749,STATE MINI MART INC,6,1,5,4,2
21750,STATE RESTAURANT & CAFE,15,5,10,9,6
21751,STATE STREET GRILL,3,0,3,3,0
21752,"STATION E CAFE, INC.",2,0,2,1,1
21753,"STATION RESTAURANT AND BAR, VINNY'S PIZZA BAR, BOO",4,1,3,2,2
21754,STAX CAFE,37,15,22,17,20
21755,STAYPINAPPLE CHICAGO,3,2,1,0,3
21756,STEADFAST RESTAURANT,11,1,10,7,4
21757,STEAK & EGGER,33,10,23,18,15
21758,STEAK & TOSTADA,3,1,2,2,1
21759,STEAK 48,15,5,10,9,6
21760,STEAK AND HOAGIE,6,2,4,5,1
21761,"STEAK AND HOAGIE , INC",2,0,2,1,1
21762,STEAK BAR,13,4,9,7,6
21763,STEAK EXPRESS & FRIES,3,1,2,1,2
21764,STEAK HOAGIE,3,1,2,2,1
21765,STEAK HOAGY SWEET & MORE INC,19,4,15,10,9
21766,STEAK HOUSE & GRILL INC.,5,2,3,2,3
21767,STEAK N' SHAKE,8,1,7,5,3
21768,STEAK OUT GRILL,4,0,4,3,1
21769,STEAKKNIFE,4,3,1,1,3
21770,STEAQUE,2,2,0,0,2
21771,STEEP THEATRE COMPANY,2,0,2,1,1
21772,STEERS GOOD FOOD FAST,2,0,2,2,0
21773,STEFANI'S TUSCANY CAFE,4,0,4,2,2
21774,STEINGOLD'S OF CHICAGO,20,10,10,11,9
21775,"STEINGOLD'S STATION, LLC",3,0,3,2,1
21776,STELIO'S BOTTLES & BITES,8,7,1,2,6
21777,STELLA ESPRESSO COMPANY,3,0,3,2,1
21778,STELLA'S DINER,22,11,11,8,14
21779,STELLA'S FAST FOOD,16,6,10,7,9
21780,STELLA'S SANDWICH SHOP LTD.,2,0,2,1,1
21781,STELLAR WINE COMPANY,3,2,1,1,2
21782,STEM MAGNET ACADEMY,16,8,8,6,10
21783,STEP DOWN CAFE,3,1,2,2,1
21784,STEPHEN DECATUR ELEMENTARY SCHOOL,18,10,8,3,15
21785,STEPPENWOLF,8,0,8,5,3
21786,STEPPENWOLF THEATRE COMPANY,5,4,1,1,4
21787,STEPPING INTO THE FUTURE,17,6,11,3,14
21788,"STEPPING STONE BEFORE & AFTER CARE, CORP.",3,3,0,1,2
21789,STEPPING STONES LEARNING INSTITUTION,8,1,7,6,2
21790,STEPPING STONES NURSERY SCHOOL INC.,19,6,13,10,9
21791,STERCH'S,2,0,2,2,0
21792,STEREO NIGHT CLUB,2,0,2,1,1
21793,STERLING BAY,4,0,4,3,1
21794,STERLING BAY COMPANIES,7,3,4,1,6
21795,STERLING GOSS LIMITED,3,1,2,2,1
21796,STETSON'S,18,8,10,5,13
21797,STEVE AND KATE'S CAMP,2,1,1,2,0
21798,STEVE FOOD MARKET,2,1,1,2,0
21799,STEVE KABOB,3,1,2,3,0
21800,STEVE'S 77 ICE CREAM,9,3,6,5,4
21801,STEVE'S BITE,6,2,4,4,2
21802,STEVE'S DELI,6,2,4,4,2
21803,STEVE'S FOOD MART INC,2,0,2,2,0
21804,STEVE'S LOUNGE,34,6,28,21,13
21805,STEVE'S PIZZA,4,2,2,2,2
21806,STEVE'S PLACE,5,3,2,1,4
21807,STEVEN FOOD MART,2,1,1,1,1
21808,STEVENSON EARLY CHILDHOOD CENTER,4,2,2,1,3
21809,STEVENSON ELEMENTARY,18,9,9,3,15
21810,STEVENSON OIL,4,1,3,3,1
21811,STEVES 77 ICE CREAM,3,2,1,1,2
21812,STEVO'S GRILL,21,6,15,12,9
21813,STEWART LIQUORS INC,7,4,3,3,4
21814,STICKY FINGERS GOURMET POPCORN,3,1,2,1,2
21815,STICKY KISS,2,2,0,1,1
21816,STICKY RICE,30,10,20,14,16
21817,STICKY RICE CHIANG MAI,4,2,2,1,3
21818,STIMPY'S,2,0,2,2,0
21819,STK CHICAGO,20,7,13,9,11
21820,STOCK AND LEDGER,5,2,3,2,3
21821,STOCKS & BLONDES BAR & GRILLE,17,8,9,9,8
21822,STOCKTON,3,0,3,3,0
21823,STONE CREEK COFFEE,3,2,1,3,0
21824,STONE ELEMENTARY,20,2,18,7,13
21825,STONE FLOWER,4,1,3,4,0
21826,STONE FOX,8,1,7,6,2
21827,STONE GRILL,7,4,3,3,4
21828,STONE LOTUS,2,2,0,1,1
21829,STONE WALL GRILL,2,1,1,1,1
21830,STONY BEVERAGE DEPOT,2,1,1,1,1
21831,STONY ISLAND ARTS BANK,2,0,2,2,0
21832,STONY ISLAND DISCOUNT,5,3,2,3,2
21833,STONY ISLAND GROCERY,3,1,2,2,1
21834,STONY ISLAND MART INC.,4,2,2,2,2
21835,STONY SHELL,5,2,3,4,1
21836,STONY'S PALACE CAFE,3,1,2,1,2
21837,STOP & GO SHOPPING MART,5,1,4,4,1
21838,STOP & SAVE,5,1,4,3,2
21839,STOP & SAVE SHOP,2,0,2,1,1
21840,STOP & SHOP,2,1,1,1,1
21841,STOP AND SHOP,7,3,4,4,3
21842,"STOP AND SHOP FOODS, INC.",5,1,4,3,2
21843,STOP AND SHOP FOR U,10,4,6,6,4
21844,STOP EVERYDAY,4,3,1,2,2
21845,STOP N BUY,2,0,2,2,0
21846,STOP N GO LLC,4,1,3,2,2
21847,STOP N LOOK FOOD & DELI,5,1,4,4,1
21848,"STOP SHOP MINI MARKET, INC",7,3,4,3,4
21849,STORE 1053 INC.,4,1,3,3,1
21850,STORE 610,3,2,1,2,1
21851,STORYVILLE,5,1,4,4,1
21852,STOUT BARREL HOUSE AND KITCHEN,15,3,12,7,8
21853,STRACK & VAN TIL,13,7,6,4,9
21854,STRAIGHTLAW COOKING & CATERING,3,1,2,2,1
21855,STRATFORD ON THE PARK/NAOKI SUSHI/ASAP POKE,5,1,4,4,1
21856,STRAWDOG THEATRE COMPANY,2,1,1,1,1
21857,STRAY HEN CAFE OF CHICAGO,9,1,8,8,1
21858,STREET CORNER MARKET,3,1,2,2,1
21859,STREET HOSPITALITY MANAGEMENT LLC,5,0,5,4,1
21860,STREET SIDE CAFE,6,3,3,3,3
21861,STREET VENDORS ASSOCIATION OF CHICAGO,10,2,8,7,3
21862,STREETERS TAVERN,5,2,3,1,4
21863,STREETERVILLE PIZZERIA & TAP,4,3,1,3,1
21864,STRETCH RUN SPORTING CLUB & GRILLE,3,2,1,1,2
21865,STRICKLY RIBIZ,4,1,3,3,1
21866,STRINGS,26,10,16,14,12
21867,STRINGS RAMEN,9,2,7,3,6
21868,STRINGS RAMEN 2,4,0,4,3,1
21869,STROGER CAFE,14,7,7,8,6
21870,STRUGGLEBEARD BAKERY,2,1,1,1,1
21871,STUART G. FERST SCHOOL,13,8,5,4,9
21872,STUDENT LOUNGE,7,2,5,2,5
21873,STUDIO 2226 INC.,2,1,1,1,1
21874,STUDIO 31,2,0,2,2,0
21875,STUDIO III,2,1,1,1,1
21876,STUDIO MOVIE GRILL,20,10,10,11,9
21877,STUFFIN-IT-FRESH,4,1,3,3,1
21878,STUMPTOWN COFFEE CORP,7,0,7,4,3
21879,STUNOD'S PIZZA,8,2,6,5,3
21880,SU CASA,35,12,23,13,22
21881,"SU NUEVA CASA DEL GALLO BRAVO, INC.",25,8,17,20,5
21882,SU TAQUERIA EL GALLO BRAVO #4,7,1,6,4,3
21883,"SU TAQUERIA EL GALLO BRAVO 5, INC.",28,12,16,14,14
21884,SU TAQUERIA EL GALLO BRAVO 7,3,2,1,2,1
21885,SU TAQUERIA EL REY DEL TACO,27,8,19,17,10
21886,SU TAQUERIA THALY'S INC.,8,2,6,4,4
21887,SU VANS INC.,5,3,2,1,4
21888,SUAREZ MARKET,3,2,1,1,2
21889,SUB BROTHER,16,10,6,5,11
21890,"SUB LINCOLN SQUARE, LLC",9,1,8,7,2
21891,SUB WAY,24,10,14,7,17
21892,SUBLIME SUSHI,24,4,20,16,8
21893,SUBMARINE PORT INC,9,3,6,3,6
21894,SUBO,7,4,3,6,1
21895,SUBO FILIPINO KITCHEN,4,1,3,2,2
21896,SUBS & CHIPS FOOD MART,2,1,1,1,1
21897,SUBS & SHOP 25 INC.,4,2,2,3,1
21898,"SUBS & SHOP 63RD,  INC",8,0,8,8,0
21899,SUBS AND SHOP,5,1,4,3,2
21900,SUBTERRANEAN CAFE & CABARET,12,8,4,3,9
21901,SUBWAY,3621,1502,2119,1520,2101
21902,SUBWAY  #38326,17,7,10,8,9
21903,SUBWAY  5183,19,7,12,7,12
21904,SUBWAY # 23333,3,1,2,1,2
21905,SUBWAY # 26771,13,7,6,5,8
21906,SUBWAY # 26817-309 W. MONROE,10,4,6,1,9
21907,SUBWAY # 6010,2,0,2,1,1
21908,SUBWAY # 7659,12,5,7,5,7
21909,SUBWAY #23340,2,0,2,2,0
21910,SUBWAY #23983,3,1,2,2,1
21911,SUBWAY #24879,6,2,4,6,0
21912,SUBWAY #25073,20,10,10,10,10
21913,SUBWAY #25917,5,2,3,2,3
21914,SUBWAY #267771,6,2,4,2,4
21915,SUBWAY #3333,27,14,13,11,16
21916,SUBWAY #4267,8,2,6,6,2
21917,SUBWAY #44541,26,15,11,9,17
21918,SUBWAY #45927,16,2,14,8,8
21919,SUBWAY #51581,19,9,10,4,15
21920,SUBWAY #65029,11,3,8,4,7
21921,SUBWAY #7706,4,1,3,2,2
21922,SUBWAY / JAY SHREE INC,10,0,10,9,1
21923,SUBWAY / TCBY,19,4,15,11,8
21924,SUBWAY 10266,22,8,14,6,16
21925,SUBWAY 1121,14,7,7,8,6
21926,SUBWAY 14641,13,4,9,4,9
21927,SUBWAY 21649,6,1,5,2,4
21928,SUBWAY 24028,8,3,5,3,5
21929,SUBWAY 24379,8,5,3,3,5
21930,SUBWAY 24453,4,1,3,0,4
21931,SUBWAY 25064,5,2,3,3,2
21932,SUBWAY 26199,16,9,7,5,11
21933,SUBWAY 275,16,7,9,6,10
21934,SUBWAY 28330,23,6,17,12,11
21935,SUBWAY 29772,7,0,7,4,3
21936,SUBWAY 33077,4,2,2,2,2
21937,SUBWAY 3634,33,9,24,16,17
21938,SUBWAY 42180,7,2,5,5,2
21939,SUBWAY 44839,4,3,1,3,1
21940,SUBWAY 47512,8,3,5,7,1
21941,SUBWAY 48735,16,6,10,6,10
21942,SUBWAY 50886,19,6,13,6,13
21943,SUBWAY 51581,7,4,3,4,3
21944,SUBWAY 6010,23,13,10,8,15
21945,SUBWAY 7585,2,0,2,1,1
21946,SUBWAY 7709,21,8,13,7,14
21947,SUBWAY AT NORWEGIAN AMERICAN HOSPITAL,5,1,4,2,3
21948,SUBWAY RESTAURANT,70,20,50,43,27
21949,SUBWAY SANDWICH,136,60,76,48,88
21950,SUBWAY SANDWICH & SALAD,75,32,43,29,46
21951,SUBWAY SANDWICH & SALADS,9,4,5,4,5
21952,SUBWAY SANDWICH SHOP,32,12,20,15,17
21953,SUBWAY SANDWICH STORE,20,10,10,3,17
21954,SUBWAY SANDWICHES,228,101,127,98,130
21955,SUBWAY SANDWICHES #22222,23,12,11,10,13
21956,SUBWAY SANDWICHES #27143,23,16,7,7,16
21957,SUBWAY SANDWICHES & SALAD,29,11,18,14,15
21958,SUBWAY SANDWICHES & SALADS,29,12,17,12,17
21959,SUBWAY SANDWICHES AND SALAD,23,12,11,6,17
21960,SUBWAY SANDWICHES AND SALADS,7,3,4,4,3
21961,SUBWAY SANWICH SHOP,22,4,18,18,4
21962,SUBWAY STORE  # 25458,20,5,15,8,12
21963,SUBWAY STORE #30969,24,7,17,13,11
21964,SUBWAY SUBS AND SALADS,7,4,3,3,4
21965,SUBWAY-SANDWICH,3,0,3,2,1
21966,SUCCEZZ,2,0,2,1,1
21967,SUCH A JERK,3,1,2,2,1
21968,SUDA'S,4,0,4,4,0
21969,SUFWAN LAUNDRIES,6,4,2,2,4
21970,SUGA MAMA'S SOUTHERN CUISINE,2,1,1,1,1
21971,SUGA RAYS SOCIAL AFFAIR INC.,3,1,2,2,1
21972,SUGAR BABY'S CAFE,4,0,4,4,0
21973,SUGAR BABY'S CAFE INCORPORATED,3,2,1,3,0
21974,SUGAR BLISS CAKE BOUTIQUE,18,7,11,5,13
21975,SUGAR BLISS PATISSERIE,3,1,2,0,3
21976,"SUGAR BLOW, LLC",4,1,3,3,1
21977,SUGAR FACTORY,22,6,16,11,11
21978,SUGAR FIXE MACARON,6,3,3,3,3
21979,SUGAR HILLS BAKERY,6,2,4,3,3
21980,SUGAR MAMA,6,2,4,4,2
21981,SUGAR MOON,2,0,2,2,0
21982,SUGAR SHACK PLUS,5,0,5,3,2
21983,SUGAR TEA COMPANY,3,1,2,2,1
21984,"SUGARPIE BAKERY AND CAFE,LLC",2,0,2,1,1
21985,SUGOI SWEETS,2,0,2,1,1
21986,SUGUNI SUSHI,7,2,5,3,4
21987,SUITE 25,11,3,8,8,3
21988,"SUITE LITTLE FEET, INC",15,8,7,6,9
21989,SUITE LOUNGE,2,0,2,1,1
21990,SUKARI'S,5,2,3,4,1
21991,SUKHADIA SWEETS & SNACKS,23,10,13,10,13
21992,SULKO'S RESTURANT,2,0,2,1,1
21993,SULLIVAN'S ORIGINAL,3,1,2,2,1
21994,SULLIVAN'S STEAKHOUSE,15,4,11,6,9
21995,SULLY'S HOUSE,12,2,10,4,8
21996,SULTAN 'S  MARKET,2,0,2,2,0
21997,SULTAN'S,17,1,16,11,6
21998,SULTAN'S MARKET,35,12,23,20,15
21999,SUMI,12,5,7,10,2
22000,SUMI ROBATA BAR,8,4,4,1,7
22001,SUMMA CUM LAUDE INC.,10,4,6,4,6
22002,SUMMER,19,7,12,7,12
22003,SUMMER HOUSE (T2 MAIN),15,9,6,1,14
22004,SUMMER HOUSE SANTA MONICA/STELLA BARRA PIZZERIA,23,11,12,10,13
22005,SUMMIT GROCERY,9,3,6,6,3
22006,"SUMMIT GROCERY ROGERS PARK, INC",5,1,4,3,2
22007,SUMO RESTAURANT,5,0,5,4,1
22008,SUMO SUSHI & HIBACHI,11,3,8,4,7
22009,SUMO SUSHI AND HIBACHI,2,1,1,0,2
22010,SUMU TOKYO RAMEN AND SUSHI,3,0,3,1,2
22011,SUN  SUMRINE FAST FOOD,3,2,1,1,2
22012,SUN & MOON COMPANY,11,3,8,5,6
22013,SUN FOOD MART,8,4,4,4,4
22014,SUN FRESH MARKET & DELI,14,8,6,5,9
22015,SUN REY CAFE,3,1,2,1,2
22016,SUN SHINE FOOD & LIQUOR INC,5,2,3,3,2
22017,SUN SHINE RESTAURANT,13,3,10,7,6
22018,"SUN SMILE, CORP",6,3,3,1,5
22019,SUN SUB AND CHICKEN,19,8,11,11,8
22020,SUN WAH BAR-B-Q INC CO,46,15,31,26,20
22021,SUN WING SUPERMARKET,9,1,8,4,5
22022,"SUN XIEN SOY PRODUCTS,LLC",2,1,1,1,1
22023,SUN-D-WICH,6,1,5,4,2
22024,SUN-SUB & PHILLY'S,9,1,8,5,4
22025,SUNBURST FOOD & LIQUOR INC,3,0,3,2,1
22026,SUNDA,26,13,13,9,17
22027,SUNDARBAN'S FISH BAR,5,1,4,3,2
22028,SUNDAY DINNER,3,1,2,1,2
22029,SUNDAYZ SOUL DINER,5,0,5,4,1
22030,SUNDRY SHOP,4,1,3,2,2
22031,SUNFLOUR BAKERY AND CAFE,3,1,2,2,1
22032,SUNFLOWER EARLY LEARNING ACADEMY,4,1,3,2,2
22033,SUNLIFE ORGANICS,2,1,1,1,1
22034,SUNLIGHT CAFE,21,10,11,11,10
22035,SUNNY BOWLS,5,1,4,2,3
22036,"SUNNY EAST VILLAGE DAY CARE & PRESCHOOL, INC",3,1,2,2,1
22037,"SUNNY EAST VILLAGE DAY CARE & PRESCHOOL, INC.",8,5,3,3,5
22038,SUNNY SIDE UP,25,8,17,14,11
22039,SUNNY SUB,29,12,17,11,18
22040,SUNNY SUB AND FISH INC,3,1,2,0,3
22041,SUNNY'S BAR B QUE,9,4,5,4,5
22042,SUNNY'S SUB,6,2,4,3,3
22043,SUNNY-SUBMARINE,6,2,4,3,3
22044,SUNNYDAY TAP,14,9,5,3,11
22045,SUNNYSIDE CENTER,15,7,8,3,12
22046,SUNNYSIDE DAYCARE,16,7,9,5,11
22047,SUNRISE AMERICAN CARIBBEAN RESTAURANT LLC,4,1,3,2,2
22048,SUNRISE AND BELLA LUNA LOUNGE,5,3,2,5,0
22049,"SUNRISE BREAKFAST & LUNCH RESTAURANT, INC.",10,6,4,6,4
22050,SUNRISE CAFE RESTAURANT,21,10,11,8,13
22051,SUNRISE CHILDCARE CENTER,7,3,4,2,5
22052,"SUNRISE CHILDCARE CENTER, INC.",4,3,1,0,4
22053,SUNRISE FAST FOOD,4,1,3,2,2
22054,SUNRISE FIT CLUB,6,1,5,5,1
22055,SUNRISE FOOD AND LIQUORS,4,2,2,1,3
22056,SUNRISE FOOD MART,3,0,3,2,1
22057,SUNRISE FRESH MARKET 2,25,13,12,10,15
22058,SUNRISE GYROS INC.,7,2,5,3,4
22059,SUNRISE MARKET,3,0,3,2,1
22060,SUNRISE OF LINCOLN PARK,21,8,13,8,13
22061,SUNRISE SUPERMARKET,3,0,3,3,0
22062,"SUNRISE TO SUNSET FOOD MART, INC",3,1,2,2,1
22063,SUNSET LIQUORS,3,2,1,1,2
22064,SUNSET PHO CAFE,6,2,4,4,2
22065,SUNSET PHO CAFFE,12,2,10,9,3
22066,SUNSHINE,16,5,11,7,9
22067,SUNSHINE FOOD MART.,6,3,3,3,3
22068,SUNSHINE FOODS,17,4,13,10,7
22069,SUNSHINE GROCERY,4,1,3,4,0
22070,SUNSHINE RESTAURANT,3,0,3,2,1
22071,SUNSHINE SUSHI RESTAURANT,2,0,2,2,0
22072,SUNSHIRO RAMEN,2,1,1,2,0
22073,SUNSUB & PHILLY'S,15,6,9,7,8
22074,"SUNVIEW GROCERY & PRODUCE, INC.",18,10,8,9,9
22075,SUPAROSSA,24,12,12,12,12
22076,SUPAROSSA/GOLDEN DINER,3,2,1,1,2
22077,SUPER 7 FOOD & LIQUOR,3,0,3,2,1
22078,SUPER AVENIDA FRUTERIA,9,4,5,6,3
22079,SUPER BEEFEE,10,4,6,6,4
22080,SUPER BURRITO #2,2,1,1,1,1
22081,SUPER CARNICERIA EL POLLO,18,5,13,7,11
22082,SUPER CHI CHI RESTAURANT INC,5,3,2,1,4
22083,"SUPER CRYSTAL MARKET, INC.",2,0,2,1,1
22084,SUPER CUP RESTAURANT,2,1,1,0,2
22085,SUPER DEAL FOOD LIQUOR,2,0,2,2,0
22086,SUPER DOG'S SUBMARINES INC,3,2,1,2,1
22087,SUPER DOLLAR DISCOUNT,2,0,2,1,1
22088,SUPER DOLLAR MEX PLUS,2,0,2,1,1
22089,SUPER FALAFEL CAFE,10,5,5,6,4
22090,SUPER FAST FOOD,8,2,6,6,2
22091,SUPER FISH PLUS,3,1,2,2,1
22092,"SUPER FOOD & LIQUORS, INC.",11,4,7,4,7
22093,SUPER FOOD MART,7,1,6,5,2
22094,SUPER FURNITURE & FOOD MART,6,2,4,4,2
22095,"SUPER GIANT GROCERIES, INC",4,2,2,1,3
22096,SUPER GIFT & GROCERIES,14,4,10,8,6
22097,SUPER GIFTS & GROCERIES INC,6,5,1,2,4
22098,SUPER GRILL AND SUB INC.,4,2,2,3,1
22099,SUPER HUGO TACOS,5,1,4,3,2
22100,SUPER JALAPENO GRILL INC.,20,8,12,9,11
22101,SUPER JIM'S,12,7,5,4,8
22102,SUPER JJ CHICKEN FISH AND RIBS,9,3,6,8,1
22103,SUPER LEON,14,4,10,9,5
22104,SUPER LEON GROCERY,3,2,1,1,2
22105,"SUPER LOW MEAT MARKET, INC.",17,8,9,9,8
22106,SUPER MARCADO AMIGO,2,0,2,1,1
22107,SUPER MAS MARKET,9,4,5,5,4
22108,SUPER MERCADO AL RAZA,8,5,3,3,5
22109,SUPER MERCADO BARRERA,6,3,3,1,5
22110,SUPER MERCADO CARRETA,10,6,4,4,6
22111,SUPER MERCADO EL GUERRO,21,10,11,9,12
22112,"SUPER MERCADO EL PUEBLO, INC.",10,2,8,4,6
22113,SUPER MERCADO GUADALAJARA,2,1,1,1,1
22114,SUPER MERCADO LA CHIQUITA,18,8,10,6,12
22115,SUPER MERCADO LA FIESTA,5,1,4,2,3
22116,SUPER NICK FOOD,8,4,4,3,5
22117,SUPER NUT & CANDY,3,1,2,1,2
22118,SUPER NUT CHICAGO,2,2,0,1,1
22119,SUPER POLLO Y TAQUERIA,20,10,10,7,13
22120,SUPER SAVE,18,8,10,12,6
22121,SUPER SAVE GROCERY,3,2,1,0,3
22122,SUPER SAVING FOOD,2,0,2,1,1
22123,SUPER SAVINGS FOOD,5,2,3,2,3
22124,SUPER SHARKS FISH & CHICKEN,15,6,9,9,6
22125,SUPER SHOPPER FOOD MART,6,3,3,3,3
22126,SUPER STAR & GYROS,4,1,3,3,1
22127,SUPER STAR & GYROS # 2 INC.,19,5,14,6,13
22128,SUPER STEAK SUB,2,1,1,2,0
22129,SUPER SUB AND GYROS 2 INC.,5,2,3,2,3
22130,SUPER SUBMARINE,20,6,14,9,11
22131,SUPER TAKO,2,1,1,1,1
22132,SUPER TAQUENA VALLARTA,3,2,1,2,1
22133,SUPER TAQUERIA EL TACONAZO EL TIO,13,6,7,8,5
22134,SUPER TAQUERIA EL TACONAZO EL TIO CO.,2,1,1,1,1
22135,SUPER TAQUERIA SAHUAYO,5,2,3,3,2
22136,SUPER TASTY SUB INC.,9,6,3,4,5
22137,SUPER VALUE FOOD MART INC,3,1,2,2,1
22138,SUPERDAWG DRIVE-IN INC,19,10,9,7,12
22139,SUPERHEROES ICE CREAM INC.,3,1,2,2,1
22140,SUPERIOR FOOD MART,3,1,2,1,2
22141,SUPERIOR NUT & CANDY  CO.I INC.,4,2,2,1,3
22142,"SUPERIOR NUT & CANDY CO., INC.",4,3,1,1,3
22143,SUPERIOR WINES AND SPIRITS,9,5,4,4,5
22144,SUPERMARKET & TAQUERIA  CARO,12,5,7,3,9
22145,SUPERMARKET & TAQUERIA CARO,2,1,1,2,0
22146,SUPERMARKET LA FAMILIA,5,4,1,1,4
22147,SUPERMARKET MADISON,4,2,2,2,2
22148,SUPERMART 4 FOOD,4,3,1,2,2
22149,SUPERMERCADO,7,1,6,6,1
22150,SUPERMERCADO ALEX,17,9,8,6,11
22151,SUPERMERCADO AMIGO,8,3,5,5,3
22152,SUPERMERCADO ANTONIO'S CORP.,22,6,16,14,8
22153,SUPERMERCADO BARRERA,10,5,5,3,7
22154,SUPERMERCADO CARDENAS,7,2,5,4,3
22155,SUPERMERCADO CHAPALA,21,11,10,9,12
22156,SUPERMERCADO CHAPULTEPEC #2,11,5,6,5,6
22157,SUPERMERCADO CUAUHTEMOC INC,25,7,18,18,7
22158,SUPERMERCADO EL BARRIO,4,2,2,2,2
22159,SUPERMERCADO EL CUBANO INC,12,4,8,6,6
22160,SUPERMERCADO EL GUERO #10 INC,26,13,13,11,15
22161,SUPERMERCADO EL GUERO NO. 8,23,7,16,8,15
22162,SUPERMERCADO EL MEXICANO,5,1,4,3,2
22163,SUPERMERCADO EL PARAISO INC.,2,0,2,2,0
22164,"SUPERMERCADO EL PISANO, INC.",2,1,1,1,1
22165,SUPERMERCADO EL PRIMO,2,1,1,2,0
22166,SUPERMERCADO EL RANCHITO,23,9,14,14,9
22167,SUPERMERCADO EL TAPATIO,18,7,11,9,9
22168,SUPERMERCADO EL TAXQUENITO,21,8,13,13,8
22169,SUPERMERCADO GARIBALDI,12,5,7,7,5
22170,SUPERMERCADO GELA'S,10,2,8,3,7
22171,SUPERMERCADO GONZALEZ,12,4,8,6,6
22172,SUPERMERCADO GUADALAJARA #2,9,2,7,5,4
22173,SUPERMERCADO GUERRERO,20,5,15,11,9
22174,SUPERMERCADO LA CANASTA,2,1,1,0,2
22175,SUPERMERCADO LA CHIQUITA #4,25,11,14,10,15
22176,SUPERMERCADO LA FAMILIA,3,2,1,2,1
22177,"SUPERMERCADO LA FIESTA #2, INC.",8,2,6,6,2
22178,SUPERMERCADO LA GLORIA,22,9,13,10,12
22179,"SUPERMERCADO LA GLORIA #4, INC.",11,4,7,5,6
22180,SUPERMERCADO LA MORELIANA,12,3,9,11,1
22181,SUPERMERCADO LA RAZA,4,0,4,3,1
22182,SUPERMERCADO LA RAZA CORP,5,2,3,4,1
22183,SUPERMERCADO LA TAPATIA,19,6,13,12,7
22184,"SUPERMERCADO LA VICTORIA, INC.",12,5,7,3,9
22185,SUPERMERCADO LA VILLA,16,7,9,7,9
22186,SUPERMERCADO LOS CUATES,5,2,3,2,3
22187,"SUPERMERCADO LOS HERMANOS RIOS, INC.",3,1,2,2,1
22188,SUPERMERCADO LOS PINOS,2,0,2,2,0
22189,SUPERMERCADO MARTIN,13,2,11,6,7
22190,SUPERMERCADO MARTINEZ,6,1,5,4,2
22191,SUPERMERCADO MI LUPITA,13,4,9,7,6
22192,SUPERMERCADO MOROLEON,14,6,8,9,5
22193,SUPERMERCADO PICINO,2,1,1,1,1
22194,SUPERMERCADO RIVERA INC.,21,9,12,8,13
22195,SUPERMERCADO SANCHEZ,2,0,2,2,0
22196,"SUPERMERCADO SANCHEZ, INC.",30,17,13,14,16
22197,SUPERMERCADO TEPECOA GUERRERO,2,0,2,2,0
22198,SUPERMERCADO TIERRA SANTA,2,1,1,1,1
22199,SUPERMERCADOS VILLAVICENCIO,4,1,3,3,1
22200,SUPERMERCARDO LA VINA,2,1,1,1,1
22201,SUPERPHILLY STEAK & LEMONADE,3,1,2,1,2
22202,SUPPER FOOD MART,2,0,2,1,1
22203,SUPPER HOUSE,4,0,4,2,2
22204,SUPPREME CATERING,2,0,2,0,2
22205,SUPREEM-FISH & STEAK-HOAGI,3,0,3,1,2
22206,SUPREME BEAN PIE,16,8,8,7,9
22207,SUPREME CATERING,8,4,4,3,5
22208,SUPREME CATERING COMPANY,2,1,1,1,1
22209,SUPREME EATERY,4,1,3,3,1
22210,SUPREME FISH & STEAK HOAGI,3,1,2,1,2
22211,SUPREME SUPERMARKET,4,1,3,4,0
22212,SUR LA TABLE,11,3,8,7,4
22213,SURA,2,0,2,2,0
22214,SURF CITY SQUEEZE,4,2,2,1,3
22215,SURF'S OLD TOWN,5,1,4,3,2
22216,SURF'S UP,2,0,2,2,0
22217,SURF'S UP BRONZEVILLE,2,0,2,2,0
22218,SURF'S UP SOUTH SHORE,9,4,5,6,3
22219,SURGE BILLIARDS,5,1,4,2,3
22220,"SURGE BILLIARDS, INC.",7,1,6,7,0
22221,SUSHI,25,9,16,15,10
22222,SUSHI  PARA  X  INC.,11,5,6,4,7
22223,SUSHI +,22,7,15,10,12
22224,"SUSHI 28 CAFE, INC",3,0,3,2,1
22225,"SUSHI AVENUE, INC.",17,5,12,6,11
22226,"SUSHI AVENUE, INCORPORATED",27,9,18,5,22
22227,SUSHI BURRITO,16,8,8,9,7
22228,SUSHI BY BOU,4,0,4,3,1
22229,SUSHI DOKKU,30,11,19,17,13
22230,SUSHI HALL,9,1,8,7,2
22231,SUSHI HOSHI,2,0,2,2,0
22232,SUSHI KING III,3,1,2,2,1
22233,SUSHI KOI,10,3,7,6,4
22234,SUSHI LIGHT,3,0,3,2,1
22235,SUSHI LOOP,4,2,2,1,3
22236,SUSHI LOUNGE,6,1,5,4,2
22237,SUSHI MON,15,3,12,10,5
22238,SUSHI MURA CHICAGO,6,2,4,3,3
22239,SUSHI MURA JAPANESE RESTAURANT,10,3,7,3,7
22240,SUSHI O SUSHI,15,5,10,7,8
22241,SUSHI PARA M,20,7,13,9,11
22242,SUSHI PARA TOO,24,7,17,13,11
22243,SUSHI PAYCE,8,0,8,5,3
22244,SUSHI PINK,21,10,11,10,11
22245,SUSHI SAI,20,7,13,11,9
22246,SUSHI SAMBA,12,6,6,8,4
22247,SUSHI TAIYO/IZAKAYA HAPA,8,4,4,3,5
22248,SUSHI TAKU,27,10,17,17,10
22249,SUSHI THAI III,6,3,3,1,5
22250,SUSHI TOKORO,15,6,9,10,5
22251,SUSHI USAGI YA,11,2,9,5,6
22252,SUSHI WABI,2,0,2,2,0
22253,SUSHI WITH GUSTO,7,3,4,4,3
22254,SUSHI WORLD,9,2,7,5,4
22255,SUSHI-SAN,24,6,18,15,9
22256,SUSHI-SAN RIVER NORTH LLC,5,1,4,2,3
22257,SUSHILICIOUS,2,1,1,0,2
22258,SUSHIMURA JAPANESE RESTAURANT,6,1,5,6,0
22259,SUSIE'S DRIVE IN,23,10,13,5,18
22260,SUSUPUATO RESTAURANT,8,1,7,5,3
22261,SUSUPUATO RESTAURANT & TAQUERIA,19,8,11,8,11
22262,SUSY'S BAKERY,3,1,2,2,1
22263,SUTHERLAND BALLROOM,2,0,2,2,0
22264,SUTHERLANDS,18,4,14,9,9
22265,SUTTON LIQUOR,4,1,3,3,1
22266,SUTTON OPARE,8,3,5,5,3
22267,SVEA RESTAURANT,17,7,10,9,8
22268,SWAGGER BAR & GRILL,4,0,4,4,0
22269,SWAN GRILL,4,2,2,2,2
22270,SWAN'S FOOD & DELI,2,1,1,1,1
22271,SWANSON'S BEVERLY RITZ,10,3,7,4,6
22272,SWANSON'S BEVERLY RITZ CATERIN,10,5,5,3,7
22273,SWAP-O-RAMA FLEA MARKET,16,3,13,9,7
22274,SWEATLODGE/REHYDRATE WATER BAR & CAFE,11,3,8,6,5
22275,SWEDISH AMERICAN MUSEUM,11,5,6,4,7
22276,SWEDISH BAKERY INC,8,5,3,2,6
22277,SWEDISH COVENANT HOSPITAL,40,13,27,21,19
22278,SWEDISH COVENANT HOSPITAL CCC,12,6,6,3,9
22279,SWEET BEAN,6,1,5,3,3
22280,SWEET BEAN & MORE,3,1,2,2,1
22281,SWEET BEAN AND MORE,3,0,3,2,1
22282,SWEET CAFE,3,2,1,0,3
22283,"SWEET CAFE CHICAGO, INC.",2,0,2,2,0
22284,SWEET CAKES,6,2,4,4,2
22285,SWEET CAKES BAKERY,5,0,5,2,3
22286,SWEET CAROLINE'S,2,1,1,1,1
22287,SWEET CELEBRATIONS BAKERY,2,1,1,1,1
22288,SWEET CHEEKS CAKES & PASTRIES,3,1,2,1,2
22289,SWEET CREATIONS BY DIANE,3,2,1,2,1
22290,SWEET D'S DINER,4,1,3,3,1
22291,SWEET DRAGON BOBA TEA,2,0,2,2,0
22292,SWEET DREAMS FROZEN YOGURT,4,1,3,3,1
22293,"SWEET DRIP, INC.",4,0,4,4,0
22294,"SWEET ESCAPES EATS AND TREATS, INC.",2,0,2,2,0
22295,SWEET FACTORY,6,3,3,3,3
22296,SWEET FREAKS,5,1,4,3,2
22297,SWEET GREEN,8,4,4,3,5
22298,SWEET HOME GROCER,2,0,2,1,1
22299,SWEET HONEY TEA,10,3,7,7,3
22300,"SWEET HOUSE, INC.",2,2,0,0,2
22301,SWEET MANDY B'S,12,3,9,7,5
22302,SWEET MANDY B'S LLC,16,6,10,7,9
22303,SWEET MAPLE CAFE,20,12,8,7,13
22304,SWEET MARKET INC.,3,2,1,3,0
22305,SWEET MISS GIVING'S,6,2,4,3,3
22306,SWEET N THINGS,3,0,3,3,0
22307,SWEET N' HEALTHY,2,0,2,1,1
22308,SWEET N' HEALTHY NUTRITION,4,2,2,3,1
22309,SWEET PEA ACADEMY II,2,1,1,1,1
22310,"SWEET PEA ACADEMY, INC.",15,7,8,3,12
22311,SWEET PEPPER VENEZUELAN FOOD BAR,6,1,5,3,3
22312,SWEET PETUNIA CHILD DEVELOPMENT CENTER,3,0,3,2,1
22313,SWEET POTATO PATCH INC,3,1,2,2,1
22314,SWEET RICE,4,2,2,2,2
22315,SWEET RICE CHICAGO,4,3,1,1,3
22316,SWEET RIDE,2,1,1,0,2
22317,SWEET SENSATIONS PASTRY,8,2,6,2,6
22318,SWEET SEVEN BAKERY,3,1,2,2,1
22319,SWEET SHOT COOKIES LLC,4,1,3,3,1
22320,SWEET SIGNATURE INC,3,1,2,2,1
22321,SWEET SPOT MACARONS,3,2,1,1,2
22322,SWEET SPOT NUTRITION,2,0,2,1,1
22323,SWEET STATION,17,6,11,12,5
22324,SWEET STATON,19,6,13,9,10
22325,SWEET TAMARIND THAI CUISINE,3,1,2,2,1
22326,SWEET TART CANDY,3,1,2,2,1
22327,SWEET TART INC.,5,0,5,3,2
22328,SWEET TARTS CHICKEN INC.,3,1,2,2,1
22329,SWEET THANG,2,0,2,2,0
22330,SWEET TOOTH AND MORE,3,1,2,2,1
22331,SWEET TREATS CHICAGO,3,1,2,2,1
22332,SWEET VEE'S LABORATORY,2,0,2,1,1
22333,SWEET VEGAN BAKES,6,2,4,3,3
22334,SWEET VIRGINIA'S KITCHEN,9,1,8,5,4
22335,SWEET WORLD PASTRY INC.,9,4,5,2,7
22336,SWEETDREAMS CAKE SUPPLIES INC.,2,0,2,2,0
22337,SWEETGREEN,64,34,30,25,39
22338,SWEETGREEN CHICAGO LLC,9,4,5,2,7
22339,SWEETIE CAKES,2,2,0,1,1
22340,SWEETLAND BAKERY,3,1,2,3,0
22341,SWEETS ETCETERA INC,5,2,3,4,1
22342,SWEETWATER,25,8,17,12,13
22343,SWEETWATERS COFFEE & TEA NEWCITY,3,0,3,3,0
22344,"SWEQI FOOD MART, INC.",6,3,3,4,2
22345,SWIFT  ELEMENTARY SCHOOL,25,12,13,10,15
22346,SWIFT & SONS,19,7,12,9,10
22347,SWIFT AND SON'S TAVERN,7,3,4,6,1
22348,SWIFT TOBACCO SHOP 1,2,1,1,1,1
22349,SWIG,20,5,15,13,7
22350,SWILL BAR INN,8,2,6,8,0
22351,SWIM CAFE,4,1,3,2,2
22352,SWIRL WINE BAR,2,2,0,1,1
22353,SWIRLZ CUPCAKES,7,2,5,1,6
22354,SWISHER & SWEET,4,1,3,2,2
22355,SWISHER & SWEET II,3,1,2,2,1
22356,"SWISHER & SWEET III, INC.",6,3,3,4,2
22357,SWISS AIR,10,3,7,4,6
22358,SWISS AIR- LOUNGE,6,1,5,2,4
22359,SWISSOTEL - CONCOURSE LEVEL,19,11,8,5,14
22360,SWISSOTEL CHICAGO - HOTEL,18,9,9,5,13
22361,SWISSPORT USA,13,6,7,7,6
22362,SWOJSKIE JADLO,2,1,1,1,1
22363,SX SKY BAR AT HOTEL ESSEX CHICAGO,4,0,4,2,2
22364,SYDNEY MAROVITZ GOLF COURSE,28,12,16,20,8
22365,SYDNEY'S,5,0,5,5,0
22366,SYED' STORE,2,2,0,1,1
22367,SYMMETRY CENTER LLC,3,0,3,2,1
22368,SYMPHONY IVY LLC,7,1,6,4,3
22369,SYMPHONY MIDWAY,17,5,12,12,5
22370,SYMPHONY OF BEVERLY,10,2,8,4,6
22371,SYMPHONY OF BRONZEVILLE PARK,8,2,6,6,2
22372,SYMPHONY OF CALIFORNIA GARDENS,3,1,2,2,1
22373,SYMPHONY OF CHICAGO WEST,13,5,8,6,7
22374,SYMPHONY OF LINCOLN PARK,12,2,10,7,5
22375,SYMPHONY OF MORGAN PARK,24,7,17,12,12
22376,SYMPHONY OF SOUTH SHORE,10,3,7,4,6
22377,"SYNERGY FOODS PRODUCE, LLC",2,0,2,0,2
22378,SYRENA'S BALTIC LOUNGE,5,0,5,3,2
22379,"SYS HAPPY LAND CHILD DAYCARE CENTER, INC.",13,5,8,6,7
22380,"SZ FOOD MART, INC.",3,1,2,1,2
22381,SZALAS RESTAURANT,7,4,3,4,3
22382,SZECHUAN CORNER INC,2,1,1,1,1
22383,SZECHUAN CUISINE,18,8,10,10,8
22384,SZECHWAN JMC,4,1,3,3,1
22385,"SZYMANSKI BROS, INC",20,9,11,11,9
22386,Saad Mini Mart,3,1,2,2,1
22387,Sabi's Cake House,8,2,6,5,3
22388,Sabin Magnet,18,9,9,4,14
22389,Sabor Express,8,4,4,4,4
22390,Sabor Saveur,8,3,5,4,4
22391,"Safari Cup Coffee, Inc.",3,1,2,1,2
22392,Saigon Grill,11,3,8,4,7
22393,Sal's Deli,6,3,3,2,4
22394,Salazar Bilingual Ed. Ctr,18,10,8,6,12
22395,Salpicon,10,4,6,4,6
22396,Salud & Energia,2,1,1,1,1
22397,Saluki Bar,4,3,1,1,3
22398,San Luis Freeze Inc,10,1,9,7,3
22399,Sandy's Food Mart,7,3,4,3,4
22400,Sandy's Restaurant,8,4,4,3,5
22401,Sarah's Candies,2,0,2,0,2
22402,Sarpino's Pizza,12,2,10,7,5
22403,Sauganash Elementary School,21,12,9,5,16
22404,Saugatuck Coffee Company,7,2,5,4,3
22405,Savanna Restaurant,13,4,9,6,7
22406,Sayre Language Acad.,23,10,13,11,12
22407,Scammon Elementary School,24,10,14,10,14
22408,Schubert,15,5,10,3,12
22409,Schurz (H/S),22,13,9,9,13
22410,Seattle Suttons,2,1,1,1,1
22411,See Thru Chinese Kitchen,11,7,4,4,7
22412,Senn High School,28,9,19,16,12
22413,Senor Pan Cafe Inc.,15,3,12,7,8
22414,Seo Hae Kwan Restaurant,2,0,2,2,0
22415,Serenity Cafe Inc.,2,0,2,1,1
22416,Serrelli's Finer Foods,9,5,4,2,7
22417,Seven Seas Submarine,10,3,7,5,5
22418,Seward,21,10,11,7,14
22419,Shake A Leg,4,3,1,2,2
22420,Shaman By Chilam Balam,10,4,6,6,4
22421,Shark's Fish & Chicken,12,8,4,5,7
22422,Shawarma Garden,9,1,8,4,5
22423,Shedd Branch,7,5,2,2,5
22424,Sheridan/Leland Apartments,18,10,8,7,11
22425,Sherman,23,12,11,8,15
22426,Sherwood,27,9,18,11,16
22427,ShiAwase,8,5,3,4,4
22428,Shields ANNEX,18,8,10,3,15
22429,Shields Branch,6,2,4,2,4
22430,Shoesmith,23,12,11,8,15
22431,Shoop,19,11,8,9,10
22432,Siboney,3,0,3,2,1
22433,Sim Sim Food Mart,6,4,2,2,4
22434,Similan Thai - Sushi Restaurant,7,0,7,4,3
22435,Simple Delights,15,10,5,8,7
22436,Simple Sandwich LLC.,2,1,1,1,1
22437,Sissy's Sandwich,6,0,6,3,3
22438,Skadden Arps,12,6,6,3,9
22439,Skinner Branch (Sousa),20,8,12,10,10
22440,Skinner West,23,11,12,10,13
22441,Sky Liquors,2,1,1,1,1
22442,Sleek and Healthy Nutrition Inc.,5,0,5,4,1
22443,Smart From The Start,18,6,12,8,10
22444,"Smith, Wendell",22,6,16,9,13
22445,Smoke Daddy,13,3,10,4,9
22446,Smokey Bears Barbeque House,8,3,5,5,3
22447,Smokin M's.,8,3,5,4,4
22448,Smyth,27,14,13,13,14
22449,Snappy Convenience Center #7,20,8,12,9,11
22450,Snappy Dog,19,9,10,8,11
22451,Snuggery Pub,7,3,4,3,4
22452,Sodexo,2,0,2,1,1
22453,Sol De Mexico Tierra Azteca,22,8,14,9,13
22454,Sol Ga Restaurant,8,1,7,7,1
22455,Solstice Cafe',2,0,2,2,0
22456,Somethin' Sweet,8,5,3,3,5
22457,Songhai Learning Insttute,5,1,4,3,2
22458,Soul & Smoke,2,0,2,1,1
22459,South Central Community Services,18,8,10,6,12
22460,South Chicago Food Market,2,1,1,1,1
22461,South Loop Elementary,18,11,7,2,16
22462,South Shore Acad.So.(BOARD OF EDUCATION),7,4,3,2,5
22463,South Shore High No.,2,0,2,1,1
22464,South Shore Pantry,8,1,7,6,2
22465,Southside Occupational Academy.,23,13,10,6,17
22466,Sparta Coffee Shop,2,0,2,1,1
22467,Spaulding/Hope Academy,21,9,12,8,13
22468,Splice Kitchen,3,2,1,2,1
22469,Sprout,6,3,3,3,3
22470,Squeez Juice Bar,3,0,3,3,0
22471,St Malachy School,19,11,8,8,11
22472,St. Aloysius Children Services,2,0,2,1,1
22473,St. Ann School,19,9,10,5,14
22474,St. Bartholomew,16,7,9,5,11
22475,St. Benedict Preparatory School,2,0,2,1,1
22476,St. Clement School,13,3,10,7,6
22477,St. Elizabeth Elem. School,4,1,3,3,1
22478,St. Ladislaus,7,4,3,2,5
22479,St. MARY STAR OF THE SEA SCHOOL,19,10,9,5,14
22480,St. Mary of the Wood School,15,7,8,4,11
22481,St. Viator,13,7,6,2,11
22482,St. Vincent De Paul Church,5,3,2,0,5
22483,Stacja Inc.,3,1,2,1,2
22484,Stage 773,3,1,2,1,2
22485,Stagg,21,8,13,6,15
22486,"Stamper Cheese Company, Inc.",2,1,1,1,1
22487,Standard Bar & Grill,17,4,13,9,8
22488,Standard India Restaurant,6,0,6,5,1
22489,Standard Restaurant,3,0,3,1,2
22490,Stans Donuts,14,5,9,8,6
22491,Starbuck's Coffee #2568,16,9,7,6,10
22492,Starbuck's Coffee#47361,7,4,3,5,2
22493,Starbucks,13,9,4,6,7
22494,Starbucks Coffee # 58413,5,2,3,4,1
22495,Starbucks Coffee #15683,3,2,1,0,3
22496,Starbucks Coffee #16309,2,0,2,0,2
22497,Starbucks Coffee #17743,3,1,2,1,2
22498,Starbucks Coffee #2310,4,1,3,0,4
22499,Starbucks Coffee #233,5,3,2,2,3
22500,Starbucks Coffee #2428,13,4,9,2,11
22501,Starbucks Coffee #2445,14,8,6,1,13
22502,Starbucks Coffee #8954,4,0,4,1,3
22503,Starbucks Coffee#2229,5,0,5,4,1
22504,Starbucks Coffee#48855,11,3,8,8,3
22505,Starbucks Coffee#51211,4,1,3,1,3
22506,Starbucks Coffee#51641,4,1,3,3,1
22507,Starbucks Coffee#63774,3,0,3,2,1
22508,Starbucks Coffee#64839,2,1,1,1,1
22509,Starbucks Coffee#70636,2,1,1,1,1
22510,Starbucks Coffee#71124,3,1,2,2,1
22511,State Street Pizza Company,4,1,3,2,2
22512,Steers Restaurant,5,2,3,2,3
22513,Steinmetz (H/S),18,6,12,4,14
22514,Steppenwolf Theatre Company,2,0,2,0,2
22515,Stepping Stones Early Childhood Learning Center,19,5,14,5,14
22516,Stevenson Middle School (Branch),16,8,8,4,12
22517,Stewart Elementary School,6,3,3,2,4
22518,Stockton,3,1,2,1,2
22519,Stowe,23,13,10,9,14
22520,Su Taqueria El Gallo Brauo #8,2,1,1,1,1
22521,SuChi,4,1,3,2,2
22522,Subway,212,87,125,86,126
22523,Subway Restaurant,42,15,27,25,17
22524,Subway Restaurant #35406,20,8,12,8,12
22525,Subway Sandwich And Salads,7,4,3,1,6
22526,Subway Sandwiches,49,14,35,26,23
22527,Subway Sandwiches & Salads,39,19,20,18,21
22528,Suder Montessori Elementary,22,4,18,7,15
22529,Sullivan  (H/S),23,11,12,10,13
22530,Sullivan House High School,19,10,9,4,15
22531,Sunset Caffe,8,2,6,2,6
22532,"Sunshine One Food, Inc",3,1,2,2,1
22533,Super Saving Food,3,2,1,2,1
22534,"Supermercado  Castillos, Inc",12,3,9,6,6
22535,Supermercado El Mexicano,3,0,3,3,0
22536,Supermercado Santos,19,10,9,7,12
22537,"Sushi Avenue, inc",16,5,11,7,9
22538,Sushi Place,6,2,4,5,1
22539,Sutherland,24,8,16,8,16
22540,Sweet Apple Chinesefood Inc.,14,6,8,8,6
22541,Sweet Dreams Cakes LLC,2,1,1,1,1
22542,Sweet Moon,2,0,2,2,0
22543,Sweet Rabbit Bakery,4,0,4,2,2
22544,Sweetwaters Coffee & Tea NEWCITY,2,0,2,1,1
22545,T & A FOOD,3,1,2,2,1
22546,T & B GRILL,9,0,9,5,4
22547,T & E,3,2,1,1,2
22548,T & H FOOD MART,2,1,1,1,1
22549,T & K AFRICAN KITCHEN,8,1,7,6,2
22550,T & K AFRICAN KITCHEN AND GROCERY STORE,8,3,5,6,2
22551,"T & M MARKET, INC.",3,3,0,2,1
22552,T & T MEXICAN RESTAURANT,20,7,13,11,9
22553,"T & W ENTERPRISES, INC",4,0,4,3,1
22554,T & Z MEAT,2,0,2,2,0
22555,"T AND H FOOD MART, INC.",2,1,1,2,0
22556,T J DOLLAR BAZAAR,2,0,2,2,0
22557,T J SUB AND GYROS,4,2,2,2,2
22558,T JAY'S SNACK SHOP,2,1,1,1,1
22559,T JOELS FAMILY RESTAURANT,19,3,16,11,8
22560,T R'S PUB,6,4,2,1,5
22561,T SQUARE CAFE,2,0,2,2,0
22562,T TASTY HOUSE,5,2,3,3,2
22563,T&G Restaurant,3,1,2,1,2
22564,T&J FOOD SERVICES,2,1,1,1,1
22565,T&T FOODSERVICE,3,1,2,2,1
22566,T&T'S RED HOTS,2,2,0,1,1
22567,T'OUI MACARON AND PATISSERIE,7,4,3,4,3
22568,T'S PAISANS PIZZA & GRILL II,13,7,6,6,7
22569,T's,3,2,1,1,2
22570,T-OPERA CAFE,4,0,4,3,1
22571,T-SPOT SUSHI AND TEA BAR,2,0,2,1,1
22572,T-TIME NUTRITION,2,0,2,2,0
22573,"T. CASTRO PRODUCE,INC.",2,0,2,1,1
22574,T. N. T. BBQ  GRILL,5,3,2,4,1
22575,T.B.S. AFRICAN RESTAURANTS,8,2,6,5,3
22576,T.B.S. African Restaurants,2,0,2,1,1
22577,TA CAMARON MEXICAN GRILL INC.,7,2,5,4,3
22578,TA TOCO,2,0,2,1,1
22579,TA' GOLAZO,7,2,5,4,3
22580,TAAZADIRECT LLC,2,2,0,1,1
22581,TABAQ RESTAURANT,25,6,19,18,7
22582,TABERNACLE CHRISTIAN ACADEMY,10,7,3,6,4
22583,TABERNACLE/WILLA RAWLS MANOR,4,3,1,1,3
22584,TABLE,3,1,2,2,1
22585,TABLE FIFTY-TWO,21,7,14,11,10
22586,"TABLE, DONKEY & STICK",9,3,6,6,3
22587,TABO SUSHI,13,4,9,5,8
22588,TABO SUSHI BY TAKASHI,13,7,6,5,8
22589,TABU TACOS,3,0,3,0,3
22590,TAC QUICK,22,8,14,11,11
22591,TAC'S COCKTAIL LOUNGE,5,2,3,4,1
22592,TACARIA SEVEN BROTHERS,15,9,6,3,12
22593,TACO  BELL #30409,18,8,10,10,8
22594,TACO  ZONE,2,1,1,1,1
22595,TACO & BURRITO EXPRESS BROTHERS INC.,23,10,13,8,15
22596,TACO & BURRITO HOUSE,57,24,33,31,26
22597,TACO & BURRITO HOUSE UNO,15,6,9,8,7
22598,TACO & BURRITO PALACE,13,6,7,3,10
22599,TACO & BURRITOS LOS 3 PANCHO'S,7,0,7,2,5
22600,TACO & BURRITOS PALACE,13,4,9,4,9
22601,TACO & SUBMARINE,3,1,2,1,2
22602,TACO AND BURRITO EXPRESS #3,21,8,13,6,15
22603,"TACO BAR, INC.",5,1,4,2,3
22604,TACO BELL,260,101,159,103,157
22605,TACO BELL # 32179,6,1,5,2,4
22606,TACO BELL #15855,15,6,9,6,9
22607,TACO BELL #15875,9,3,6,4,5
22608,TACO BELL #2513,13,5,8,6,7
22609,TACO BELL #27900,17,5,12,15,2
22610,TACO BELL #30404,19,3,16,10,9
22611,TACO BELL #30407,20,7,13,7,13
22612,TACO BELL #30408,16,8,8,10,6
22613,TACO BELL #35850,2,0,2,2,0
22614,TACO BELL #5751,8,3,5,2,6
22615,TACO BELL 31279,10,4,6,6,4
22616,TACO BELL 32575,3,1,2,2,1
22617,TACO BELL 34164,2,0,2,2,0
22618,TACO BELL 34921,5,3,2,4,1
22619,TACO BELL CANTINA,59,24,35,18,41
22620,TACO BELL_#4171,9,7,2,3,6
22621,TACO BOOM,4,0,4,1,3
22622,TACO BROS,6,1,5,2,4
22623,TACO BURRITO HOUSE BROADWAY CORP,3,3,0,2,1
22624,TACO BURRITO KING,148,63,85,59,89
22625,TACO BURRITO KING 4. INC,3,1,2,2,1
22626,"TACO BURRITO KING I, INC.",31,16,15,13,18
22627,TACO BURRITO KING INC.,15,3,12,5,10
22628,TACO BURRITO ON WABASH,3,1,2,1,2
22629,TACO CHINO,7,1,6,4,3
22630,TACO CHINO 1,4,2,2,2,2
22631,TACO DEL MAR,4,2,2,2,2
22632,TACO EL JALICIENCE #2,3,0,3,2,1
22633,TACO EL JALICIENSE,16,7,9,9,7
22634,TACO FIESTA GRILL,5,0,5,1,4
22635,TACO FIRME,3,1,2,2,1
22636,TACO FRESCO,51,25,26,18,33
22637,TACO HOUSE,28,6,22,15,13
22638,"TACO IN A BAG STORE 1, LLC",11,6,5,5,6
22639,TACO JOE INC,7,6,1,1,6
22640,TACO JOHN'S OHARE,2,0,2,2,0
22641,TACO JOINT,38,19,19,19,19
22642,TACO LULU,7,3,4,2,5
22643,TACO MADRE,3,0,3,3,0
22644,TACO MARIO'S,5,2,3,2,3
22645,TACO MARIO'S LIMITED,6,3,3,3,3
22646,TACO MAX,15,5,10,10,5
22647,TACO MAX MEXICAN GRILL,6,3,3,3,3
22648,TACO MAYA,34,14,20,22,12
22649,TACO MEX INC,5,1,4,4,1
22650,TACO MORO,7,0,7,2,5
22651,TACO MOTORA,3,1,2,2,1
22652,TACO NIETOS,24,7,17,9,15
22653,TACO PALATE,3,1,2,2,1
22654,TACO PLACE & STEAKHOUSE,6,1,5,5,1
22655,TACO PROS,14,5,9,9,5
22656,TACO SPOT,6,2,4,5,1
22657,TACO SUR BIRRERIA,4,1,3,3,1
22658,TACO TACO ON PULASKI,2,0,2,1,1
22659,TACO'S  ERENDIRA,11,7,4,1,10
22660,TACOBOY INC,4,0,4,2,2
22661,"TACOCHINO, INC.",4,1,3,2,2
22662,TACOMBI,8,3,5,5,3
22663,TACONAZO EL ORIGINAL #1,20,8,12,13,7
22664,TACONTENTO,15,5,10,8,7
22665,TACOS & SALSAS LLC,13,3,10,11,2
22666,TACOS 606,3,1,2,2,1
22667,TACOS BUSCADOS,3,0,3,3,0
22668,"TACOS CASTILLO 1, INC.",7,2,5,3,4
22669,TACOS CINCUENTA ARROBAS,3,2,1,2,1
22670,"TACOS CRI-CRI, INC.",3,0,3,2,1
22671,TACOS D'GO,2,0,2,1,1
22672,TACOS DE CANASTA EL CONDE,4,1,3,2,2
22673,TACOS DE CANASTA Y ANTOJITOS ORALE INC,4,0,4,3,1
22674,TACOS DE LUNA,5,3,2,1,4
22675,TACOS DEL RIO INC.,5,0,5,4,1
22676,TACOS DON CUCO,18,8,10,7,11
22677,TACOS DON GABINO,4,0,4,3,1
22678,TACOS DON MEMO,3,1,2,2,1
22679,TACOS EL FILE,3,0,3,2,1
22680,TACOS EL JEFE INC,2,0,2,1,1
22681,TACOS EL MERCADITO LLC,5,2,3,3,2
22682,TACOS EL PARAISO,11,6,5,7,4
22683,TACOS EL PASTOR 53,4,1,3,1,3
22684,TACOS EL REY,9,7,2,4,5
22685,TACOS EL TIO,14,2,12,8,6
22686,TACOS EL TIO 2 INC.,13,3,10,11,2
22687,TACOS GARCIA,19,8,11,9,10
22688,TACOS LAS PENAS,2,0,2,1,1
22689,TACOS LOS GUEROS,2,1,1,1,1
22690,TACOS LOTERIA,6,1,5,4,2
22691,TACOS MARIO'S LIMITED,24,11,13,10,14
22692,TACOS MONTANAS,10,4,6,8,2
22693,TACOS NIETOS,14,3,11,6,8
22694,TACOS TEQUILAS,17,7,10,7,10
22695,TACOS VELAZQUEZ,5,2,3,2,3
22696,TACOS Y TAMALES EL POLLO INC.,9,3,6,6,3
22697,TACOS Y TAMALES EL POLLO.,11,3,8,7,4
22698,TACOS Y TORTAS EL PICHIZ CORP.,2,0,2,1,1
22699,TACOS ZACATECAS,2,1,1,0,2
22700,TACOSUR TAQUERIA,2,1,1,1,1
22701,TACOTLAN,13,9,4,7,6
22702,TAFT FRESHMAN ACADEMY,5,4,1,0,5
22703,TAGA MARATHON,6,1,5,3,3
22704,TAHA FOOD,4,0,4,3,1
22705,TAHOORA SWEETS & BAKERY,28,15,13,13,15
22706,TAI CHI,5,1,4,4,1
22707,TAI CHO CAFE,4,1,3,3,1
22708,TAI HO YEE FOOD CO,14,5,9,7,7
22709,TAI NAM CORPORATION,14,7,7,7,7
22710,TAI NANG,3,0,3,3,0
22711,TAI TSANG CHINESE RESTAURANT,11,2,9,7,4
22712,TAI WAH GROCERY,17,6,11,13,4
22713,TAILGATERS GRUB,2,2,0,1,1
22714,TAILGATORS,3,2,1,1,2
22715,TAINAYRI'S BODEGA,3,0,3,2,1
22716,TAIPEI CAFE,16,5,11,10,6
22717,TAIRYAKI CHICAGO,2,2,0,1,1
22718,"TAISHA BEAUTY WORLD, LLC",5,0,5,4,1
22719,TAIWAN & THAI,5,2,3,3,2
22720,TAJ MAHAL,27,6,21,17,10
22721,TAJ MAHAL RESTAURANT,4,1,3,3,1
22722,TAK KOREAN BISTRO & KARAOKE,4,3,1,1,3
22723,TAKASHI  RESTAURANT,8,3,5,4,4
22724,TAKE ME OUT,12,3,9,7,5
22725,TAKE THE CAKE,8,6,2,2,6
22726,"TAKE THE CAKE, INC.",4,1,3,3,1
22727,TAKETEI,13,3,10,8,5
22728,TAKIBI,2,1,1,0,2
22729,TAKIE OUTIT,23,12,11,10,13
22730,"TAKITO GRILL, INC.",6,3,3,2,4
22731,TAKITO STREET,11,3,8,6,5
22732,TAKOREA COCINA,5,0,5,5,0
22733,TAKOS KOREANOS,7,2,5,5,2
22734,TAKOZ,18,7,11,7,11
22735,TALARD THAI MARKET,8,1,7,5,3
22736,TALAY,17,10,7,6,11
22737,TALK UNIQUE INC.,2,0,2,2,0
22738,TAMA RESTAURANT,2,1,1,2,0
22739,TAMALEFOODIE LLC,2,2,0,0,2
22740,TAMALERIA LUPITA,6,2,4,3,3
22741,TAMALERIA ROMAN,11,2,9,9,2
22742,TAMALERIA TORTILLERIA LA VILITA,3,1,2,2,1
22743,TAMALERIA VICKY INC.,6,0,6,3,3
22744,TAMALES EMMA LA CHAPARRITA,19,5,14,6,13
22745,TAMALES EXPRESS,4,4,0,2,2
22746,TAMALES GARIBAY,11,4,7,5,6
22747,TAMALES LO MEJOR DE GUERRERO,22,8,14,11,11
22748,TAMALES REBE INC,6,3,3,1,5
22749,TAMALES ROSA,8,4,4,1,7
22750,TAMALES SOFIAS LLC,2,0,2,1,1
22751,TAMALES Y RESTAURANT COSTA GRANDE,3,1,2,3,0
22752,TAMALES Y TACOS DON CONCHA,2,1,1,1,1
22753,TAMALESY RESTAURANT COSTA GRANDE,30,10,20,10,20
22754,TAMALITO,4,0,4,4,0
22755,TAMALLI SPACE CHARROS LLC,16,7,9,8,8
22756,TAMARIND,14,7,7,4,10
22757,TAMARINDO LOCO,12,6,6,5,7
22758,TAMASHII RAMEN,9,2,7,5,4
22759,TAMAZULA GROCERY INC.,17,7,10,8,9
22760,TAMMY'S SWICHES & SALADS,2,0,2,2,0
22761,TAMPICO CLUB INC,2,2,0,1,1
22762,TAMPOPO JAPANESE RESTAURANT,4,1,3,2,2
22763,TAN LU,8,1,7,8,0
22764,TANAKA RAMEN,13,4,9,6,7
22765,TANDOOR,19,10,9,10,9
22766,TANDOOR CHAR HOUSE RIVER NORTH LLC,2,0,2,2,0
22767,TANDOOR CHAR HOUSE WEST TOWN LLC,3,0,3,1,2
22768,TANELL'S CHICAGO STYLE PIZZA,2,1,1,2,0
22769,"TANG'S RESTAURANT, INC",11,3,8,5,6
22770,TANGCUPS,2,1,1,1,1
22771,TANGO SUR,17,8,9,5,12
22772,TANIA'S CATERING INC.,2,0,2,2,0
22773,TANINOS PIZZA,3,0,3,2,1
22774,TANK NOODLE,10,2,8,5,5
22775,TANK NOODLE PHO XE TANG,19,6,13,10,9
22776,TANK SUSHI,5,3,2,2,3
22777,"TANKARD, TAP & GRILL",5,2,3,2,3
22778,TANO'S PIZZA,13,6,7,5,8
22779,TANO'S PIZZERIA,6,3,3,2,4
22780,TANOOR KABOB INC.,8,2,6,3,5
22781,TANOOR KOBOB INC.,8,5,3,3,5
22782,TANOR KOBOB INC.,9,5,4,5,4
22783,TANOSHI SUSHI MIKES,26,6,20,17,9
22784,TANOSHII,5,2,3,3,2
22785,TANOSHII LLC,2,0,2,2,0
22786,TANOSHII SUSHI MIKE'S,15,7,8,7,8
22787,TANPOPO,4,1,3,2,2
22788,TANT LLC,16,7,9,11,5
22789,TANTA,23,3,20,13,10
22790,TANTOON,5,0,5,4,1
22791,TANTRIK CHICAGO,8,1,7,7,1
22792,TANUKI,17,5,12,9,8
22793,"TANZITARO, INC.",4,1,3,2,2
22794,TAO CHICAGO,10,3,7,8,2
22795,TAO THONG,2,0,2,1,1
22796,TAOUERIA EL RANCHITO #TWO INC,15,7,8,8,7
22797,TAP & POUR,7,2,5,7,0
22798,TAPAS LAS RAMBLAS,4,1,3,3,1
22799,TAPAS VALENCIA,23,7,16,11,12
22800,TAPIA'S PIZZA & GRILL,9,1,8,3,6
22801,TAPICOZZA,4,0,4,2,2
22802,TAPSTER,7,4,3,4,3
22803,TAPWORKS,10,3,7,7,3
22804,TAQUERIA,39,19,20,16,23
22805,TAQUERIA  CD  HIDALGO,24,7,17,7,17
22806,TAQUERIA  EL TACONCITO,4,2,2,2,2
22807,TAQUERIA  LA ZACATECANA,20,9,11,9,11
22808,"TAQUERIA  MAZAMITLA, INC.",19,3,16,8,11
22809,TAQUERIA  OMETEPEC GUERRERO INC.,5,2,3,3,2
22810,TAQUERIA  UPTOWN,11,4,7,5,6
22811,TAQUERIA & PUPUSERIA,3,1,2,1,2
22812,TAQUERIA & RESTAURANTE MAZAMITLA,4,1,3,1,3
22813,TAQUERIA & TAMALES EL BUEN GUSTO,5,2,3,4,1
22814,"TAQUERIA 4 HERMANOS CORP.,",8,3,5,3,5
22815,TAQUERIA 5 DE MAYO,11,7,4,3,8
22816,TAQUERIA AMIGO CHINO,32,12,20,17,15
22817,TAQUERIA AMIGO CHINO 2,33,10,23,19,14
22818,"TAQUERIA ANA ISA'S, INC.",3,1,2,3,0
22819,TAQUERIA ATOTONILCO,19,10,9,7,12
22820,TAQUERIA ATOTONILCO #1,27,12,15,14,13
22821,TAQUERIA ATOTONILCO #2,25,14,11,10,15
22822,TAQUERIA BLUE LINE INC.,6,3,3,3,3
22823,TAQUERIA BRITO'S,9,4,5,4,5
22824,TAQUERIA CASA GARCIA,3,0,3,3,0
22825,TAQUERIA CHILE BRAVO,5,3,2,4,1
22826,TAQUERIA CHIMINO,3,1,2,2,1
22827,TAQUERIA CHINGON LLC,5,3,2,0,5
22828,TAQUERIA CIELITO LINDO,4,1,3,3,1
22829,TAQUERIA COACOYULA CORPORATION,4,2,2,2,2
22830,"TAQUERIA CORAL, INC.",13,3,10,9,4
22831,TAQUERIA DECOLORES,2,1,1,1,1
22832,TAQUERIA DIVERSEY,19,9,10,6,13
22833,TAQUERIA DON CHILO,14,5,9,6,8
22834,TAQUERIA DON PANCHO'S,11,7,4,5,6
22835,TAQUERIA DON ROBE CO,3,1,2,1,2
22836,TAQUERIA DONA BALBIS,4,1,3,4,0
22837,TAQUERIA EL 5 DE MAYO,2,0,2,1,1
22838,"TAQUERIA EL AGUILA REAL 2, INC.",2,0,2,2,0
22839,"TAQUERIA EL AGUILA REAL, INC",19,8,11,10,9
22840,TAQUERIA EL AMIGO INC.,3,0,3,2,1
22841,TAQUERIA EL AQUILA INC,3,3,0,2,1
22842,TAQUERIA EL ARCO,30,12,18,16,14
22843,TAQUERIA EL ARCO #2,16,7,9,8,8
22844,"TAQUERIA EL ARCO #3 EL POLLO FELIZ, INC.",29,9,20,17,12
22845,TAQUERIA EL ASADERO #1,21,14,7,6,15
22846,TAQUERIA EL BAJIO,4,1,3,3,1
22847,TAQUERIA EL BICENTENARIO,3,1,2,2,1
22848,TAQUERIA EL BOSQUE,4,1,3,3,1
22849,TAQUERIA EL BURRITO MEXICAN GRILL,4,2,2,2,2
22850,TAQUERIA EL CHARO DE SAN FRANCISCO,22,11,11,8,14
22851,TAQUERIA EL CHARRO,24,12,12,9,15
22852,TAQUERIA EL CHORRITO,29,14,15,14,15
22853,"TAQUERIA EL CILANTRO, INC",7,1,6,5,2
22854,TAQUERIA EL COSTENO INC.,3,2,1,1,2
22855,TAQUERIA EL DORADO,33,13,20,21,12
22856,TAQUERIA EL DORADO # 3,4,0,4,3,1
22857,TAQUERIA EL DURANGO,3,1,2,2,1
22858,TAQUERIA EL HEREDERO II LLC,9,4,5,8,1
22859,TAQUERIA EL HEREDERO INC.,16,4,12,10,6
22860,TAQUERIA EL HERRADERO,16,11,5,4,12
22861,TAQUERIA EL JALAPENO,4,2,2,2,2
22862,TAQUERIA EL JARDIN,5,3,2,1,4
22863,TAQUERIA EL JEFE LOCO CO.,6,3,3,2,4
22864,TAQUERIA EL KACHETON,15,7,8,7,8
22865,TAQUERIA EL MALECON,6,1,5,3,3
22866,TAQUERIA EL MEXICANO,2,0,2,2,0
22867,TAQUERIA EL MILAGRO,3,0,3,3,0
22868,TAQUERIA EL MOLINO CORPORATION,21,7,14,14,7
22869,TAQUERIA EL NORTE,4,1,3,3,1
22870,TAQUERIA EL PALMAR,23,11,12,11,12
22871,TAQUERIA EL PASTOR,21,13,8,7,14
22872,TAQUERIA EL PIKANTE,6,2,4,2,4
22873,TAQUERIA EL PILON,5,2,3,2,3
22874,"TAQUERIA EL POTOSI,INC.",18,8,10,6,12
22875,TAQUERIA EL PRIMAZO,3,0,3,2,1
22876,TAQUERIA EL PRIMO,3,1,2,2,1
22877,TAQUERIA EL PRIMO #2,16,5,11,7,9
22878,TAQUERIA EL PUEBLO,2,0,2,2,0
22879,TAQUERIA EL RANCHITO,65,21,44,35,30
22880,TAQUERIA EL REY DEL TACO FASHION 1676 INC,14,5,9,12,2
22881,TAQUERIA EL SAUZ,9,4,5,5,4
22882,TAQUERIA EL SENOR SOMBRERO,2,1,1,2,0
22883,TAQUERIA EL TACO TO GO,4,1,3,1,3
22884,TAQUERIA EL TACOTOTE INC.,3,2,1,1,2
22885,TAQUERIA EL TAPATIO,18,5,13,6,12
22886,TAQUERIA EL TAQUIN,13,8,5,8,5
22887,TAQUERIA EL TENAMPA,14,3,11,11,3
22888,TAQUERIA ELGALLO # 1,3,0,3,2,1
22889,TAQUERIA EXPRESS,5,3,2,2,3
22890,TAQUERIA GOMEZ,24,10,14,9,15
22891,TAQUERIA GOMEZ #2,3,0,3,2,1
22892,TAQUERIA GONZALEZ,2,1,1,1,1
22893,TAQUERIA GUERRERO,6,2,4,3,3
22894,TAQUERIA HACIENDA TAPATIA,6,3,3,4,2
22895,TAQUERIA HUANDACREO,17,2,15,5,12
22896,TAQUERIA HUENTITAN,20,11,9,3,17
22897,TAQUERIA IGUALA,15,9,6,7,8
22898,TAQUERIA IZTATL,2,0,2,1,1
22899,TAQUERIA JAMAY,30,14,16,14,16
22900,TAQUERIA KAIROS,19,7,12,7,12
22901,TAQUERIA LA BODEGUITA INC,3,0,3,3,0
22902,TAQUERIA LA CANTERA,11,4,7,6,5
22903,TAQUERIA LA CAPITAL,3,1,2,2,1
22904,TAQUERIA LA CHIQUITA,25,11,14,12,13
22905,TAQUERIA LA CIUDAD,22,11,11,13,9
22906,TAQUERIA LA CIUDAD INC,9,7,2,6,3
22907,TAQUERIA LA ESMERALDA,7,5,2,4,3
22908,TAQUERIA LA ESQUINITA,18,6,12,10,8
22909,TAQUERIA LA ESTRELLA,10,3,7,5,5
22910,TAQUERIA LA FAMILIA,2,0,2,2,0
22911,TAQUERIA LA FIESTA,28,12,16,14,14
22912,TAQUERIA LA FOGATA,10,4,6,4,6
22913,"TAQUERIA LA HACIENDA, INC.",18,12,6,3,15
22914,"TAQUERIA LA HACIENDITA, INC.",17,6,11,8,9
22915,TAQUERIA LA LAGARTIJA,21,9,12,8,13
22916,TAQUERIA LA LEYENDA DE MEXICO,4,0,4,3,1
22917,TAQUERIA LA LEYENDA DE MEXICO INC,4,3,1,1,3
22918,TAQUERIA LA MAGO,2,0,2,2,0
22919,TAQUERIA LA MEXICANA,23,8,15,9,14
22920,TAQUERIA LA MORENA,6,1,5,5,1
22921,TAQUERIA LA OAXAQUENA,29,10,19,17,12
22922,TAQUERIA LA PAZ,24,15,9,12,12
22923,TAQUERIA LA PLACITA,8,4,4,6,2
22924,TAQUERIA LA PLAYITA,5,2,3,3,2
22925,TAQUERIA LA PLEBE,3,0,3,2,1
22926,TAQUERIA LA SIUDAD,7,3,4,3,4
22927,TAQUERIA LAS BRASAS CORP.,3,1,2,2,1
22928,TAQUERIA LAS FLORES,6,2,4,3,3
22929,TAQUERIA LOS ALTOS DE JALISCO,8,2,6,7,1
22930,TAQUERIA LOS AMIGOS,9,3,6,3,6
22931,TAQUERIA LOS AZARES,16,3,13,10,6
22932,TAQUERIA LOS BARRILITOS,23,6,17,18,5
22933,TAQUERIA LOS COMALES # 12,16,7,9,7,9
22934,TAQUERIA LOS COMALES #1 INC,24,11,13,12,12
22935,TAQUERIA LOS COMALES #11,31,12,19,16,15
22936,TAQUERIA LOS COMPADRES,7,1,6,5,2
22937,TAQUERIA LOS CUNADOS,4,2,2,3,1
22938,TAQUERIA LOS DOS MICHOACANOS,11,4,7,5,6
22939,TAQUERIA LOS FLACOS,14,9,5,5,9
22940,TAQUERIA LOS GALLOS 2 INC,19,11,8,7,12
22941,TAQUERIA LOS GALLOS 3 INC.,15,6,9,4,11
22942,TAQUERIA LOS GALLOS INC,19,11,8,6,13
22943,TAQUERIA LOS PORTALES,18,4,14,5,13
22944,"TAQUERIA LOS PORTALES, INC.",10,2,8,4,6
22945,TAQUERIA MANO A MANO,3,1,2,2,1
22946,TAQUERIA MARAVATIO,3,2,1,1,2
22947,TAQUERIA MARAVATIO INC.,12,4,8,9,3
22948,"TAQUERIA MARAVATIO, INC",9,4,5,3,6
22949,TAQUERIA MARCO'S PIZZA,3,0,3,3,0
22950,TAQUERIA MARIA'S,7,0,7,5,2
22951,TAQUERIA MARTINEZ,5,2,3,3,2
22952,"TAQUERIA MAZAMITLA, INC.",7,6,1,2,5
22953,TAQUERIA MI BARRIO ES TEPITO,9,0,9,5,4
22954,TAQUERIA MI GUADALUPE,10,3,7,6,4
22955,TAQUERIA MI LINDA HACIENDA INC.,21,3,18,13,8
22956,"TAQUERIA MI LINDO DURANGO, INC",18,6,12,8,10
22957,"TAQUERIA MI LINDO MARAVATIO, INC.",2,2,0,0,2
22958,TAQUERIA MI PUEBLO,12,5,7,10,2
22959,TAQUERIA MICHOACAN,7,3,4,3,4
22960,"TAQUERIA MISANTLA VER, INC.",5,2,3,4,1
22961,TAQUERIA MORAN,26,7,19,13,13
22962,TAQUERIA MORELIA,22,8,14,12,10
22963,TAQUERIA MORELOS,14,7,7,6,8
22964,TAQUERIA NUEVO JALISCO,14,7,7,6,8
22965,TAQUERIA NUEVO PONCITLAN INC.,2,2,0,1,1
22966,TAQUERIA OCHOA,2,1,1,1,1
22967,TAQUERIA OCHOA'S #2,4,2,2,3,1
22968,TAQUERIA PALACIO,14,6,8,8,6
22969,TAQUERIA PAPA LUCHON,3,0,3,3,0
22970,TAQUERIA PASADITA EXPRESS,5,3,2,2,3
22971,TAQUERIA PEREJIL,5,3,2,2,3
22972,TAQUERIA PICAZO,4,2,2,3,1
22973,TAQUERIA PONCILTAN #1,3,1,2,2,1
22974,TAQUERIA PONCITLAN #5,5,1,4,1,4
22975,TAQUERIA PRIMO CHUKIS UPTOWN,18,7,11,11,7
22976,"TAQUERIA PUEBLO NUEVO, INC.",2,1,1,1,1
22977,"TAQUERIA RESTAURANT SIRLONCITO,INC.",3,0,3,2,1
22978,TAQUERIA RESTAURANTE COSTA  ALEGRE LLC,2,1,1,2,0
22979,TAQUERIA SABOR CASERO,2,1,1,1,1
22980,TAQUERIA SABOR Y SAZON,8,2,6,3,5
22981,TAQUERIA SACRAMENTO,4,1,3,2,2
22982,TAQUERIA SAN JOSE #1,23,8,15,11,12
22983,TAQUERIA SAN JUANITO,25,11,14,10,15
22984,TAQUERIA SAN MATIAS,9,2,7,4,5
22985,TAQUERIA SANTA RITA,11,6,5,3,8
22986,TAQUERIA SAUL,3,1,2,1,2
22987,TAQUERIA SIGLO XX,16,8,8,7,9
22988,TAQUERIA SUPER BURRITO,18,6,12,8,10
22989,TAQUERIA SUPER BURRITO INC,8,5,3,5,3
22990,TAQUERIA TACO BUENO INC.,17,9,8,3,14
22991,TAQUERIA TAPATIO,2,0,2,2,0
22992,TAQUERIA TAYAHUA,19,7,12,9,10
22993,TAQUERIA TEJUPILCO LLC,3,1,2,2,1
22994,TAQUERIA UPTOWN,53,18,35,30,23
22995,"TAQUERIA VALLARTA #1, INC",6,5,1,1,5
22996,TAQUERIA VALPARAISO,15,6,9,3,12
22997,TAQUERIA VARGAS,7,3,4,5,2
22998,TAQUERIA VARITAS,10,3,7,6,4
22999,TAQUERIA VILLA,15,8,7,4,11
23000,TAQUERIA Y BIRRIERIA EL CABRITO,12,7,5,3,9
23001,"TAQUERIA Y BIRRIERIA MORELIA, INC.",13,5,8,3,10
23002,TAQUERIA Y CARNITAS DON VALDEZ,3,2,1,1,2
23003,TAQUERIA Y CENADURIA EL CAMINERO,4,1,3,3,1
23004,TAQUERIA Y PANADERIA PANCHO PISTOLAS,2,1,1,1,1
23005,TAQUERIA Y PIZZERIA LOS DOS HERMANOS,2,1,1,1,1
23006,TAQUERIA Y RESTAURANT LA PIRI,14,8,6,5,9
23007,TAQUERIA Y RESTAURANT LA SABROSITA,6,2,4,4,2
23008,TAQUERIA Y TAMALCIA ROMAN'S,10,2,8,6,4
23009,TAQUERIA Y TAMALERIA GUERRERENCE,9,6,3,2,7
23010,TAQUERIA Y TAMALERIA ROMANS,7,3,4,5,2
23011,TAQUERIA Y TORTILLERIA ATOTONILCO,16,4,12,11,5
23012,TAQUERIA ZAPATA,3,1,2,2,1
23013,TAQUERIAS EL PASO #1,8,6,2,4,4
23014,TAQUERO FUSION,6,2,4,2,4
23015,TAQUIERIA MARIA'S,6,5,1,1,5
23016,TAQUITOS,4,3,1,2,2
23017,TAQUIZAS DON RAFA 2,4,2,2,1,3
23018,"TAQUIZAS DON RAFA, COMPANY",10,1,9,8,2
23019,TAQUIZAS EL PICHIIZ,5,1,4,4,1
23020,TAQUIZAS Y BANQUETES EL SIETE,4,2,2,1,3
23021,TARAN TACOS,2,1,1,1,1
23022,TARANTINO'S,21,9,12,10,11
23023,TARASCAS INTERNATIONAL,18,5,13,9,9
23024,TARBOUSH MEDITERRANEAN GRILL,10,3,7,6,4
23025,TARGET,11,8,3,2,9
23026,TARGET #1924,15,6,9,8,7
23027,TARGET #T-2373,15,6,9,5,10
23028,TARGET - STORE T-1488,9,2,7,6,3
23029,TARGET -T3317,4,2,2,3,1
23030,TARGET STORE # 1889,17,8,9,9,8
23031,TARGET STORE # T-2079,19,8,11,9,10
23032,TARGET STORE #1437,11,5,6,3,8
23033,TARGET STORE #T-2344,9,4,5,2,7
23034,TARGET STORE - 1879,4,2,2,3,1
23035,TARGET STORE T-2613,20,10,10,7,13
23036,TARGET STORE T-3207,11,2,9,5,6
23037,TARGET STORE T-3208,4,3,1,1,3
23038,TARGET STORE T-3214,4,1,3,1,3
23039,TARGET STORE T-3219,10,4,6,7,3
23040,TARGET STORE T-3221,8,2,6,4,4
23041,TARGET STORE T-3272,3,1,2,2,1
23042,TARGET STORE T-3307,7,1,6,2,5
23043,TARGET STORE T-3402,4,1,3,2,2
23044,TARGET STORE T2781,18,6,12,7,11
23045,TARGET STORE T3314,5,1,4,3,2
23046,TARGET STORE T3349,4,1,3,3,1
23047,TARGET STORE T3447,4,0,4,2,2
23048,TARGET STORE- 2078,9,3,6,3,6
23049,TARKINGTON ECC,3,1,2,2,1
23050,TAS,3,1,2,2,1
23051,TASA COFFEE ROASTERS,2,1,1,1,1
23052,TASSSILI,17,5,12,6,11
23053,TASTE  BUD,11,3,8,6,5
23054,TASTE  OF CHINA,6,3,3,3,3
23055,TASTE AMERICA CATERING,4,2,2,3,1
23056,TASTE BUD,2,1,1,2,0
23057,TASTE BUD BANQUET HALL & RESTAURANT,8,2,6,5,3
23058,TASTE BUDS,8,1,7,8,0
23059,TASTE DISCO & STEAK HOUSE,2,0,2,2,0
23060,TASTE FOOD AND WINE,3,2,1,2,1
23061,TASTE FROM INDIA,2,0,2,2,0
23062,TASTE JAMAICA RESTAURANT,2,0,2,1,1
23063,TASTE OF AFRICA,4,2,2,4,0
23064,TASTE OF CANTON,11,3,8,6,5
23065,TASTE OF CHICAGO,15,6,9,6,9
23066,TASTE OF CHICAGO 2,9,5,4,5,4
23067,TASTE OF CHICAGO INC,10,3,7,3,7
23068,TASTE OF CHINA,7,3,4,4,3
23069,TASTE OF COLOMBIA,2,0,2,1,1
23070,TASTE OF ENGLEWOOD INCORPORATED,2,1,1,1,1
23071,TASTE OF HAVANA,9,3,6,7,2
23072,TASTE OF JOI RESTAURANT CAFE B,4,1,3,3,1
23073,TASTE OF LEBANON,19,8,11,6,13
23074,TASTE OF MEXICO,5,3,2,3,2
23075,TASTE OF NEW YORK,6,1,5,2,4
23076,TASTE OF PERU,20,13,7,7,13
23077,TASTE OF THAI TOWN,10,3,7,6,4
23078,TASTE OF THE ISLAND,6,1,5,5,1
23079,TASTE OF TRINIDAD,6,0,6,4,2
23080,TASTE ON 2,2,1,1,1,1
23081,TASTE THAT LLC,4,1,3,3,1
23082,TASTEE CAFE,4,1,3,3,1
23083,TASTEE FREEZ,26,9,17,12,14
23084,TASTEE FREEZE,5,1,4,4,1
23085,TASTEE ROLLS 2,4,0,4,2,2
23086,"TASTY BEEF & SUB,INC.",17,4,13,12,5
23087,TASTY BEEF AND MORE,7,3,4,5,2
23088,"TASTY BEEF, INC.",8,3,5,3,5
23089,TASTY CHICAGO LLC,6,2,4,0,6
23090,TASTY CHICKEN & FISH FOOD MART,4,1,3,2,2
23091,TASTY CHICKEN & SALAD,3,0,3,3,0
23092,TASTY CHICKEN & SALAD FOOD MART,12,2,10,7,5
23093,"TASTY CHILL, INC.",4,0,4,3,1
23094,TASTY CHINA,25,12,13,12,13
23095,TASTY CHINESE FOOD,4,0,4,3,1
23096,TASTY CITY,9,4,5,4,5
23097,TASTY FAST FOOD & GROCERY,10,2,8,7,3
23098,TASTY FISH CHICKEN AND GYROS INC.,6,0,6,6,0
23099,TASTY GYROS,14,7,7,8,6
23100,TASTY HOUSE II,3,0,3,3,0
23101,TASTY HOUSE ll,3,1,2,2,1
23102,TASTY PLACE,38,20,18,20,18
23103,"TASTY SPOT FOOD & GRILL ON 67, INC.",4,0,4,3,1
23104,TASTY SPOT FOOD + GRILL,7,2,5,7,0
23105,TASTY STEAK & LEMONADE,4,2,2,3,1
23106,TASTY SUB,16,7,9,6,10
23107,TASTY SUB & BEEF,6,3,3,2,4
23108,TASTY TAY'S PIZZA & CHICKEN,4,2,2,3,1
23109,TASTY'S JUICE BAR AND GRILL,3,1,2,2,1
23110,TASTYLAND FISH AND CHICKEN,6,1,5,1,5
23111,"TATA FOOD MART, INC.",7,0,7,7,0
23112,TATA' S  TACOS,6,2,4,2,4
23113,TATAS KITCHEN AND SOCIAL,6,2,4,4,2
23114,TATAS TACOS,15,4,11,9,6
23115,TATE'S SOCIAL CLUB,2,0,2,2,0
23116,TATSU,9,5,4,4,5
23117,TATTLER POST #973 AMER. LEGION,16,6,10,12,4
23118,TAUREAUX TAVERN,6,3,3,2,4
23119,TAURUS EXPRESS,2,0,2,2,0
23120,TAURUS FLAVORS,18,7,11,5,13
23121,"TAURUS FLAVORS, INC.",14,5,9,9,5
23122,TAURUS RESTAURANT,10,1,9,7,3
23123,TAUS AUTHENTIC,8,2,6,5,3
23124,TAVEONS GROCERIES,5,2,3,4,1
23125,TAVERN AT THE PARK,16,7,9,5,11
23126,TAVERN CLUB AT 333,4,2,2,1,3
23127,TAVERN ON LITTLEFORT,14,4,10,7,7
23128,TAVERN ON RUSH,16,5,11,11,5
23129,TAVERN ON THE POINT,13,5,8,10,3
23130,TAVERN ON WELLS,7,0,7,5,2
23131,TAVERNA 750,12,4,8,9,3
23132,TAVERNITA,10,4,6,4,6
23133,TAWAKAL KAFE,4,1,3,3,1
23134,TAWAKKUL RESTAURANT,9,2,7,6,3
23135,TAXIM,21,6,15,12,9
23136,TAXIMAROA BAKERY,13,5,8,6,7
23137,TAYLOR  TOTS DAY CARE LTD.,13,2,11,7,6
23138,TAYLOR CENTER FOR NEW EXPERIENCES,15,5,10,5,10
23139,TAYLOR DAY SCHOOL,3,1,2,2,1
23140,TAYLOR ELEMENTARY SCHOOL,19,5,14,7,12
23141,TAYLOR FOOD MART,21,8,13,12,9
23142,TAYLOR GOURMET,3,2,1,2,1
23143,TAYLOR GOURMET MORGAN ST LLC,3,3,0,2,1
23144,TAYLOR MADE DELI,3,2,1,2,1
23145,TAYLOR MADE PIZZA,15,6,9,6,9
23146,"TAYLOR PREPARED FOODS, INC.",2,2,0,1,1
23147,TAYLOR ST KITCHEN,4,3,1,2,2
23148,TAYLOR ST SUB SHOP,2,0,2,2,0
23149,TAYLOR STREET MARKET,16,8,8,1,15
23150,TAYLOR TOTS CHILD DEVELOPMENT,5,2,3,3,2
23151,TAYLOR TOTS NURSERY,3,0,3,2,1
23152,TAYLOR'S MARKET,3,1,2,2,1
23153,TAYLOR'S MART,2,0,2,2,0
23154,TAYLOR'S TACOS,3,1,2,1,2
23155,TAYLOR-MADE SCHOLARS EARLY LEARNING CENTER,7,3,4,3,4
23156,TAYLORMADE QUE,12,2,10,8,4
23157,TAZA,8,3,5,1,7
23158,TAZA  BAKERY,16,8,8,6,10
23159,"TAZA B.B.Q., INC.",2,0,2,2,0
23160,TAZA BAKERY,4,0,4,2,2
23161,TAZA CAFE,6,5,1,2,4
23162,TAZA CATERING,10,2,8,7,3
23163,TAZA COFFEE & DELI INC.,2,0,2,2,0
23164,TAZA MART,2,2,0,1,1
23165,TBAAR,9,2,7,5,4
23166,TBD,80,26,54,48,32
23167,TBS AFRICAN RESTAURANT,9,4,5,5,4
23168,TBT RESTAURANT,4,2,2,3,1
23169,"TC FOOD MARKET, INC.",5,0,5,5,0
23170,TC HOTDOGS,8,2,6,4,4
23171,TCBY/JUICE WORKS,13,4,9,2,11
23172,TE MILK TEA HOUSE,4,0,4,3,1
23173,TE'AMO BOBA BAR,13,3,10,6,7
23174,TEA ESSENCE,2,0,2,2,0
23175,"TEA FOOD GROUP,  INC.",6,3,3,4,2
23176,TEA GSCHWENDER,11,5,6,4,7
23177,TEA GSCHWENDNER,4,0,4,2,2
23178,TEA KING GARDEN CO.,4,0,4,2,2
23179,TEA LEAF GARDEN,5,2,3,5,0
23180,TEA LUV LLC/OOOH WEE SWEET TEA,2,1,1,2,0
23181,TEA MONSTER,3,3,0,2,1
23182,TEA NINJA,4,2,2,2,2
23183,TEA ROOM,14,4,10,9,5
23184,TEACAGO,2,1,1,1,1
23185,TEACH 21 DAY CARE,4,2,2,2,2
23186,TEAGSCHWENDNER,9,3,6,8,1
23187,TEALICIOUS LINCOLN PARK LLC,7,2,5,2,5
23188,TEAM DIVAS,3,1,2,2,1
23189,TEAM ENGLEWOOD HIGH SCHOOL,10,3,7,3,7
23190,TEAM RAMIREZ NEVERIA INC.,2,0,2,2,0
23191,"TEAPOTBREW BAKERY, LLC",5,0,5,3,2
23192,TEASER'S PUB,10,5,5,3,7
23193,TEAVANA #21920,4,0,4,3,1
23194,TEAVANA #28346,4,0,4,3,1
23195,TEAVANA CORPORATION,6,1,5,2,4
23196,TEAZZZ,3,1,2,2,1
23197,TECALITLAN,22,12,10,8,14
23198,TECALITLAN MEXICAN KITCHEN & MARGARITA BAR,6,1,5,2,4
23199,"TECH SHIELD, INC.",10,4,6,4,6
23200,TECHNIQUE,3,2,1,1,2
23201,TED LENART,17,9,8,5,12
23202,TED'S,3,1,2,2,1
23203,TED'S FRESH MARKET LLC,16,5,11,9,7
23204,TED'S PLACE,3,3,0,1,2
23205,TEDDY BEAR DAY CARE,10,4,6,4,6
23206,TEDDY BEAR DAY CARE SERVICES,3,1,2,1,2
23207,"TEDDY BEAR NURSERY SCHOOL, INC",12,7,5,1,11
23208,TEDDY BEAR NURSERY SCHOOLS,21,13,8,6,15
23209,TEDDY BEAR NURSERY SCHOOLS INC,19,10,9,4,15
23210,"TEDDY BEAR NURSERY SCHOOLS, LLC",2,0,2,0,2
23211,TEDDY BEAR SERVICES CORP,23,10,13,7,16
23212,TEDDY'S,7,4,3,3,4
23213,TEDDY'S EXPRESS,2,0,2,1,1
23214,TEDDY'S GRILL,11,7,4,6,5
23215,TEDINO'S,20,7,13,11,9
23216,TEE'S SNACK SHOP,8,1,7,4,4
23217,TEEBA MART,2,1,1,1,1
23218,TEEN CHALLENGE CHICAGO,9,5,4,4,5
23219,TEENA MIA,7,6,1,2,5
23220,"TEENCHY WEENCHY DAYCARE & LEARNING CENTER INC,",13,6,7,8,5
23221,TEENY TINY UNIVERSITY,5,0,5,0,5
23222,TEJANO'S,8,2,6,4,4
23223,TEL AVIV RESTAURANT INC,21,7,14,8,13
23224,"TEL'S KITCHEN, INC.",3,1,2,2,1
23225,TEL-AVIV BAKERY,18,10,8,10,8
23226,TELA,2,0,2,2,0
23227,TELEOLOAPAN GROCERY,9,2,7,5,4
23228,TELLER'S COFFEE,3,0,3,3,0
23229,TELOLOAPAN,6,1,5,4,2
23230,TELPOCHCALLI,17,9,8,4,13
23231,TEMAX GARDEN CAFE,4,1,3,2,2
23232,TEMPESTA MARKET,11,7,4,5,6
23233,TEMPLE BAR CHICAGO,5,2,3,3,2
23234,TEMPO CAFE,27,14,13,16,11
23235,TEMPORIS,11,2,9,7,4
23236,TEN CAFE,6,2,4,3,3
23237,TEN CAT TAVERN,4,2,2,3,1
23238,TEN GOKU,6,1,5,1,5
23239,TEN GOKU/ BON YEON,3,1,2,0,3
23240,TEN REN TEA & GINDENG CO OF CH,2,1,1,1,1
23241,TENDER DAY CARE CENTER INCORPO,3,1,2,2,1
23242,TEPALCATES RESTAURANT COMPANY,3,0,3,2,1
23243,TEPOZ TACOS,2,1,1,1,1
23244,TEQUILA CJ RESTAURANT,37,6,31,23,14
23245,TEQUILA GRILL RESTAURANT,6,3,3,3,3
23246,TEQUILA RESTAURANT,9,4,5,3,6
23247,TERESA RESTAURANT /BANQUET HAL,15,7,8,9,6
23248,TERIYAKI BOWL,2,0,2,1,1
23249,TERIYAKI MADNESS,5,0,5,4,1
23250,TERMINAL 2 KIOSK,3,0,3,2,1
23251,"TERRACE GRILL, INC.",9,5,4,6,3
23252,TERRACE ON CLARK,3,1,2,2,1
23253,TERRAGUSTO,3,1,2,2,1
23254,TERRAGUSTO ON ARMITAGE,2,0,2,1,1
23255,TERRELL'S TASTE OF SOUL,4,3,1,2,2
23256,TERRITORY KITCHEN,3,1,2,1,2
23257,TERRY & BOB'S FAST FOOD & SOUL FOOD,3,2,1,1,2
23258,TERRY FOOD #2,6,3,3,3,3
23259,"TERRY FOOD #3, INC",2,1,1,1,1
23260,TERRY'S,28,10,18,11,17
23261,"TERRY'S FOOD MART, INC.",2,0,2,2,0
23262,TERRY'S TOFFEE,6,0,6,3,3
23263,TERRY'S TOFFEE INC.,3,1,2,1,2
23264,TESFA ETHIOPIAN CUISINE,10,5,5,5,5
23265,TESORI,33,11,22,16,17
23266,TESSY'S HOMEFOOD MARKET,2,1,1,1,1
23267,"TESSY'S HOMEFOOD MARKET,INC.",2,0,2,1,1
23268,"TESTA PRODUCE,INC",2,1,1,1,1
23269,TESTACCIO,14,2,12,9,5
23270,TETE CHARCUTERIE,11,3,8,8,3
23271,TEXAN TACO BAR,6,1,5,1,5
23272,TEXAS DE BRAZIL,18,5,13,4,14
23273,TEXAS TACO,4,1,3,3,1
23274,TEXICAN CHICAGO,11,5,6,6,5
23275,TEZCAL RESTAURANT,8,4,4,6,2
23276,TEZE FOOD MART,2,1,1,2,0
23277,TGI FRIDAY'S,33,8,25,18,15
23278,TGL GROUP-JERK,4,2,2,1,3
23279,"TGS RIVER NORTH, LLC",5,3,2,2,3
23280,"TGS Ravenswood, LLC",2,1,1,1,1
23281,THAI,12,5,7,6,6
23282,THAI  BURRITO,6,3,3,3,3
23283,THAI AREE HOUSE,21,7,14,12,9
23284,THAI AROMA INC,13,2,11,10,3
23285,THAI AVENUE RESTAURANT,7,3,4,4,3
23286,THAI BOWL,28,11,17,13,15
23287,"THAI BOWL NOODLE,RICE AND BUBBLE TEA",18,5,13,11,7
23288,THAI CLASSIC RESTAURANT,6,1,5,4,2
23289,THAI EATERY,7,3,4,4,3
23290,THAI FLAVOUR DELI,2,0,2,2,0
23291,THAI FOOD CUISINE INC.,8,2,6,6,2
23292,THAI FUSION NOODLES INC.,3,1,2,2,1
23293,THAI KITCHEN,6,2,4,2,4
23294,THAI LAGOON RESTAURANT,22,7,15,11,11
23295,THAI ON CLARK,17,5,12,9,8
23296,THAI OSCAR,7,1,6,3,4
23297,THAI OSCAR INC.,3,1,2,2,1
23298,THAI PASTRY,7,3,4,3,4
23299,THAI PASTRY AND RESTAURANT,6,3,3,3,3
23300,THAI PASTRY RESTAURANT,15,5,10,6,9
23301,THAI POT NOODLES SHOP INC,6,4,2,4,2
23302,THAI ROOM RESTAURANT INC.,13,4,9,6,7
23303,THAI SPICE,12,7,5,5,7
23304,THAI SPOON,9,3,6,3,6
23305,THAI SPOON AND SUSHI,31,9,22,21,10
23306,THAI THAI REST,5,3,2,2,3
23307,THAI THAI RESTAURANT,5,2,3,3,2
23308,THAI THANK YOU,17,8,9,5,12
23309,THAI THANK YOU RICE & NOODLES,9,3,6,5,4
23310,THAI UPTOWN,10,4,6,5,5
23311,THAI VALLEY RESTAURANT,24,7,17,12,12
23312,THAI VILLAGE RESTAURANT,22,9,13,13,9
23313,THAI WOK,5,2,3,2,3
23314,"THAIDAY CHICAGO, INC",5,2,3,2,3
23315,THALI'S RESTAURANT,16,7,9,8,8
23316,"THALIA HALL CHICAGO, LLC",2,1,1,1,1
23317,THALIA SPICE ASIAN FUSION BISTRO,12,3,9,7,5
23318,THALIA'S RESTAURANT,5,1,4,3,2
23319,THAT LITTLE MEXICAN CAFE II,17,7,10,8,9
23320,THAT'S A BURGER,11,2,9,5,6
23321,THE  CUPCAKE  GALLERY,12,4,8,8,4
23322,THE  ORiGINAL MAXWELL ST,4,3,1,1,3
23323,THE  SOUP  CAFE,2,1,1,2,0
23324,THE  SPICE,16,4,12,9,7
23325,THE  VERANDA ON THORNDALE,12,3,9,7,5
23326,THE 3RD COAST,19,5,14,7,12
23327,THE ABERDEEN TAP,16,8,8,6,10
23328,THE ABUNDANCE BAKERY,13,5,8,6,7
23329,THE ADMIRAL AT THE LAKE,16,4,12,9,7
23330,THE ALEXANDER BEETLE BAKESHOP,6,2,4,4,2
23331,THE ALISE-CHICAGO,5,3,2,2,3
23332,THE ALLEGRO ROYAL SONESTA HOTEL,6,2,4,0,6
23333,THE ALLERTON HOTEL,28,12,16,14,14
23334,THE ALLEY 1776,2,0,2,2,0
23335,THE ALLSTAR QUICK MART,5,1,4,4,1
23336,THE ALOE SHOPPE,2,1,1,1,1
23337,THE ANGRY CRAB,25,9,16,14,11
23338,THE ANTHEM,14,4,10,7,7
23339,THE AOK FLAT BREAD PANINI SHOP,3,0,3,2,1
23340,THE APPLE MARKET,7,2,5,7,0
23341,THE ARK,11,2,9,3,8
23342,THE ARROGANT FROG BAR,2,0,2,1,1
23343,THE ART INSTITUTE OF CHICAGO,12,1,11,6,6
23344,THE ART OF CHICKEN,15,5,10,9,6
23345,THE ARTISAN CELLARS,11,6,5,4,7
23346,THE ARTS CLUB OF CHICAGO,16,4,12,5,11
23347,THE ASHLAND,3,1,2,2,1
23348,THE ASHLAND GROCER,3,1,2,2,1
23349,THE ATHENAEUM THEATRE,2,0,2,2,0
23350,THE ATLANTIC BAR & GRILL,18,8,10,8,10
23351,"THE ATRIUM HLTH CARE CTRS, INC",14,3,11,9,5
23352,"THE AUSTIN OASIS, LLC",8,4,4,3,5
23353,THE AVE FOOD MART,8,2,6,6,2
23354,THE AVENUE EATERY,2,1,1,1,1
23355,THE AVONDALE COFFEE CLUB,6,0,6,4,2
23356,THE BABY ACADEMY,18,5,13,10,8
23357,THE BAD APPLE,23,5,18,9,14
23358,THE BAGEL INC,23,9,14,12,11
23359,THE BAGELERS,2,0,2,1,1
23360,THE BAGELERS UNDERGROUND-JACKSON RED,3,1,2,2,1
23361,THE BAKED ESCAPE,3,2,1,1,2
23362,THE BAKED TOMATO,8,5,3,3,5
23363,THE BAKEHOUSE CHICAGO,2,0,2,2,0
23364,THE BAKERY BOX,3,0,3,2,1
23365,THE BALLPARK PUB,22,7,15,14,8
23366,THE BALLROOM,18,1,17,16,2
23367,THE BANANA LEAF,21,9,12,13,8
23368,THE BANANA LEAF CORPORATION,5,0,5,5,0
23369,THE BANDIT,13,6,7,6,7
23370,THE BAR 10 DOORS,25,9,16,16,9
23371,THE BAR ON BUENA,25,9,16,16,9
23372,THE BASEMENT,4,1,3,4,0
23373,THE BATON SHOW LOUNGE,11,3,8,8,3
23374,THE BAY,3,1,2,2,1
23375,THE BBQ ZONE,8,4,4,3,5
23376,THE BEAN CAFFE,9,4,5,5,4
23377,THE BEAN CAFFE',5,2,3,3,2
23378,THE BEDFORD,15,5,10,7,8
23379,THE BEELOVE CAFE,4,0,4,2,2
23380,THE BEER BISTRO,15,6,9,6,9
23381,THE BEER BISTRO NORTH,16,6,10,9,7
23382,THE BEER TEMPLE,10,3,7,3,7
23383,"THE BELDEN DELI, LLC",2,1,1,1,1
23384,THE BELLEMORE,6,1,5,3,3
23385,THE BELLEVUE,5,3,2,1,4
23386,THE BENTLEY TAVERN,4,1,3,3,1
23387,THE BETTY,7,2,5,5,2
23388,THE BEVERLY CASTLE CENTER FOR EARLY CHILDHOOD LLC,19,10,9,6,13
23389,THE BIG CHEESE ON LINCOLN,7,3,4,3,4
23390,"THE BIG CHEESE WRIGLEYVILLE, LLC",2,0,2,1,1
23391,THE BIG CHEESY,2,0,2,2,0
23392,THE BIG SHISH,2,0,2,1,1
23393,"THE BIG STATE, INC.",7,2,5,3,4
23394,THE BIRD CAGE,4,0,4,2,2
23395,THE BISTRO BY THE PIER,10,3,7,5,5
23396,THE BITING IRISH,2,1,1,1,1
23397,THE BLACK BARREL TAVERN,30,10,20,19,11
23398,THE BLACK DUCK,8,1,7,6,2
23399,THE BLACK FIRE BRIGADE ORG.,6,2,4,4,2
23400,THE BLACK SHEEP,7,1,6,5,2
23401,THE BLACK VEGAN,6,2,4,3,3
23402,THE BLACK WOK,4,1,3,4,0
23403,THE BLANCHARD,5,1,4,2,3
23404,THE BLEEDING HEART  BAKERY,4,1,3,3,1
23405,THE BLEEDING HEART BAKERY,2,1,1,1,1
23406,THE BLOMMER CHOCOLATE CO,3,1,2,1,2
23407,THE BLUE COFFEE HOUSE,2,1,1,2,0
23408,THE BLUEBIRD BISTRO & WINEBAR,8,1,7,5,3
23409,THE BOATHOUSE CAFE,7,2,5,4,3
23410,THE BOBA TEAHOUSE,3,1,2,2,1
23411,THE BOIL CAJUN SEAFOOD,10,6,4,7,3
23412,THE BOILER ROOM,25,11,14,12,13
23413,THE BONGO ROOM,19,9,10,10,9
23414,THE BOOKCELLAR,7,3,4,4,3
23415,THE BOUNDARY,14,6,8,5,9
23416,THE BRAZILIAN BOWL,17,6,11,9,8
23417,THE BREAKERS AT EDGEWATER,17,4,13,11,6
23418,THE BREAKFAST CLUB INC,18,5,13,6,12
23419,THE BREALFAST LOUNGE,9,2,7,6,3
23420,THE BREWED,3,1,2,2,1
23421,THE BREWERY,7,4,3,5,2
23422,THE BRICK INN THE WALL BAR & 2 GRILLS,4,1,3,3,1
23423,THE BRICKTON MONTESSORI SCHOOL,8,1,7,4,4
23424,THE BRISTOL,20,10,10,12,8
23425,THE BRIXTON,10,0,10,7,3
23426,THE BROTHERS TWOGO,2,0,2,1,1
23427,THE BROWN  SACK,6,2,4,2,4
23428,THE BUDLONG,3,0,3,2,1
23429,THE BUDLONG HOT CHICKEN,36,9,27,26,10
23430,THE BUNGALOW CAFE,9,4,5,5,4
23431,THE BUNKER,6,3,3,3,3
23432,THE BUREAU BAR,2,0,2,1,1
23433,THE BURGER BAR,4,0,4,3,1
23434,THE BURGER POINT,15,7,8,6,9
23435,THE BURGER STOP,3,0,3,2,1
23436,THE BURRITO HOUSE,11,6,5,6,5
23437,THE BURRITO KING,7,2,5,2,5
23438,THE BUTCHER & LARDER,6,3,3,3,3
23439,THE CAFE AT LEFLOUR,4,1,3,3,1
23440,THE CAFE CHICAGO,2,1,1,1,1
23441,THE CAFERTERIA,9,3,6,5,4
23442,THE CAJUN CONNOISSEUR,5,2,3,4,1
23443,THE CAJUN CONNOISSEUR LLC,14,7,7,6,8
23444,THE CAKE WALK INC,8,6,2,2,6
23445,THE CAPITAL GRILLE,19,9,10,7,12
23446,THE CARLTON AT THE LAKE,11,3,8,6,5
23447,THE CASINO,15,3,12,8,7
23448,THE CAULDRON CHICAGO,2,0,2,1,1
23449,THE CELL BLOCK,5,2,3,3,2
23450,THE CELLAR,4,1,3,2,2
23451,THE CENTERED CHEF,5,3,2,2,3
23452,THE CHALKBOARD INC,14,5,9,5,9
23453,THE CHARNEL HOUSE,3,2,1,2,1
23454,THE CHASE SHOP,3,2,1,1,2
23455,THE CHATTER BOX,9,3,6,2,7
23456,THE CHEESECAKE FACTORY,39,17,22,13,26
23457,THE CHEF'S SPOT LLC,2,0,2,1,1
23458,THE CHERRY CIRCLE ROOM,20,7,13,10,10
23459,THE CHG BEAR SPORTS BAR/GRILL,12,5,7,5,7
23460,THE CHI-CHEFF LLC,2,1,1,1,1
23461,THE CHICAGO CITY DAY SCHOOL,12,5,7,2,10
23462,THE CHICAGO CLUB,16,7,9,6,10
23463,THE CHICAGO DINER INC,24,11,13,9,15
23464,THE CHICAGO FIREHOUSE REST.,8,2,6,4,4
23465,THE CHICAGO FIREHOUSE RESTAURANT,21,7,14,13,8
23466,THE CHICAGO HIGH SCHOOL FOR THE ARTS,6,3,3,2,4
23467,THE CHICAGO HOUSE OF 'ZA VEGAN PIZZERIA,9,2,7,5,4
23468,THE CHICAGO LIGHTHOUSE,5,3,2,2,3
23469,THE CHICAGO THEATER WORKS,6,2,4,3,3
23470,THE CHICKEN SHACK,7,3,4,3,4
23471,"THE CHICKEN SHACK, INC.",4,2,2,3,1
23472,THE CHILDREN'S CENTER,18,9,9,3,15
23473,THE CHILDREN'S GARDEN ACADEMY INC.,4,0,4,1,3
23474,THE CHILDREN'S HOUSE-LK MEADOW,5,1,4,2,3
23475,THE CHILDREN'S PLACE ASSN,12,4,8,2,10
23476,THE CHILDREN'S VILLAGE,3,1,2,2,1
23477,THE CHILDREN'S VILLAGE DAY CARE & KINDERGARTEN INC,7,4,3,2,5
23478,THE CHOPPING BLOCK,16,9,7,5,11
23479,THE CHURRO WAFFLE,8,3,5,4,4
23480,THE CLARE,33,14,19,16,17
23481,THE CLARE AT WATER TOWER,7,5,2,2,5
23482,"THE CLARE, TERRACES AT THE CLARE",9,6,3,3,6
23483,THE CLARK STREET DOG,28,14,14,10,18
23484,THE CLIFF DWELLERS,16,8,8,4,12
23485,THE CLIPPER,4,1,3,3,1
23486,THE CLIPPER/ CC FERNS,2,0,2,1,1
23487,THE CLOSET,4,1,3,3,1
23488,THE COFFEE ALLEY,14,7,7,4,10
23489,THE COFFEE SHOP,11,2,9,5,6
23490,THE COFFEE STUDIO,17,7,10,8,9
23491,THE COMEDY CLUB HOUSE,4,2,2,2,2
23492,THE COMEDY CLUBHOUSE,2,0,2,2,0
23493,THE COMMON CUP,18,8,10,7,11
23494,THE CONGRESS HOTEL,45,19,26,17,28
23495,THE CONNECT,4,0,4,3,1
23496,THE CONNECTION DOLLAR & CELLULAR,2,1,1,1,1
23497,THE CONTINENTAL,10,3,7,4,6
23498,THE CONTINENTAL LOUNGE,10,5,5,6,4
23499,"THE COOKING AND HOSPITALITY INSTITUTE OF CHICAGO, INC.",8,2,6,4,4
23500,THE CORNED BEEF FACTORY SANDWICH SHOP,19,4,15,14,5
23501,"THE CORNER FARMACY, LLC",7,4,3,4,3
23502,THE CORNER MART,2,2,0,2,0
23503,THE CORNER PANTRY EXPRESS,2,1,1,1,1
23504,THE CORNER POCKET,2,0,2,1,1
23505,THE CORNER STORE,3,1,2,2,1
23506,THE CORNER STORE-NORTH PARK,2,0,2,1,1
23507,THE CORRIB IRISH PUB,3,2,1,2,1
23508,THE COTTON DUCK,5,2,3,4,1
23509,THE COUCH,2,0,2,2,0
23510,THE COUNTER-CUSTOM BUILT,4,2,2,2,2
23511,THE COUSINS RESTAURANT,7,3,4,2,5
23512,THE CRAB HOUSE,7,2,5,5,2
23513,"THE CRAB PAD 2, LLC",4,1,3,2,2
23514,"THE CRAB PAD, LLC",10,3,7,7,3
23515,THE CRAZY GREEK,7,2,5,4,3
23516,THE CREPE SHOP,13,6,7,6,7
23517,THE CROATIAN CLUB,3,0,3,3,0
23518,THE CROCODILE,13,4,9,8,5
23519,THE CROSS ROADS BAR & GRILL,21,9,12,8,13
23520,THE CROSSING TAVERN,10,3,7,6,4
23521,THE CRYSTAL PALACE EARLY LITERACY ZONE,13,5,8,6,7
23522,THE CUMIN BOWL,2,0,2,2,0
23523,THE CUPCAKE COUNTER LLC,9,4,5,4,5
23524,THE CURRAGH IRISH PUB,20,9,11,10,10
23525,THE CURRY CRUISER,5,2,3,3,2
23526,THE DAILY BAR & GRILL,18,9,9,9,9
23527,"THE DAILY CUP, INC.",5,1,4,3,2
23528,THE DAILY GRIND,2,2,0,0,2
23529,THE DANDY CROWN,8,1,7,5,3
23530,THE DARLING,4,0,4,3,1
23531,THE DAVID & ALFRED SMART MUSEU,8,3,5,2,6
23532,THE DAVIS THEATER; CARBON ARC BAR & BOARD,13,4,9,7,6
23533,THE DEARBORN,11,5,6,3,8
23534,THE DELI COMPANY,4,1,3,3,1
23535,THE DELTA,10,3,7,5,5
23536,THE DEN THEATRE,4,1,3,1,3
23537,THE DEPOT,8,6,2,4,4
23538,THE DIME,4,1,3,3,1
23539,THE DINING ROOM AT KENDALL COLLEGE AT NATIONAL LOU,6,3,3,2,4
23540,THE DINING ROOM AT KENDALL NFP,16,9,7,6,10
23541,THE DOCK AT MONTROSE BEACH,27,5,22,19,8
23542,THE DOG HOUSE GRILL,21,6,15,14,7
23543,THE DOG JOINT,12,5,7,9,3
23544,THE DOG STAND,5,2,3,4,1
23545,THE DOG STOP,8,3,5,2,6
23546,THE DOG'S BOLLOX,2,0,2,1,1
23547,THE DOGHOUSE,2,2,0,1,1
23548,THE DOPEST BAR & GRILL,12,2,10,11,1
23549,THE DRAKE HOTEL,21,11,10,5,16
23550,THE DRINKING BIRD,10,5,5,5,5
23551,THE DRIP G,2,0,2,1,1
23552,THE DRUM & MONKEY,18,8,10,10,8
23553,THE DRUNKEN BEAN,12,3,9,8,4
23554,THE DUCK INN,15,8,7,8,7
23555,THE DUGOUT,24,7,17,15,9
23556,THE DUGOUT / PRESS BOX,15,4,11,10,5
23557,THE DUKE OF PERTH,21,12,9,12,9
23558,THE DYNASTY ORIENTAL FOOD CORPORATION,14,8,6,6,8
23559,THE EASTMAN EGG COMPANY,22,13,9,8,14
23560,THE ECO FLAMINGO,3,0,3,2,1
23561,THE EDGE,8,5,3,2,6
23562,THE EDGE THEATER,2,1,1,1,1
23563,THE EDGE THEATER/ THE EDGE ANNEX,2,0,2,1,1
23564,THE EDGEWATER,11,6,5,6,5
23565,THE EDSEL ALBERT AMMONS NURSER,8,5,3,5,3
23566,THE EGG ROLL FACTORY LLC,2,0,2,1,1
23567,THE EGG ROLL LADY,7,1,6,6,1
23568,THE ELEPHANT THAI CUISINE,25,13,12,8,17
23569,THE EMBERS ON BROADWAY,3,2,1,2,1
23570,THE EMILY HOTEL,9,4,5,1,8
23571,THE EMPANADA BIKE,4,1,3,3,1
23572,"THE ESTATES OF HYDE PARK,  LLC",11,5,6,5,6
23573,THE EVEREST ROOM,14,4,10,7,7
23574,THE EVIE GRILL,3,3,0,1,2
23575,THE EXCHANGE,13,5,8,4,9
23576,THE FACTORY A GENTLEMEN'S CLUB,17,5,12,10,7
23577,THE FACTORY GENTLEMAN'S CLUB,6,1,5,5,1
23578,THE FAIRMONT CHICAGO,27,13,14,9,18
23579,THE FAIRMONT CHICAGO/MILLENIUM ROOM,21,7,14,9,12
23580,THE FALCON,5,2,3,1,4
23581,THE FAMILY HOUSE,5,0,5,4,1
23582,THE FAMILY HOUSE OF PANCAKES,7,1,6,3,4
23583,THE FAMOUS TACO BURRITO KING,39,12,27,22,17
23584,THE FANCY ROLLED ICE CREAM,5,2,3,3,2
23585,THE FANCY SCOOP & CAFE,4,1,3,4,0
23586,THE FAREHOUSE MARKET,10,0,10,3,7
23587,THE FAREHOUSE MARKET & CAFE,3,1,2,0,3
23588,THE FAST BURRITO,5,1,4,1,4
23589,THE FAT PICKLE,3,1,2,1,2
23590,THE FAT SHALLOT,21,8,13,8,13
23591,"THE FAT SHALLOT, LLC",22,8,14,11,11
23592,THE FIELD BISTRO,16,8,8,6,10
23593,THE FIELD SCHOOL,3,0,3,2,1
23594,THE FIFTY / 50,28,13,15,14,14
23595,THE FILLMORE,4,0,4,1,3
23596,THE FIRE PLACE INN,5,3,2,3,2
23597,THE FIREHOUSE CATERING COMPANY LLC,5,1,4,2,3
23598,THE FIREPLACE INN,16,6,10,6,10
23599,THE FISH KEG INC,17,6,11,5,12
23600,THE FISHGUY MARKET,18,3,15,7,11
23601,THE FLAKITA GRILL,2,1,1,2,0
23602,THE FLAMING POT INC.,6,3,3,3,3
23603,THE FLAT TOP GRILL,4,0,4,4,0
23604,THE FLAVORED JAMAICAN INC.,3,2,1,2,1
23605,THE FLORENTINE,23,9,14,9,14
23606,THE FLOWER FLAT,12,4,8,6,6
23607,THE FOOD BOUTIQUE,8,2,6,3,5
23608,THE FOODIE'S SPOT,7,1,6,3,4
23609,THE FORTNIGHTLY OF CHICAGO,12,4,8,2,10
23610,THE FOUR SEASONS HOTEL CHICAGO,16,6,10,11,5
23611,THE FOUR SEASONS HOTEL-CHICAGO,2,2,0,0,2
23612,THE FOYER,7,1,6,4,3
23613,THE FRANKLIN TAP,20,9,11,7,13
23614,"THE FRENCH LUNCHBOX, INC.",5,3,2,3,2
23615,THE FRENCH PASTRY SCHOOL  LLC,3,0,3,3,0
23616,THE FRENCH QUARTER BAKERY,5,2,3,3,2
23617,THE FRIENDLY WASH,2,1,1,1,1
23618,THE FRONT ROOM/BACK DOOR SALOON,4,1,3,4,0
23619,THE FRONTIER,25,9,16,13,12
23620,THE FUDGE POT,12,6,6,1,11
23621,THE FULL SLAB,9,4,5,6,3
23622,THE FUNKY MONKEY JUICE BAR,4,0,4,3,1
23623,THE G SPOT DINER,3,1,2,2,1
23624,THE GAGE,22,10,12,12,10
23625,THE GALLERY,17,10,7,5,12
23626,THE GALLERY CAFE,19,7,12,9,10
23627,THE GALLERY CARNELLI 'S DELI,9,2,7,5,4
23628,THE GAME,9,2,7,7,2
23629,THE GARAGE,11,4,7,5,6
23630,THE GARAGE BAR AND SANDWICHES,23,4,19,13,10
23631,"THE GARDENER SCHOOL LINCOLN PARK, LLC",5,2,3,0,5
23632,THE GARDNER SCHOOL,26,13,13,9,17
23633,THE GARDNER SCHOOL LINCOLN PARK,4,2,2,2,2
23634,THE GENERAL,7,3,4,2,5
23635,THE GERAGHTY,12,6,6,5,7
23636,THE GIG PLUS INC,4,2,2,2,2
23637,THE GILTY PIG,3,1,2,1,2
23638,THE GLENWOOD,5,3,2,2,3
23639,THE GLOBE PUB,20,11,9,8,12
23640,THE GLUNZ TAVERN,22,9,13,12,10
23641,THE GODDARD SCHOOL CHICAGO,13,5,8,6,7
23642,THE GODDARD SCHOOL NORTH CHICAGO,6,2,4,3,3
23643,THE GODDARD SCHOOL OF SOUTH LOOP CHICAGO,6,2,4,1,5
23644,THE GODDARD SCHOOL OF WEST LOOP,3,0,3,2,1
23645,THE GODDARD SCHOOL- CHICAGO,6,2,4,3,3
23646,THE GODDESS & GROCER,35,16,19,12,23
23647,"THE GODDESS AND BAKER NAVY PIER, LLC",6,2,4,3,3
23648,THE GODDESS AND GROCER,25,11,14,12,13
23649,THE GODDESS GOLD COAST,18,4,14,11,7
23650,THE GODDESS LINCOLN PARK,19,5,14,13,6
23651,THE GODDESS RIVER NORTH,26,7,19,16,10
23652,THE GODDESS WEST LOOP,8,2,6,1,7
23653,THE GODFREY HOTEL CHICAGO,18,6,12,7,11
23654,THE GOLDEN CUP RESTAURANT,2,1,1,1,1
23655,THE GOLDEN PLATE RESTAURANT,2,1,1,1,1
23656,THE GOLDEN VILLAGE,8,2,6,6,2
23657,THE GOOD LIFE SOUL FOOD RESTAURANT,18,4,14,15,3
23658,THE GOOD SHEPARD ENTERPRISE,4,1,3,3,1
23659,THE GOODMAN THEATRE,2,1,1,1,1
23660,THE GOURMET GRAPE,7,3,4,4,3
23661,THE GRAFTON PUB & GRILL,13,5,8,6,7
23662,THE GRAIL CAFE,6,3,3,2,4
23663,"THE GRAND CHILD CARE CENTER, INC.",15,6,9,7,8
23664,THE GRAND SANDWICH,5,1,4,4,1
23665,THE GRAY,24,7,17,11,13
23666,THE GRAYSTONE TAVERN,21,6,15,13,8
23667,THE GREAT AMERICAN BAGEL,135,65,70,29,106
23668,"THE GREAT AMERICAN BAGEL ENTERPRISES, INC.",9,4,5,4,5
23669,THE GREAT AMERICAN BAGELS,2,0,2,2,0
23670,THE GREAT CHICAGO FOOD BEVERAG,15,2,13,7,8
23671,THE GREAT STATE FARE,44,14,30,22,22
23672,THE GREAT STEAK & POTATO CO.,21,9,12,7,14
23673,THE GREAT STEAK & POTATO COMPANY,14,4,10,7,7
23674,THE GREAT STEAK & POTATOE CO.,6,4,2,1,5
23675,THE GREEN,3,1,2,0,3
23676,THE GREEN AT GRANT PARK,3,0,3,2,1
23677,THE GREEN BEAN DAY SCHOOL & NURSERY,2,0,2,1,1
23678,"THE GREEN BEAN NURSERY,LLC",16,7,9,7,9
23679,THE GREEN DOLPHIN,8,3,5,4,4
23680,THE GREEN DOOR,23,7,16,14,9
23681,THE GREEN HOUSE STAKES,7,3,4,4,3
23682,THE GREEN LIVING ROOM,3,0,3,2,1
23683,THE GREEN OLIVE,5,2,3,4,1
23684,"THE GREENHOUSE LOFT, LLC",10,5,5,4,6
23685,THE GREENVILLE TAVERN,6,1,5,4,2
23686,THE GRILL EXPRESS INC,3,0,3,2,1
23687,THE GRILL ON 21,6,1,5,3,3
23688,THE GRILL ON 47TH STREET INC.,8,3,5,6,2
23689,THE GRILL ON THE ALLEY,23,6,17,12,11
23690,THE GRILLING CATERING AND DELIVERY COMPANY,6,3,3,4,2
23691,THE GRILLROOM,22,4,18,12,10
23692,THE GRIND CAFE,5,1,4,5,0
23693,THE GRIND CAFE INC,8,2,6,4,4
23694,THE GRIND COFFEE LOUNGE,8,3,5,3,5
23695,THE GRINGO,6,2,4,5,1
23696,THE GROVE,16,7,9,6,10
23697,THE GROVE AT LINCOLN PARK,10,2,8,7,3
23698,THE GROVE RESTAURANT,8,2,6,5,3
23699,THE GROWLING RABBIT,5,2,3,2,3
23700,THE GROWLING RABBIT A CAFE,11,6,5,3,8
23701,THE GUESTHOUSE HOTEL,2,0,2,1,1
23702,THE GUNDIS KURDISH KITCHEN,12,1,11,7,5
23703,THE GUYS CONVENIENCE,2,1,1,1,1
23704,THE GWEN,13,5,8,9,4
23705,"THE HAIR LOFT , LTD",2,1,1,2,0
23706,THE HALAL GUYS,50,12,38,28,22
23707,THE HALLMARK,6,3,3,1,5
23708,THE HAMPTON SOCIAL,25,9,16,14,11
23709,THE HANA CENTER,8,3,5,5,3
23710,"THE HANGGE- UPPE, INC.",4,1,3,2,2
23711,THE HAPPY CRAB,13,7,6,6,7
23712,THE HAPPY LOBSTER,19,9,10,7,12
23713,THE HAPPY LOBSTER LLC,3,0,3,1,2
23714,THE HARDING TAVERN,12,6,6,6,6
23715,THE HARPER THEATER,6,2,4,4,2
23716,THE HARTWELL,14,4,10,6,8
23717,THE HAT,15,4,11,6,9
23718,THE HATCHERY,11,2,9,5,6
23719,THE HATCHERY CHICAGO ILLINOIS,6,1,5,2,4
23720,"THE HEARTY BOYS CATERERS, INC.",24,6,18,12,12
23721,THE HEN,5,0,5,3,2
23722,THE HI-LO,4,1,3,2,2
23723,THE HIDDEN COVE,4,1,3,3,1
23724,THE HIDDEN SHAMROCK,19,4,15,13,6
23725,"THE HOAGIE PLACE # 3, LLC",2,0,2,2,0
23726,THE HOAGIE PLACE INC,10,3,7,7,3
23727,THE HOLLANDER,12,5,7,6,6
23728,THE HOME THEATER,2,0,2,2,0
23729,THE HONEY TREE OF WABASH AVE,4,1,3,2,2
23730,THE HOT DOG BOX,2,0,2,2,0
23731,THE HOT DOG GUY,5,0,5,2,3
23732,THE HOT SPOT ON ARMITAGE,2,0,2,2,0
23733,THE HOUSE CAFE,5,2,3,2,3
23734,THE HOUSE OF BING,22,10,12,4,18
23735,"THE HOXTON, CHICAGO",21,9,12,7,14
23736,THE HUBBARD HOUSE RESTAURANT,7,3,4,2,5
23737,THE HUT,18,8,10,4,14
23738,"THE HUT FISH & CHICKEN, INC.",7,1,6,3,4
23739,THE INDIA GRILL,2,0,2,2,0
23740,THE INDIAN GARDEN,5,0,5,2,3
23741,THE IRISH NOBLEMAN,15,7,8,9,6
23742,THE IRISH OAK,16,5,11,8,8
23743,THE ITALIAN COFFEE BAR,5,2,3,4,1
23744,THE IVY LEAGUE CLUB,8,3,5,4,4
23745,THE IVY ROOM,17,7,10,7,10
23746,THE JAM HOUSE,3,2,1,2,1
23747,THE JAMES KITCHEN & BAR,5,1,4,5,0
23748,"THE JERK GRILL, LLC",4,1,3,2,2
23749,THE JERK KITCHEN,5,2,3,3,2
23750,THE JERK SHOP,10,4,6,6,4
23751,THE JERK SPOT LLC,8,1,7,7,1
23752,THE JIBARITO STOP,16,7,9,7,9
23753,"THE JOHNS DEN, INC.",9,5,4,4,5
23754,THE JOINERY STUDIOS,2,0,2,1,1
23755,THE JOYNT,6,2,4,4,2
23756,THE JUICY WINE CO.,6,3,3,4,2
23757,THE JUNCTION CHICAGO,10,7,3,4,6
23758,"THE KARCZMA CAFE, INC.",6,3,3,3,3
23759,THE KEDZIE INN LLC,10,2,8,8,2
23760,THE KENNISON,9,4,5,5,4
23761,THE KERRYMAN,20,10,10,4,16
23762,"THE KIDS PLACE II, INC",6,4,2,2,4
23763,THE KIDS' TABLE,22,10,12,8,14
23764,THE KITCHEN CHICAGO,16,1,15,7,9
23765,THE KLAY OVEN,3,1,2,1,2
23766,THE KOMBUCHA ROOM,3,0,3,2,1
23767,THE L STATION,6,2,4,3,3
23768,THE LAGUNITAS BREWING COMPANY,8,2,6,2,6
23769,THE LAKESHORE PANTRY,4,3,1,1,3
23770,THE LANZAGA,2,0,2,1,1
23771,THE LASALLE FOUNDATION,16,6,10,4,12
23772,THE LASSALE CAFE LUNA,2,0,2,1,1
23773,"THE LAUNDRY BAG, INC.",8,4,4,4,4
23774,THE LAZY PARROT,3,1,2,2,1
23775,THE LEAF RESTAURANT COMPANY,5,2,3,2,3
23776,THE LEARNING BLOCK,5,1,4,4,1
23777,THE LEARNING CIRCLE,16,9,7,4,12
23778,THE LEARNING EXPERIENCE,28,11,17,14,14
23779,"THE LEARNING GARDEN EARLY EDUCATION CENTER, INC.",8,2,6,5,3
23780,THE LEARNING PLACE,15,6,9,8,7
23781,THE LEARNING TREE ACADEMY,8,2,6,6,2
23782,THE LEARNING TREE II,7,0,7,2,5
23783,THE LEARNING TREE PRE-SCHOOL,17,9,8,4,13
23784,THE LEARNING TREE ll,10,3,7,5,5
23785,"THE LEDGE BAR & GRILL, LLC",13,5,8,5,8
23786,THE LICKING,5,1,4,4,1
23787,THE LION THEATRE,4,2,2,4,0
23788,THE LIQUOR BOX,16,3,13,11,5
23789,THE LITE,9,3,6,6,3
23790,THE LITTLE BEET TABLE,7,3,4,4,3
23791,THE LITTLE CORNER SNACK SHOP,29,8,21,13,16
23792,THE LITTLE FOLKS DAYCARE,13,7,6,3,10
23793,THE LITTLE FRANCIS MAXWELL STREET POLISH PORKCHOP 51ST ST,2,0,2,2,0
23794,THE LITTLE GREEN TREEHOUSE,23,12,11,10,13
23795,THE LITTLE INDIA,21,5,16,11,10
23796,"THE LITTLE MEATBALL, INC",5,0,5,5,0
23797,THE LITTLE SCHOLARS CLUB,15,8,7,3,12
23798,THE LIVING ROOM CAFE,8,4,4,2,6
23799,THE LOBBY SHOP,4,2,2,2,2
23800,THE LOCAL,12,5,7,5,7
23801,THE LOCAL OPTION TAVERN,10,6,4,3,7
23802,THE LOCAL PIZZERIA,8,0,8,4,4
23803,"THE LODGE TAVERN, INC.",2,1,1,0,2
23804,THE LOEWS CHICAGO,28,9,19,14,14
23805,THE LOFT AT MONTEVERDE,6,0,6,3,3
23806,THE LOFT SPORTS BAR,2,0,2,1,1
23807,THE LOGAN THEATRE,10,4,6,5,5
23808,THE LORALI,8,1,7,4,4
23809,THE LORDS HANDS DAYCARE,9,4,5,6,3
23810,THE LOTUS BLACK,9,2,7,8,1
23811,THE LOVE LEARNING CENTER DAYCARE,17,7,10,5,12
23812,"THE LUNATIC,THE LOVER & THE POET",4,1,3,2,2
23813,THE LUNCH MACHINE INC,5,1,4,4,1
23814,THE LUNCH ROOM,4,2,2,1,3
23815,THE LUTHERAN DAY NURSERY,19,5,14,9,10
23816,THE MACAROON CAFE,3,1,2,2,1
23817,THE MADISON BAR & KITCHEN,10,3,7,7,3
23818,THE MAIN GRILL,5,0,5,4,1
23819,THE MAIN PIZZA,10,2,8,7,3
23820,THE MAP ROOM,4,2,2,3,1
23821,THE MARKET,19,7,12,4,15
23822,THE MARKET BY FOXTROT,54,27,27,34,20
23823,THE MARKET PLACE FOODSTORE,9,6,3,4,5
23824,THE MARMON GRAND,3,0,3,3,0
23825,THE MARQ,13,7,6,3,10
23826,THE MARVEL,5,2,3,2,3
23827,THE MARY MEYER SCHOOL,14,6,8,3,11
23828,THE MAYFIELD  INC,23,10,13,12,11
23829,THE MEATLOAF BAKERY,14,6,8,5,9
23830,THE MECCA RESTAURANT,19,5,14,10,9
23831,THE MEDICI,40,20,20,15,25
23832,"THE MEDITERRANEAN RESTAURANT,INC.",5,1,4,2,3
23833,THE MELTING POT,7,2,5,4,3
23834,THE MEXICAN,3,0,3,3,0
23835,THE MID,2,1,1,1,1
23836,THE MID-AMERICA CLUB,15,4,11,6,9
23837,THE MIDWAY CLUB,12,8,4,3,9
23838,THE MODELO CLUB HOUSE INC,8,3,5,4,4
23839,THE MOMO WORLD,8,0,8,4,4
23840,THE MONARCH,2,0,2,2,0
23841,THE MONKEYS PAW,15,6,9,7,8
23842,THE MONTCLARE SUPPORTIVE LIVING COMMUNITY,11,4,7,7,4
23843,THE MOODY BIBLE INSTITUTE OF CHICAGO,52,22,30,12,40
23844,THE MOONLIGHTER,10,3,7,8,2
23845,THE MOST CONVENIENT MARKET PL.,2,2,0,1,1
23846,THE MOTEL BAR,13,3,10,7,6
23847,THE MOZART,5,0,5,4,1
23848,THE MUKASE RESTAURANT & AFRICA FOODS,7,4,3,5,2
23849,THE MUNCH BOX,3,0,3,3,0
23850,THE MUSEUM OF CONTEMPORARY ART,11,4,7,7,4
23851,THE NATIVE,6,0,6,4,2
23852,THE NEIGHBORHOOD STORE,3,1,2,2,1
23853,THE NEST BAR & EATERY,10,2,8,6,4
23854,THE NEW 113 CLUB,2,1,1,1,1
23855,THE NEW 400,11,2,9,9,2
23856,THE NEW BILLYS FISH AND CHICKEN INC.,2,1,1,0,2
23857,THE NEW CONGRESS PIZZA,5,0,5,3,2
23858,THE NEW DATING GAME,13,1,12,11,2
23859,THE NEW GRACE RESTAURANT,7,2,5,7,0
23860,THE NEW LOOK,21,9,12,9,12
23861,THE NEW MICDUCK'S DRIVE IN INC,12,5,7,4,8
23862,THE NEW PINDOS RESTAURANT,14,5,9,5,9
23863,THE NEW POLK & WESTERN,4,1,3,3,1
23864,THE NEW RANCH STEAK HOUSE,19,8,11,9,10
23865,THE NEW SOME PLACE ELSE LOUNGE,2,1,1,1,1
23866,THE NEW STORE MART INC.,2,0,2,2,0
23867,"THE NEW THREE HAPPINESS, INC",19,5,14,14,5
23868,THE NEW V.O'S PLACE,3,1,2,2,1
23869,THE NEW VALOIS REST INC,29,17,12,12,17
23870,THE NEWPORT CAFE & MINI MART LLC,3,2,1,0,3
23871,THE NEXT GENERATION DAYCARE,12,6,6,4,8
23872,THE NICHOLSON SCHOOL,19,8,11,7,12
23873,THE NIGHT MINISTRY,13,6,7,2,11
23874,THE NILE RESTAURANT,24,9,15,9,15
23875,THE NILE RESTAURANT CORP #2,7,4,3,3,4
23876,THE NOBLE ACADEMY,5,0,5,3,2
23877,THE NOMAD FOOD COMPANY LLC,3,0,3,2,1
23878,THE NONESUCH,6,2,4,3,3
23879,THE NOODLE VIETNAMESE CUISINE,24,14,10,8,16
23880,THE NOOK,13,6,7,4,9
23881,THE NOOK DAYCARE 2,9,4,5,4,5
23882,THE NOOK DAYCARE LEAVITT LLC,8,1,7,4,4
23883,THE NOOK DAYCARE UNITED LLC,8,2,6,4,4
23884,THE NOOK PRESCHOOL STUDIO,2,0,2,2,0
23885,THE NORTHERN TRUST BANK - 5TH FLOOR,5,1,4,2,3
23886,THE NORTHERN TRUST CHILD CARE CENTER,12,5,7,3,9
23887,THE NORTHERN TRUST CHILD DEVELOPMENT CENTER,4,1,3,3,1
23888,THE NORTHMAN,20,5,15,12,8
23889,THE NORTHMAN ON THE RIVER,5,1,4,4,1
23890,THE NORTHSIDE STRETCH,4,1,3,4,0
23891,THE NORWOOD RESTAURANT,15,2,13,8,7
23892,THE NURTURE NOOK,11,5,6,4,7
23893,THE NUTS CASTLE,3,0,3,3,0
23894,THE OAKVILLE,9,4,5,4,5
23895,THE ODYSSEY 11 LOUNGE,2,1,1,1,1
23896,THE OGDEN,27,8,19,16,11
23897,THE OLD PLANK / MR. E'S LATE NIGHT,12,5,7,6,6
23898,THE OPTIMA CHICAGO,2,0,2,2,0
23899,THE ORIGINA GINO'S EAST CHICAGO,18,10,8,9,9
23900,THE ORIGINAL FIVE,3,2,1,1,2
23901,THE ORIGINAL GINO'S EAST,20,5,15,11,9
23902,THE ORIGINAL GINO'S EAST OF CHICAGO,9,6,3,3,6
23903,THE ORIGINAL KABABISH OF LONDON,2,0,2,2,0
23904,THE ORIGINAL M FAST FOOD,2,0,2,1,1
23905,THE ORIGINAL MAMA MIAS,9,4,5,5,4
23906,THE ORIGINAL MAMAMIAS PIZZERIA,7,5,2,1,6
23907,THE ORIGINAL MARGIES MAXWELL STREET,9,2,7,7,2
23908,THE ORIGINAL MARGIES MAXWELL'S,3,1,2,1,2
23909,THE ORIGINAL MAXWELL ST.,12,2,10,6,6
23910,THE ORIGINAL MAXWELL STREET,6,2,4,3,3
23911,THE ORIGINAL MAXWELL STREET & MORE,6,3,3,2,4
23912,"THE ORIGINAL MAXWELL STREET DEVON,LLC",3,1,2,2,1
23913,THE ORIGINAL MAXWELL STREET STATION,3,1,2,1,2
23914,THE ORIGINAL MEATBALL VAULT,4,2,2,2,2
23915,THE ORIGINAL MITCHELL'S,2,0,2,2,0
23916,THE ORIGINAL MK FAST FOOD,9,1,8,6,3
23917,THE ORIGINAL NICKS GYROS,13,8,5,2,11
23918,THE ORIGINAL PANCAKE HOUSE,24,7,17,9,15
23919,"THE ORIGINAL ROMA BEEF & PIZZA, INC",3,2,1,1,2
23920,"THE ORIGINAL ROMA, INC.",11,7,4,4,7
23921,THE ORIGINAL ROYAL CHICKEN,2,0,2,1,1
23922,THE ORIGINAL SALLY'S PANCAKE H,15,4,11,8,7
23923,THE ORIGINAL SCOOPS CHICAGO INC.,14,8,6,3,11
23924,THE ORIGINAL SOUL VEGETARIAN,22,10,12,13,9
23925,THE ORIGINAL STEAK & BEEF,5,1,4,3,2
23926,THE ORIGINAL UNCLE JOHNS BARBECUE,3,1,2,1,2
23927,THE P BERRY CAFE,3,0,3,2,1
23928,THE PANINI REPUBLIC,6,2,4,4,2
23929,THE PARAMOS' GRILL,3,1,2,2,1
23930,THE PARK GRILL,22,9,13,11,11
23931,THE PARK SUPPER CLUB,5,2,3,5,0
23932,THE PARROT CAGE,18,8,10,10,8
23933,THE PARTHENON RESTAURANT INC,19,8,11,8,11
23934,THE PARTY ROOM,9,2,7,5,4
23935,THE PASTA BOWL,28,9,19,15,13
23936,THE PASTA BOWL COMPANY,27,11,16,12,15
23937,THE PEASANTRY,13,2,11,8,5
23938,THE PECOCK CAFE,2,0,2,1,1
23939,THE PEEK INN,2,1,1,1,1
23940,THE PENTHOUSE HYDE PARK,8,1,7,6,2
23941,THE PEPPER CANISTER,12,2,10,5,7
23942,THE PEPPER KITCHEN INC,2,0,2,2,0
23943,THE PERCH KITCHEN & TAP,5,1,4,3,2
23944,THE PERFECT CUP INC,11,6,5,5,6
23945,THE PERFECT JERK,4,1,3,3,1
23946,THE PHARAOHS INC,2,0,2,2,0
23947,THE PHOENIX,5,1,4,3,2
23948,THE PICNIC BASKET,4,3,1,2,2
23949,THE PIGGERY,18,4,14,9,9
23950,THE PIT STOP,5,1,4,3,2
23951,THE PITA KING,3,1,2,2,1
23952,THE PITA PIT,9,6,3,4,5
23953,THE PITA POCKET,3,1,2,1,2
23954,THE PIZZA CORNER,16,5,11,12,4
23955,THE PLAY PIN,10,2,8,7,3
23956,THE PLAY ROOM,6,1,5,3,3
23957,THE PLAYERS CLUB,3,1,2,2,1
23958,THE PLAZA CAFE,10,4,6,5,5
23959,THE PLITT COMPANY,3,2,1,2,1
23960,THE POINT,9,3,6,5,4
23961,THE POLENTA BAR,2,2,0,0,2
23962,THE POLO INN BRIDGEPORT USA,11,6,5,6,5
23963,THE PONY INN,23,6,17,12,11
23964,THE POPCORN ASYLUM,7,2,5,3,4
23965,THE POPCORN BOX,4,0,4,3,1
23966,THE PORTAGE,17,6,11,7,10
23967,THE POWELL BRANCH,2,1,1,1,1
23968,THE POWERHOUSE RESTAURANT CO.,3,0,3,3,0
23969,THE PRESS ROOM,12,2,10,8,4
23970,THE PREVIOUS ADMINISTRATION,8,4,4,5,3
23971,THE PREVIOUS ADMINISTRATION CO,3,2,1,2,1
23972,THE PRIORY BAR AND KITCHEN,12,3,9,9,3
23973,THE PRIVATEBANK PITCH,2,0,2,1,1
23974,THE PRODUCE CENTER,17,6,11,5,12
23975,THE PROMONTORY,15,4,11,11,4
23976,THE PUBLIC HOUSE THEATRE,2,1,1,1,1
23977,THE PUBLICAN,23,10,13,10,13
23978,THE PULLMAN CAFE,2,0,2,1,1
23979,THE PUMPING CO INC,19,5,14,10,9
23980,THE PURPLE COW,7,1,6,5,2
23981,THE PURPLE PIG,13,5,8,8,5
23982,THE QUADRANGLE CLUB,12,7,5,3,9
23983,THE QUARRY EVENT CENTER,11,3,8,5,6
23984,THE QUARRY EVENT CENTER/GEODE RESTAURANT,12,3,9,7,5
23985,THE QUEEN MARY,15,5,10,7,8
23986,THE RACQUET CLUB OF CHICAGO,15,4,11,9,6
23987,THE RADLER,16,4,12,9,7
23988,THE RAIL BAR & GRILL,15,5,10,7,8
23989,THE RAMBLER KITCHEN + TAP,7,2,5,3,4
23990,THE REALREAL,2,0,2,0,2
23991,THE RED CANARY,10,4,6,7,3
23992,THE RED LION LINCOLN SQUARE,19,7,12,10,9
23993,THE RED LION PUB AND GRILLE,2,1,1,1,1
23994,THE REDHEAD PIANO BAR,6,2,4,5,1
23995,THE REGION HANDCRAFTED HAMBURGERS,9,3,6,4,5
23996,"THE RENAISSANCE AT 87TH STREET, INC.",6,4,2,1,5
23997,THE RENAISSANCE AT MIDWAY,15,5,10,9,6
23998,THE RENAISSANCE AT SOUTH SHORE,7,4,3,3,4
23999,THE REVELER,10,2,8,9,1
24000,THE REVIVAL,4,1,3,3,1
24001,THE RIM SEAFOOD,5,2,3,4,1
24002,THE RINK,8,6,2,4,4
24003,THE RITZ CARLTON HOTEL,2,0,2,2,0
24004,THE RIVER OF CHICAGO,7,1,6,5,2
24005,THE RIVER WALK AT KENDALL,14,8,6,7,7
24006,THE ROBEY,10,6,4,3,7
24007,"THE ROOF CROP, LLC",2,1,1,1,1
24008,THE ROOKERY,22,6,16,13,9
24009,THE ROOST,35,14,21,15,20
24010,THE ROOST CAROLINA KITCHEN,11,4,7,6,5
24011,THE ROSELAND MARKET,3,2,1,2,1
24012,THE ROW TAVERN,2,2,0,2,0
24013,THE RUSTY ARMADILLO GRILL & CANTINA,9,3,6,6,3
24014,THE SALA PAO SHOP,3,0,3,3,0
24015,THE SALOON LTD,6,1,5,1,5
24016,THE SALSA TRUCK,5,1,4,3,2
24017,THE SALVATION ARMY,17,7,10,7,10
24018,THE SALVATION ARMY HEAD START,6,1,5,3,3
24019,THE SALVATION ARMY MARANATHA HEAD START PROGRAM,3,1,2,1,2
24020,THE SALVATION ARMY SIMPSON EARLY HEADSTART,3,1,2,2,1
24021,THE SALVATION ARMY SIMPSON HEAD START,14,7,7,5,9
24022,THE SALVATION ARMY/KROC CENTER,2,1,1,2,0
24023,THE SAN-WICH,2,1,1,2,0
24024,THE SANDWICH BREAK,11,6,5,2,9
24025,THE SANDWICH COFFEE SHOP,2,0,2,0,2
24026,THE SATELLITE CAFE,9,1,8,6,3
24027,THE SAVOY,6,4,2,3,3
24028,THE SCOUT,18,10,8,8,10
24029,THE SECOND CITY,18,7,11,8,10
24030,THE SEDGWICK,2,0,2,2,0
24031,THE SEDGWICK STOP,9,2,7,6,3
24032,THE SELFHELP HOME,14,1,13,5,9
24033,THE SHAMROCK CLUB,11,5,6,4,7
24034,THE SHRIMP SHACK,20,5,15,8,12
24035,THE SILVER PALM RESTAURANT,25,9,16,17,8
24036,THE SILVERSMITH HOTEL & SUITES,24,9,15,13,11
24037,THE SIP GOURMET COFFEE HOUSE,12,6,6,3,9
24038,THE SIT DOWN,16,9,7,5,11
24039,THE SKY - LINE CLUB,18,6,12,7,11
24040,THE SLAB,3,3,0,2,1
24041,THE SLAB BAR-B-QUE LLC,16,7,9,9,7
24042,THE SLICE SHOP,4,2,2,2,2
24043,THE SLIDE RIDE,11,5,6,7,4
24044,THE SMITH,9,4,5,6,3
24045,THE SOCIAL TABLE,8,3,5,3,5
24046,THE SOCIETY FOR THE DANISH OLD PEOPLE'S HOME,14,6,8,4,10
24047,THE SOLE INGREDIENT CATERING LLC,2,1,1,0,2
24048,THE SOUL CAFE,6,1,5,5,1
24049,THE SOUL FOOD HUT,4,0,4,3,1
24050,THE SOUL FOOD LOUNGE,3,1,2,1,2
24051,THE SOUL FOOD LOUNGE 2,2,0,2,1,1
24052,THE SOUL SHACK,11,2,9,7,4
24053,THE SOUTHERN,18,8,10,8,10
24054,THE SOUTHERN MAC & CHEESE STOR,2,0,2,1,1
24055,THE SPANISH SQUARE,9,3,6,2,7
24056,THE SPICE HOUSE,7,4,3,2,5
24057,THE SPICE ROOM,10,3,7,6,4
24058,THE SPIRIT OF CHICAGO,16,6,10,7,9
24059,THE SPOKE & BIRD BAKEHOUSE,7,3,4,2,5
24060,THE SPOKE AND BIRD,13,9,4,4,9
24061,THE SPOT,8,1,7,5,3
24062,THE SPOT CONVENIENT,2,1,1,1,1
24063,THE SPOT SOCIAL HOUR,2,1,1,1,1
24064,THE SQUARED CIRCLE,12,4,8,8,4
24065,THE STANDARD CLUB,15,3,12,8,7
24066,THE STEAK ESCAPE,9,6,3,2,7
24067,THE STEAK OUT,3,0,3,2,1
24068,"THE STOCKYARD COFFEEHOUSE, LLC",9,3,6,3,6
24069,THE STOP CONVENIENCE STORE,4,1,3,2,2
24070,THE STOP NUTRITION,2,1,1,2,0
24071,THE STOPALONG,6,3,3,2,4
24072,THE STOPALONG AT BOILER ROOM,3,2,1,0,3
24073,THE STORE,4,1,3,3,1
24074,THE STORE FRONT,18,5,13,11,7
24075,THE STRETCH BAR AND GRILL,12,4,8,8,4
24076,THE STUDY AT UNIVERSITY OF CHICAGO/TRUTH BE TOLD,6,2,4,3,3
24077,THE SUBMARINE PIER,18,7,11,9,9
24078,THE SUBMARINE PIER INC.,16,8,8,4,12
24079,THE SUNDAE STOP,7,1,6,6,1
24080,THE SUTTON PLACE HOTEL,4,0,4,1,3
24081,THE SWEDEN SHOP LLC,2,0,2,0,2
24082,THE TACO H,3,0,3,2,1
24083,THE TACO SPOT,8,3,5,6,2
24084,THE TALBOTT HOTEL,19,8,11,9,10
24085,THE TAMALE LADY,4,2,2,4,0
24086,THE TAMALE SPACESHIP,19,3,16,9,10
24087,THE TASTE OF NEW ORLEANS,3,2,1,2,1
24088,THE TASTING ROOM,7,3,4,1,6
24089,THE TASTY BEEF AND MORE,6,0,6,5,1
24090,THE TEA POST,2,1,1,2,0
24091,THE TEA SPOT INC.,4,3,1,3,1
24092,THE TEMPLE BAR,14,6,8,6,8
24093,THE THAI GRILL,21,7,14,11,10
24094,THE TIN LIZZIE,20,2,18,12,8
24095,THE TOUCH OF EUROPE,11,2,9,8,3
24096,THE TOWER CLUB,4,2,2,2,2
24097,"THE TRAILS SCHOOL, INC",8,3,5,0,8
24098,THE TWIST,5,3,2,3,2
24099,THE TWISTED BAKER,8,3,5,3,5
24100,THE TWISTED VINE,3,1,2,1,2
24101,THE TWO LIONS PUB & GRILL INC.,5,2,3,1,4
24102,THE UNDERSTUDY COFFEE AND BOOKS,2,1,1,1,1
24103,THE UNIT,18,6,12,13,5
24104,THE UNITED CENTER,53,43,10,1,52
24105,THE UNIVERSITY CHILDCARE OF CHICAGO,5,3,2,1,4
24106,THE UNIVERSITY OF  CHICAGO  SAIEH HALL,5,2,3,1,4
24107,THE UNIVERSITY OF CHICAGO,22,9,13,6,16
24108,THE UNIVERSITY OF CHICAGO BAKER DINING COMMONS,9,4,5,2,7
24109,THE UNIVERSITY OF CHICAGO COMER CHILDREN'S HOSPITA,5,2,3,2,3
24110,THE UNIVERSITY OF CHICAGO COURT THEATRE,5,3,2,2,3
24111,THE UNIVERSITY OF CHICAGO MEDICAL CENTER,13,3,10,6,7
24112,THE UPTOWNER CAFE,4,3,1,2,2
24113,THE VAULT CAFE,11,1,10,5,6
24114,THE VEGGIE GRILL,14,6,8,9,5
24115,"THE VEGGIE GRILL, INC",9,3,6,7,2
24116,THE VIG CHICAGO,20,7,13,9,11
24117,THE VILLA AT WINDSOR PARK NURSING AND REHAB CENTER,16,6,10,7,9
24118,"THE VILLAGE TAP, INC.",18,9,9,9,9
24119,THE WALKOSZ INN,2,0,2,2,0
24120,THE WALLACE INSTITUTE INC,2,0,2,2,0
24121,THE WARBLER CHICAGO,16,4,12,10,6
24122,THE WAREHOUSE,22,8,14,7,15
24123,THE WATERFORD A NURSING & REHABILITATION CENTRE,14,5,9,8,6
24124,THE WATERFORD CARE CENTER,4,1,3,1,3
24125,THE WATERFRONT CAFE,18,8,10,8,10
24126,THE WATERHOLE LOUNGE,5,1,4,2,3
24127,THE WAY OF TRUTH BAPTIST CHURCH,2,1,1,1,1
24128,THE WEINER'S CIRCLE,23,7,16,15,8
24129,THE WELCOME BACK LOUNGE,8,4,4,5,3
24130,THE WESTIN MICHIGAN  AVENUE,4,3,1,0,4
24131,THE WESTIN MICHIGAN AVENUE,35,18,17,6,29
24132,THE WESTMINSTER HOT DOG,7,3,4,3,4
24133,THE WHALE CHICAGO,8,2,6,2,6
24134,THE WHEEL HOUSE WRIGLEYVILLE,3,2,1,1,2
24135,THE WHISKEY BAR & GRILL,3,1,2,2,1
24136,THE WILLOWS HOTEL,11,5,6,6,5
24137,THE WINCHESTER,12,3,9,7,5
24138,THE WINDSOR,23,8,15,13,10
24139,THE WINE HUNTRESS,2,1,1,1,1
24140,THE WING FULTON,5,0,5,3,2
24141,THE WIP THEATER,5,3,2,4,1
24142,THE WIT,51,27,24,8,43
24143,THE WOMEN'S TREATMENT CENTER,5,3,2,1,4
24144,THE WOMEN'S TREATMENT CNTR-DAY,16,8,8,3,13
24145,THE WOODLAWN,9,3,6,5,4
24146,THE WOODLAWN ORGANIZATION,6,1,5,3,3
24147,THE WOODLAWN TAP,10,4,6,5,5
24148,THE WORKS NORTH LOOP INC,7,2,5,3,4
24149,THE WORKS OFF VAN BUREN,6,1,5,3,3
24150,"THE WORKS ON FRANKLIN, INC.",3,0,3,2,1
24151,THE WORLD IS YOUR'S CHILD CARE & LEARNING CENTER INC.,16,5,11,10,6
24152,THE WORM HOLE,10,2,8,6,4
24153,THE WRAP BAR,10,3,7,5,5
24154,THE YMCA EARLY LEARNING DEMONSTRATION CENTER,9,3,6,4,5
24155,THEATER ON THE LAKE/THE LAKEFRONT RESTAURANT,8,4,4,3,5
24156,THEE ASIAN RESTAURANT,20,6,14,12,8
24157,THEME HOUSE,4,1,3,3,1
24158,THEODORE HERZL ELEMENTARY SCHOOL,26,14,12,13,13
24159,THEODORE HERZL ELEMENTARY SCHOOL/CPC,17,7,10,6,11
24160,THEODORE ROOSEVELT HIGH SCHOOL,24,8,16,11,13
24161,THEOHARIS COFFEE COMPANY,3,2,1,2,1
24162,THEORY DOGS,3,2,1,0,3
24163,THEORY SPORT.DINE.LOUNGE,6,2,4,3,3
24164,THEORY SPORTS DIV LOUNGE,17,8,9,6,11
24165,THERESA GROCERY,2,1,1,1,1
24166,THESE WINGZ? INC.,2,0,2,2,0
24167,THESPOTT INC.,4,0,4,3,1
24168,THIAGO'S RESTAURANT,6,1,5,5,1
24169,THINK SIMPLE FOODS,2,1,1,1,1
24170,THIRD RAIL TAVERN,20,6,14,13,7
24171,"THIRD WAVE COFFEE HOUSE AND ROASTERS,LLC",3,1,2,3,0
24172,THIRD WORLD CAFE,3,1,2,1,2
24173,THIRTY TWO FIFTY ONE WEST DIV,3,0,3,2,1
24174,THIRTY3,13,6,7,6,7
24175,THIS LITTLE GOAT,3,2,1,1,2
24176,THOMAS COFFEE SHOP,37,19,18,18,19
24177,"THOMAS FOOD & DOLLAR PLUS, INC",2,1,1,1,1
24178,THOMAS HOYNE ELEMENTARY,20,10,10,6,14
24179,THOMAS ORIGNAL SOUL FOOD,3,1,2,3,0
24180,THOMPSON CHICAGO,6,1,5,2,4
24181,THOMPSON CHICAGO HOTEL,10,3,7,10,0
24182,THOMPSON HOSPITALITY SERVICES,4,2,2,1,3
24183,THONG THAI RESTAURANT,9,6,3,1,8
24184,THOREK COMMUNITY RETIREMENT,3,1,2,1,2
24185,THOREK MEMORIAL HOSPITAL,34,15,19,15,19
24186,THOREK MEMORIAL HOSPITAL - ANDERSONVILLE,5,2,3,0,5
24187,THORNDALE MART INC,2,2,0,1,1
24188,THORNDALE WEST CAFE #1 INC.,20,8,12,11,9
24189,THORNTONS #322,8,3,5,5,3
24190,THORP ELEM/LEARN CHARTER,28,7,21,15,13
24191,THREE ASSES,4,4,0,2,2
24192,THREE B FOODS,10,6,4,2,8
24193,THREE BROTHER,3,0,3,2,1
24194,THREE BROTHERS,5,1,4,3,2
24195,THREE BROTHERS FOOD & LIQUOR,3,1,2,2,1
24196,"THREE BROTHERS FOOD MARKET, INC",9,6,3,4,5
24197,THREE BROTHERS FOOD MART,4,1,3,2,2
24198,THREE BROTHERS FOOD MART #2,10,3,7,4,6
24199,THREE BROTHERS GROCERY,3,1,2,2,1
24200,THREE BROTHERS LIQUOR,2,0,2,1,1
24201,THREE CHEFS RESTURANT,14,7,7,5,9
24202,THREE D,18,5,13,10,8
24203,THREE DOTS AND A DASH,16,6,10,8,8
24204,THREE FOOD MART,3,1,2,2,1
24205,"THREE FOOD MART, INC.",2,1,1,1,1
24206,THREE G'S GRILL,3,1,2,2,1
24207,THREE HAPPINESS RESTAURANT,44,15,29,20,24
24208,THREE HARMONY CHINESE RESTAURANT,5,0,5,4,1
24209,THREE HARMONY RESTAURANT,15,5,10,9,6
24210,THREE HOUSE,8,1,7,6,2
24211,THREE J'S BBQ & RESTAURANT,16,12,4,4,12
24212,THREE LEGGED TACOS,7,2,5,6,1
24213,THREE PEAS ART LOUNGE,3,0,3,1,2
24214,THREE R FOOD,18,8,10,9,9
24215,THREE RICHWELLS GROUP LLC,6,0,6,4,2
24216,"THREE ROOSTERS, INC",11,4,7,5,6
24217,THREE SISTERS DELI,6,3,3,4,2
24218,"THREE SONS RESTAURANT, INC.",15,9,6,5,10
24219,"THREE STARS FOOD MARKET, INC.",8,2,6,6,2
24220,"THREE STOOGES FOOD MART, INC",4,1,3,3,1
24221,THREE WHEELS NOODLE,5,1,4,1,4
24222,THRESHOLD SCHOOL,14,8,6,3,11
24223,THRESHOLDS,18,6,12,7,11
24224,THRIFTY FOOD,4,2,2,2,2
24225,THRIVE 360 EATERY,5,3,2,2,3
24226,THROOP FOOD INC,3,1,2,1,2
24227,THROOP FOOD MART,2,1,1,0,2
24228,THUNDERBIRD - ARROYO,4,3,1,2,2
24229,THUNDERBIRD CATERING,38,15,23,13,25
24230,THUNDERBIRD CATERING CO,15,3,12,3,12
24231,THUNDERBIRD CATERING CO.,3,2,1,1,2
24232,THUNDERBIRD CATERNIG CO,2,1,1,0,2
24233,THUNDERBIRD-ARROYO,2,1,1,0,2
24234,THUNDERBOLT,2,1,1,1,1
24235,THURGOOD MARSHALL MIDDLE SCHOOL,17,11,6,3,14
24236,THYSSON CORPORATION,3,1,2,2,1
24237,TIAGO'S CAFE,8,1,7,4,4
24238,TIANGUIS FRESH FOODS,7,2,5,5,2
24239,"TIBA RESTAURANT, INC.",16,3,13,7,9
24240,TICKIE'S,2,1,1,1,1
24241,TIEN GIANG RESTAURANT,2,0,2,1,1
24242,TIENDITA ALEX,5,1,4,1,4
24243,TIENDITA GUTIERREZ,3,1,2,2,1
24244,TIENTSIN RESTAURANT,6,0,6,3,3
24245,TIERRA CALIENTE INC,18,5,13,11,7
24246,TIERRA CALIENTE MARKET,8,2,6,5,3
24247,TIERRA CALIENTE MARKET #2,9,3,6,3,6
24248,TIERRA ENCANTADA INC,4,2,2,1,3
24249,TIERRA MAR,11,3,8,7,4
24250,TIERRA MEXICANA,5,3,2,3,2
24251,TIFFANY EVENT CATERING,2,1,1,1,1
24252,TIFFANY'S NUTRITION CLUB,3,1,2,2,1
24253,TIFFANYS,5,0,5,4,1
24254,TIFFIN,23,9,14,12,11
24255,TIGER CEVICHE,3,1,2,2,1
24256,TIGER FOOD MARKET,6,2,4,4,2
24257,TIGER SUGAR,5,1,4,3,2
24258,"TIGHT FIVE PRODUCTIONS, NFP",4,3,1,2,2
24259,TIK TOK FALAFEL,5,2,3,4,1
24260,TIKAL SABOR CHAPIN,5,2,3,3,2
24261,TIKKA N CURRY,4,2,2,2,2
24262,TIKKAWALA,2,2,0,1,1
24263,TILL,28,16,12,10,18
24264,TILLI'S RESTAURANT,3,1,2,2,1
24265,TILLY BAGEL SHOP,3,1,2,2,1
24266,TILTED KILT PUB & EATERY,14,6,8,6,8
24267,TIM TIM EXPRESS GRILL,4,2,2,4,0
24268,TIM'S 4 WHEEL GRUB,2,0,2,1,1
24269,TIM'S FRIED RICE,4,2,2,1,3
24270,TIM-TIMS HALAL GRILL,4,3,1,0,4
24271,TIMA MARKET,2,0,2,2,0
24272,TIME MACHINE JUICE CO,7,1,6,5,2
24273,TIME OUT MARKET,11,4,7,9,2
24274,TIMEZSQUARE,6,0,6,5,1
24275,TIMOTHY O'TOOLE'S,22,8,14,10,12
24276,TIN  WHISTLE,5,2,3,3,2
24277,TIN ROOF,2,0,2,2,0
24278,TINA'S,11,5,6,5,6
24279,TINA'S HOT DOG INC,5,3,2,2,3
24280,TINA'S ITALIAN ICE,8,5,3,5,3
24281,TINA'S TINY TOES ACADEMY INC.,5,4,1,4,1
24282,TINAJON RESTAURANT,7,3,4,4,3
24283,TINKER BELL ACADEMY II,4,0,4,2,2
24284,TINKERBELL ACADEMY 1,4,2,2,2,2
24285,TINTO & TAPAS,4,1,3,1,3
24286,TINY,11,1,10,4,7
24287,TINY  TOT DAYCARE,3,2,1,2,1
24288,TINY CAKES,2,1,1,1,1
24289,TINY CUBS LLC,2,2,0,1,1
24290,TINY GIANTS EARLY LEARNING CENTER,25,9,16,6,19
24291,TINY GIANTS EARLY LEARNING CENTER BY LAKE SHORE SC,10,5,5,2,8
24292,TINY HATT,5,2,3,3,2
24293,"TINY SCHOLARS ACADEMY, INC.",3,0,3,2,1
24294,"TINY SCHOLARS ACADEMY,INC.",9,4,5,3,6
24295,TINY TAPP,6,4,2,3,3
24296,TINY TAVERN,11,2,9,3,8
24297,TINY TOT DAYCARE,9,3,6,4,5
24298,"TINY TOT DAYCARE AND LEARNING CENTER, LTD.",5,1,4,1,4
24299,TINY TOTS ACADEMY 3,5,1,4,3,2
24300,TINY TOTS ACADEMY INC,11,5,6,7,4
24301,TINY TOTS ACADEMY INC. 2,7,3,4,3,4
24302,TINY TOTS ACADEMY INC. 4,3,1,2,0,3
24303,TINY TOTS INCORPORATED,5,2,3,3,2
24304,TINY TOTS UNIVERSITY,5,2,3,4,1
24305,TINY TOTS VILLA INC,6,2,4,3,3
24306,"TINY TOWN FOR TOTS,INC",3,2,1,0,3
24307,TIO LUIS TACOS AND CAFE,14,8,6,6,8
24308,TIO LUIS TACOS INC.,15,8,7,8,7
24309,TIOS TAMALES & CATERING,3,0,3,2,1
24310,"TIPAROS THAI RESTAURANT , INC.",22,8,14,12,10
24311,TIPICO CHICKEN,2,0,2,1,1
24312,TIPPY TOT DAYCARE,6,3,3,3,3
24313,"TIPPY TOT DAYCARE CENTER, INC.",12,3,9,4,8
24314,TIPSY CAKES AND MORE,4,2,2,2,2
24315,TIPSY SPACE,3,0,3,3,0
24316,TIPSYCAKE,9,1,8,5,4
24317,TISCOAF,3,0,3,2,1
24318,TITA'S DOGS,2,1,1,2,0
24319,"TITA'S SOMBRERO RESTAURANT, INC.",6,4,2,1,5
24320,TITI FOOD MART INC,2,0,2,1,1
24321,TITOS RESTAURANT,5,0,5,3,2
24322,TITTO QUICK STOP FOOD STORE,3,0,3,2,1
24323,TIWALADE VEGAN FOODS,2,0,2,0,2
24324,TIXTECO MEXICAN RESTAURANT,7,3,4,2,5
24325,TIZTAL CAFE INC.,21,5,16,7,14
24326,"TJ CUFFEY'S CARRYOUT CATERING, INC.",2,0,2,2,0
24327,TJ JAMAICAN JERK CHICKEN & AFRICAN CUISINE,6,2,4,4,2
24328,TJ MARKET,2,0,2,1,1
24329,TJ'S WINGS FISH - SUBS,2,0,2,2,0
24330,TJAM KITCHEN,6,2,4,5,1
24331,"TJP SERVICES, LLC",2,1,1,2,0
24332,TKVD/KARLAS KITCHEN,4,2,2,2,2
24333,TLAHCO GRILL CORPORATION,3,0,3,3,0
24334,"TLAYUDAS OAXACA GRILL 1, CORP",5,1,4,3,2
24335,"TLAYUDAS OAXACA GRILL,INC",8,3,5,7,1
24336,"TNG ENTERPRISES, INC",3,1,2,2,1
24337,TNT,2,0,2,0,2
24338,TNT PIZZA & BEEF,19,7,12,6,13
24339,TNT RESTAURANT,5,1,4,3,2
24340,TO BE SERVED,2,1,1,1,1
24341,TO DINE FOR - THAI BISTRO,10,2,8,9,1
24342,TO YOUR HEALTH WITH LOVE,2,1,1,1,1
24343,TO'S SOUL GRILL LLC,5,1,4,3,2
24344,TOA TEA,4,1,3,3,1
24345,TOAST,30,17,13,11,19
24346,TOAST IT,5,0,5,2,3
24347,TOBACCO CITY,2,1,1,1,1
24348,TOBACCO ROAD,3,0,3,3,0
24349,TOCCO,26,8,18,12,14
24350,TOCCO RESTAURANT,22,8,14,10,12
24351,TODAY'S TEMPTATIONS INC.,6,2,4,4,2
24352,TODD APPEL BAR AND COCKTAIL,6,2,4,4,2
24353,TODDLER TOWN DAY CARE TOO,13,7,6,3,10
24354,TOFI FOOD MARKET INC,3,1,2,2,1
24355,TOKYO 21,5,0,5,4,1
24356,TOKYO EATS USA,2,1,1,1,1
24357,TOKYO LUNCH BOX,5,1,4,2,3
24358,TOKYO LUNCH BOX AND SAKE BAR,18,7,11,6,12
24359,TOKYO LUNCH BOXES & CATERING,77,29,48,30,47
24360,TOKYO MARINA,10,3,7,6,4
24361,TOLEDO RESTAURANT,7,1,6,6,1
24362,"TOLOTZIN MEXICAN CUISINE,LLC",17,6,11,10,7
24363,TOM & JERRYS,4,1,3,2,2
24364,TOM AND JERRY FAST FOOD,8,6,2,3,5
24365,TOM AND JERRY'S,9,2,7,8,1
24366,TOM LEE'S CHOP SUEY,20,8,12,7,13
24367,TOM SUPERMARKET INC.,3,0,3,2,1
24368,"TOM YUM RICE & NOODLE, INC.",14,6,8,9,5
24369,TOM'S BISTRO 750,7,2,5,4,3
24370,TOM'S FOOD MART,2,0,2,1,1
24371,TOM'S PLACE BACK OF THE YARDS LLC,6,3,3,2,4
24372,TOM'S RESTAURANT,7,3,4,5,2
24373,TOMAS COFFEE SHOP,2,1,1,2,0
24374,TOMATILLO TACO-VILLE LLC,4,0,4,3,1
24375,TOMATO HEAD,19,12,7,9,10
24376,TOMI,2,0,2,2,0
24377,TOMMY FOOD SERVICE,3,1,2,2,1
24378,TOMMY GUN'S GARAGE,12,5,7,5,7
24379,TOMMY O,2,2,0,1,1
24380,TOMMY WEST SIDE FOOD MART,5,4,1,4,1
24381,TOMMY'S GUITARS & CAFE,2,1,1,1,1
24382,TOMMY'S ON GRAND,13,2,11,6,7
24383,TOMMY'S ON HIGGINS,17,6,11,10,7
24384,TOMMY'S RESTAURANT,13,6,7,3,10
24385,TOMS SHOES,5,4,1,2,3
24386,TONALAPA MINI MART,3,1,2,2,1
24387,TONG'S RESTAURANT INC,3,1,2,1,2
24388,TONI PATTISERIE,19,7,12,10,9
24389,TONI'S PIZZA AND PASTA,6,2,4,2,4
24390,TONIC ROOM,7,3,4,4,3
24391,TONNY'S FOOD MARKET INC.,2,0,2,1,1
24392,TONO TACOS,2,0,2,1,1
24393,"TONO TACOS, INC",4,2,2,2,2
24394,"TONO TACOS, INC.",12,6,6,6,6
24395,TONTI ELEMENTARY,18,7,11,4,14
24396,TONY  & BRUNO'S CAFE ITALIANO,16,8,8,5,11
24397,TONY AND MILLIES ITALIAN ICE BAR,8,3,5,5,3
24398,TONY FREEZ,2,1,1,2,0
24399,TONY STOP AND SAVE,12,2,10,7,5
24400,TONY'S BEEF & SUB,12,4,8,6,6
24401,"TONY'S BURRITO MEX, INC",19,13,6,6,13
24402,"TONY'S CARRYOUT, INC.",19,12,7,4,15
24403,TONY'S CHINESE FOOD,6,2,4,4,2
24404,TONY'S FAST FOOD,2,0,2,1,1
24405,TONY'S FINER FOODS,21,7,14,13,8
24406,"TONY'S FINER FOODS ENTERPRISES, INC.",112,55,57,37,75
24407,TONY'S FOOD PANTRY,2,0,2,1,1
24408,TONY'S FREEZ,2,1,1,1,1
24409,TONY'S FREEZE,4,3,1,2,2
24410,TONY'S FRESH MARKET,26,11,15,13,13
24411,TONY'S ITALIAN BEEF,22,6,16,8,14
24412,TONY'S ITALIAN DELI,14,5,9,4,10
24413,TONY'S KITCHEN #2 INC.,7,2,5,4,3
24414,TONY'S KITCHEN & CO.,2,0,2,1,1
24415,TONY'S KITCHEN INC,10,6,4,2,8
24416,TONY'S MI TORTILLA,4,0,4,3,1
24417,TONY'S MICHOACANA,4,2,2,3,1
24418,TONY'S MOBIL,2,1,1,1,1
24419,TONY'S QUICK FOOD MART,4,3,1,3,1
24420,TONY'S STEAK & LEMONADE SHRIMP MAX FISH & CHICKEN,15,2,13,13,2
24421,TONY'S STEAK & WING,14,5,9,7,7
24422,TONY'S STEAK & WINGS,7,4,3,1,6
24423,TONY'S SUB,8,4,4,4,4
24424,TONY'S TACOS,2,1,1,1,1
24425,"TONY'S TACOS AND BURGERS,INC.",5,2,3,2,3
24426,"TONY'S TAMALES, LLC",3,1,2,1,2
24427,"TONY,S CHINESE & AMERICAN RESTAURANT",5,3,2,2,3
24428,TONYS CHINESE AMERICAN RESTAURANT,5,3,2,1,4
24429,TONYS DOLLAR STORE,3,0,3,2,1
24430,TONYS HOAGIES,8,1,7,6,2
24431,TONYS MINI MART,3,0,3,2,1
24432,TONYS PANTRY MART INC.,16,4,12,10,6
24433,TOOJA FOOD MART,2,0,2,1,1
24434,TOOLUS FAST FOOD,5,1,4,4,1
24435,TOON'S BAR & GRILL,20,9,11,7,13
24436,TOP BUTCHER,4,2,2,2,2
24437,TOP CAFE CUSINE,4,1,3,3,1
24438,TOP CHOICE BBQ RESTAURANT,3,1,2,2,1
24439,TOP DOG,15,6,9,7,8
24440,TOP DOG II,14,3,11,11,3
24441,"TOP FOOD MART, INC",4,1,3,3,1
24442,TOP GROCERY #2,4,1,3,3,1
24443,TOP GROCERY J & R FOOD,2,0,2,2,0
24444,TOP LESS LIQUOR INC,2,1,1,1,1
24445,TOP VIEW RESTAURANT,21,10,11,8,13
24446,TOP-LESS LIQOURS,2,1,1,1,1
24447,TOP-NOTCH BEEFBURGER INC,19,10,9,4,15
24448,TOPIC,2,1,1,1,1
24449,TOPO GIGIO RISTORANTE,22,12,10,10,12
24450,TOPPER'S PIZZA,3,2,1,2,1
24451,TOPPERS BEEF & DAWGS,2,0,2,1,1
24452,TOPPERS PIZZA,35,10,25,25,10
24453,TORCHIO,10,2,8,4,6
24454,TORES ITALIAN BEEF,2,0,2,1,1
24455,"TORO ASIAN BUFFET, INC.",2,1,1,1,1
24456,TORO JAPANESE RESTAURANT INC,11,4,7,8,3
24457,"TORO SUSHI EXPRESS, INC.",3,2,1,1,2
24458,TORO SUSHI INC.,15,3,12,11,4
24459,TOROS #1 LLC,2,1,1,1,1
24460,TORRENCE BOWL,12,4,8,7,5
24461,TORRENCE BP,2,1,1,0,2
24462,TORRES GROCERY STORE,2,2,0,1,1
24463,TORRES RESTAURANT GROUP,5,3,2,3,2
24464,TORTA HAUS,5,0,5,4,1
24465,TORTA'S TACOS,4,2,2,2,2
24466,TORTAS FRONTERA,25,8,17,13,12
24467,TORTAS FUTBOLERAS,2,0,2,2,0
24468,TORTAS ZURITA LLC,10,5,5,8,2
24469,TORTAZO WILLIS,7,1,6,3,4
24470,TORTELLO,7,2,5,5,2
24471,TORTERIA LAS FUTBOLERAS,7,3,4,2,5
24472,TORTERIA SAN LENCHITO INC.,11,2,9,4,7
24473,TORTILLA DE ORO MEXICAN RESTAURANT INC.,2,1,1,1,1
24474,TORTILLA SOUP,7,3,4,2,5
24475,TORTILLAS Y RESTORANTE LOS GAMAS,4,1,3,1,3
24476,"TORTILLERIA ATOTONILCO, INC",13,6,7,5,8
24477,TORTILLERIA EL MOLINO,2,1,1,2,0
24478,TORTILLERIA EL REY INC,5,3,2,2,3
24479,TORTOISE CLUB,20,7,13,7,13
24480,TORTORICE'S PIZZA,12,6,6,6,6
24481,TORTORICES,20,7,13,7,13
24482,TORTORICES PIZZA,4,1,3,3,1
24483,TOSCANA,16,7,9,8,8
24484,TOSCANA BALKAN CUISINE,2,1,1,0,2
24485,TOSCANA CAFE,4,1,3,3,1
24486,TOSS IT UP,4,1,3,3,1
24487,TOSTINI,7,3,4,4,3
24488,TOT EXPRESS LEARNING CENTER,4,1,3,2,2
24489,TOTAL HOLISTIC CREAMERY,3,2,1,2,1
24490,TOTAL LEARNING CHILD CARE CENTER,2,0,2,2,0
24491,TOTAL NUTRITION-HERBALLIFE,4,2,2,3,1
24492,TOTS EXPRESS LEARNING CENTER,25,11,14,12,13
24493,TOTS LAND,30,16,14,6,24
24494,TOTS N TALES PRE-SCHOOL II,15,11,4,2,13
24495,TOTTO'S MARKET,6,1,5,3,3
24496,TOUBA CARIBBEAN CONNEXON,2,0,2,1,1
24497,TOUCH BY AN ANGEL,10,5,5,4,6
24498,TOUCH BY AN ANGEL DAYCARE II,5,4,1,1,4
24499,TOUCH BY ANGEL DAYCARE II,12,4,8,6,6
24500,TOUHY-WESTERN AUTO SERVICE STATION,4,1,3,2,2
24501,TOUS LES JOURS,16,1,15,12,4
24502,TOVALA,10,3,7,7,3
24503,TOWBAR,10,4,6,5,5
24504,TOWER CAFE,8,3,5,3,5
24505,TOWER MARKET AND GRILL,6,4,2,4,2
24506,TOWER NUTRITION,2,0,2,1,1
24507,TOWN DOLLAR STORE,4,1,3,3,1
24508,TOWN FOOD & LIQUOR,3,1,2,3,0
24509,TOWN HALL PUB,2,0,2,1,1
24510,TOWN HOUSE RESTAURANT & WINE BAR,20,8,12,9,11
24511,TOWN KITCHEN,4,0,4,3,1
24512,TOWN'S LIMITS CANTINA,3,0,3,2,1
24513,TOWNSHIP,16,5,11,9,7
24514,TOYA'S CANDY SHOP,4,2,2,2,2
24515,TOYS BEEF& RICE CHINDA LTD,20,13,7,3,17
24516,TOZI RESTAURANT,16,5,11,10,6
24517,TR NAPA VALLEY TASTING ROOM,6,2,4,4,2
24518,TRADER JOE'S,32,13,19,16,16
24519,TRADER JOE'S #701,12,3,9,3,9
24520,TRADER JOE'S #706,6,1,5,2,4
24521,TRADER JOE'S EAST,23,8,15,8,15
24522,TRADER MIKE,2,1,1,2,0
24523,TRADER TODD'S RESTAURANT & BAR,26,6,20,15,11
24524,TRADER VIC'S,6,2,4,5,1
24525,TRADITION,19,6,13,10,9
24526,TRAILITAS,3,1,2,2,1
24527,TRAN'S TOFU,2,0,2,2,0
24528,TRANSPORTATION CENTER,12,5,7,3,9
24529,TRASPASADA #2,17,11,6,5,12
24530,"TRASPASADA #3, INC.",7,3,4,4,3
24531,TRASPASADA RESTAURANT,17,7,10,7,10
24532,TRATTORIA #10,15,3,12,9,6
24533,TRATTORIA GIANNI,16,8,8,5,11
24534,TRATTORIA ISABELLA,16,9,7,6,10
24535,TRATTORIA PIZZERIA ROMA,15,7,8,8,7
24536,TRATTORIA TRULLO,7,2,5,3,4
24537,TRATTORIA ULTIMO,17,7,10,9,8
24538,TRAVEL TRADERS  #3059,3,1,2,2,1
24539,TRAVEL TRADERS #3081 @ HILTON O'HARE,7,4,3,3,4
24540,TRAVEL TRADERS #3090,5,2,3,3,2
24541,TRAVEL TRADERS #501,3,1,2,1,2
24542,TRAVEL TRADERS #523,2,1,1,2,0
24543,TRAVEL TRADERS #534,2,0,2,1,1
24544,TRAVEL TRADERS @ EMBASSY SUITE,3,2,1,0,3
24545,TRAVELING BURRITO,2,1,1,1,1
24546,TRAVELLE,19,6,13,7,12
24547,TRAVIS GRILL,2,1,1,1,1
24548,TRE KRONOR RESTAURANT,20,10,10,12,8
24549,TRE SOLDI,6,5,1,0,6
24550,TREASURE ISLAND FOODS,103,38,65,55,48
24551,TREASURE ISLAND FOODS INC,21,5,16,11,10
24552,TREASURE ISLAND LEARNING CENTER,7,3,4,4,3
24553,TREASURE NUTRITION,3,1,2,2,1
24554,TREAT AMERICA FOOD SERVICES,6,2,4,3,3
24555,TREAT RESTAURANT LLC,3,1,2,2,1
24556,TREAT YOURSELF LLC,8,5,3,3,5
24557,TREATS FROZEN DESSERTS,3,0,3,3,0
24558,TREE HOUSE ANIMAL FOUNDATION,3,1,2,2,1
24559,TREE HOUSE CHICAGO,8,2,6,6,2
24560,TRELLIS WINE BAR,7,3,4,4,3
24561,TRENCHERMEN,10,5,5,5,5
24562,TREVINO'S LIQUORS INC,2,1,1,1,1
24563,TRI STAR CATERING,8,4,4,2,6
24564,TRI-STAR CATERING,17,6,11,9,8
24565,TRIANO'S PIZZA,15,3,12,5,10
24566,TRIBE,8,1,7,7,1
24567,TRIBECCA'S SANDWICH SHOP,3,2,1,0,3
24568,TRICYCLE SUPPER CLUB,10,1,9,7,3
24569,TRIKE NOODLES INC.,3,1,2,3,0
24570,TRIKE THAI NOODLE + SUSHI,13,4,9,7,6
24571,TRINIDAD HEAD START,8,2,6,4,4
24572,TRINITY BAR,14,4,10,10,4
24573,TRINITY PUB CHICAGO,8,5,3,4,4
24574,TRINO'S PIZZERIA,14,4,10,6,8
24575,TRINOS PIZZA CORP,5,1,4,4,1
24576,TRIOS PIZZA,17,8,9,10,7
24577,TRIPLE A SERVICE,2,0,2,1,1
24578,"TRIPLE A SERVICE, INC.",2,2,0,0,2
24579,"TRIPLE A SERVICES, INC",5,4,1,1,4
24580,"TRIPLE A SERVICES, INC.",69,36,33,15,54
24581,TRIPLE A SOULFOOD RESTAURANT,3,0,3,3,0
24582,TRIPLE C GROCERY & DELI,3,1,2,1,2
24583,TRIPLE CROWN RESTAURANT,21,5,16,13,8
24584,TRIPLE I RESTAURANT,5,4,1,2,3
24585,TRIPLE JAYS CARIBBEAN,7,3,4,4,3
24586,"TRIPLE SERVICES, INC.",3,0,3,2,1
24587,TRIPOLI TAVERN,15,6,9,7,8
24588,TRISTANS,2,0,2,2,0
24589,TRIVOLI TAVERN,6,1,5,3,3
24590,TROGO KITCHEN AND MARKET,2,0,2,2,0
24591,TROHA'S CHICKEN & SHRIMP,16,9,7,4,12
24592,TROOPS MINI MART,2,0,2,1,1
24593,TROPHY ROOM,13,4,9,7,6
24594,TROPI CUBA,19,7,12,10,9
24595,TROPIC ISLAND JERK CHICKEN,41,13,28,23,18
24596,TROPICAL FISH MARKET,3,1,2,2,1
24597,TROPICAL GRILL CHICKEN,4,2,2,3,1
24598,TROPICAL SHAKES,6,1,5,4,2
24599,TROPICAL SMOOOTHIE CAFE,3,2,1,1,2
24600,TROPICAL SMOOTHIE CAFE,21,5,16,13,8
24601,TROPICAL SMOOTHIES CAFE,4,0,4,3,1
24602,TROPICAL TASTE,15,5,10,7,8
24603,TROPICAL TASTE RESTAURANT,9,5,4,5,4
24604,TROPICUBA CAFE,3,0,3,2,1
24605,TROPICUBA RESTAURANT INC.,7,1,6,3,4
24606,TROPIKAVA,3,2,1,2,1
24607,TROQUET,5,1,4,4,1
24608,TROQUET RIVER NORTH,21,9,12,13,8
24609,TROTTER'S TO GO,4,2,2,2,2
24610,TROY MEDITERRANEAN GRILL,12,5,7,6,6
24611,TRU,10,4,6,4,6
24612,TRUCKERS CAFE,3,0,3,2,1
24613,TRUE BURGER CO.,15,8,7,3,12
24614,TRUE DISCOUNT CIGARETTE & FOOD MART,3,2,1,1,2
24615,TRUE FOOD KITCHEN,18,5,13,7,11
24616,TRUE JUICE LLC,7,1,6,6,1
24617,TRUE NATURE FOODS,5,1,4,2,3
24618,TRUENORTH CAFE,11,3,8,5,6
24619,TRUGURT FROZEN YOGURT,6,4,2,3,3
24620,"TRULUCK'S SEAFOOD, STEAK AND CRAB HOUSE",9,2,7,6,3
24621,TRUMAN MIDDLE COLLEGE HIGH SCHOOL,13,6,7,3,10
24622,TRUMP COMMERCIAL CHICAGO LLC,2,2,0,0,2
24623,TRUMP INTERNATIONAL HOTEL,66,40,26,18,48
24624,TRUMP INTERNATIONAL TOWER,19,7,12,6,13
24625,TRUTH,19,9,10,8,11
24626,TRYZUB RESTAURANT,14,5,9,8,6
24627,TSAOCAA TEA,9,3,6,4,5
24628,TSUKIJI FISH MARKET,15,3,12,8,7
24629,"TSUKIJI FISH MARKET, INC.",10,2,8,4,6
24630,TTS TACOS & TEQUILAS,5,1,4,3,2
24631,TTS TACOS & TORTAS,5,1,4,4,1
24632,TU BOTANA CORP.,5,2,3,2,3
24633,TUCO & BLONDIE,12,5,7,7,5
24634,TUFANO'S/VERNON PARK TAP,15,4,11,4,11
24635,"TUHAMA, INC",8,2,6,6,2
24636,TUK OF CHICAGO,14,4,10,9,5
24637,TUK TUK,2,1,1,0,2
24638,TUK TUK THAI ISAN STREET FOOD,3,1,2,1,2
24639,TULCINGO  PLAZA,5,3,2,3,2
24640,TULUM GRILL,4,2,2,1,3
24641,TUMANS,22,9,13,12,10
24642,TUMBAO BAR & GRILL,12,4,8,6,6
24643,TUMI,7,3,4,5,2
24644,"TUNG WANG, INC.",3,1,2,2,1
24645,"TURBO TACOS, INC.",10,6,4,3,7
24646,TURKEY BURGER GRILL,9,3,6,3,6
24647,TURKEY CHOP,10,3,7,6,4
24648,TURKEY CHOP GOURMET GRILL INC.,3,0,3,2,1
24649,TURKEY CHOPS GRILL,5,2,3,1,4
24650,TURKEY TIME,5,3,2,3,2
24651,TURKISH CAFE & BAKKAL,4,1,3,3,1
24652,"TURKISH CAFE RESTAURANT, INC.",11,5,6,6,5
24653,TURKISH CUISINE,5,1,4,4,1
24654,TURKISH CUISINE AND BAKERY,12,6,6,6,6
24655,TURKITCH,14,5,9,9,5
24656,TURNER-DREW ELEMENTARY SCHOOL,19,8,11,5,14
24657,TURNERS FAMILY DINING,4,1,3,2,2
24658,TURQUOISE CAFE,16,3,13,9,7
24659,TURTLES,25,9,16,11,14
24660,TUSCAN HEN FOODS,9,6,3,5,4
24661,TUSCANY CAFE,45,27,18,9,36
24662,TUSCANY RESTAURANT,19,9,10,8,11
24663,TUSHIYA SWEETS & TREATS,2,1,1,1,1
24664,TUTORE ITALIAN COOKING SCHOOL,3,1,2,0,3
24665,TUTS STORE,6,1,5,4,2
24666,TUTTI FRUITTI COFFEE SHOP,14,9,5,3,11
24667,TUTTI FRUTTI COFFEE SHOP INC.,7,1,6,5,2
24668,TUTTO FRESCO,17,5,12,8,9
24669,TUTTO ITALIANO,18,12,6,5,13
24670,TUXEDO JUNCTION #2,8,4,4,3,5
24671,TUXPAN MEXICAN GRILL,23,9,14,8,15
24672,TWAIN,4,0,4,4,0
24673,TWEET,20,11,9,9,11
24674,TWEETY DEES DAYCARE CENTER,7,2,5,3,4
24675,TWENTY TWO THIRTY NINE,3,1,2,1,2
24676,TWILIGHT KITCHEN,5,2,3,2,3
24677,TWILIGHT LOUNGE,5,2,3,4,1
24678,TWIN ANCHORS,15,6,9,6,9
24679,TWIN MART FOOD & TOBACCO,2,0,2,1,1
24680,TWINKLING STARS DAYCARE,5,1,4,2,3
24681,TWINKLING STARS PRESCHOOL LLC,13,4,9,4,9
24682,TWINS FOOD & DOLLAR INC,5,2,3,3,2
24683,TWINSPOT,4,2,2,2,2
24684,"TWIST & TWIRL, INC.",5,3,2,2,3
24685,TWIST A TAPAS CAFE,4,0,4,3,1
24686,TWISTED  LAMB GRILL CO.,3,2,1,2,1
24687,TWISTED CANTINA,13,3,10,9,4
24688,TWISTED COOKIE,3,1,2,3,0
24689,TWISTED HIPPO TAPROOM AND EATERY,8,3,5,7,1
24690,TWISTED LIZARD,22,10,12,13,9
24691,TWISTED SPOKE,23,8,15,12,11
24692,TWISTED TACO,2,0,2,2,0
24693,TWISTED TACOS,6,0,6,4,2
24694,TWISTED TAPAS,15,5,10,10,5
24695,TWO  MILE LLC,4,0,4,2,2
24696,TWO BIRDS ONE STONE,7,5,2,4,3
24697,TWO BLUE FOODS INC,9,4,5,6,3
24698,TWO BROTHER AUHENTIC SOUL FOOD,2,1,1,2,0
24699,"TWO BROTHERS FOOD MART,INC.",3,0,3,2,1
24700,TWO BROTHERS PIZZA INC./DOMINO'S,2,1,1,0,2
24701,TWO BROTHERS STORE,2,2,0,1,1
24702,TWO FISH,11,5,6,4,7
24703,TWO HEARTED QUEEN,12,2,10,7,5
24704,TWO ITALIANS DELI & PIZZERIA,10,4,6,6,4
24705,TWO LIGHTS SEAFOOD & OYSTER,8,3,5,5,3
24706,TWO LIONS PUB &GRILL,4,2,2,2,2
24707,TWO MILE COFFEE BAR,4,2,2,2,2
24708,"TWO SHADES CAFE, INC.",6,2,4,5,1
24709,TWO SHARKS,2,0,2,1,1
24710,TWO SISTERS CATERING,4,1,3,2,2
24711,TWO SONS STOP & SHOP,2,0,2,1,1
24712,TWO WAY DINER,8,4,4,2,6
24713,TWO WAY LOUNE,2,1,1,1,1
24714,TY FOOD MART,6,0,6,5,1
24715,TYPICA CAFE CORP,5,2,3,2,3
24716,TZATZIKI GRILL,6,3,3,3,3
24717,TZUCO / TALES / PANANGO,10,1,9,4,6
24718,Tachin Ice Cream,2,0,2,2,0
24719,Taco & Burrito House,19,6,13,8,11
24720,Taco Bell,17,5,12,7,10
24721,Taco Bell Cantina,8,4,4,4,4
24722,Taco Fuego,3,2,1,2,1
24723,Tacos Place's 1,3,1,2,2,1
24724,Takito Kitchen,15,2,13,9,6
24725,Talcott,23,7,16,8,15
24726,Talman,22,11,11,8,14
24727,Tanelli's Pizza,10,2,8,8,2
24728,Tapia's Pizzeria Inc,21,12,9,8,13
24729,Taqueria El Dorado #2,7,3,4,4,3
24730,Taqueria El Jardin,13,6,7,5,8
24731,Taqueria El Primo Inc.,7,3,4,4,3
24732,Taqueria L' Patron,2,2,0,0,2
24733,Taqueria La Estrella Inc,8,2,6,1,7
24734,Taqueria Lindo Poncitlan,2,0,2,2,0
24735,Taqueria Los Molcajetes Inc,8,2,6,5,3
24736,Taqueria Ochoa,2,1,1,1,1
24737,Taqueria Teloloapan,7,4,3,3,4
24738,Taqueria Y Restaurant Don Ramon,15,5,10,8,7
24739,Taqueria Y Restaurantes El Novillo,2,1,1,1,1
24740,Target Stores T-942,14,6,8,5,9
24741,Tarkington,23,12,11,9,14
24742,Taste Of Asia,12,2,10,8,4
24743,Taste Of Jerusalum,2,1,1,2,0
24744,Tavish,7,4,3,3,4
24745,Terra E Mare,7,3,4,5,2
24746,Tesfa Ethiopian Cusine,5,1,4,3,2
24747,Thai Town Chicago,3,1,2,3,0
24748,That's A Burger,8,2,6,4,4
24749,Thattu,2,2,0,0,2
24750,The Albion Manor,5,2,3,3,2
24751,The Art Of  Pizza Inc,23,11,12,7,16
24752,The Bar B Que Zone,5,1,4,1,4
24753,The Bridge Cafe,3,0,3,3,0
24754,The Broadway Cafe,5,2,3,4,1
24755,The Buckingham Athletic Club,10,6,4,3,7
24756,The Cellar,4,2,2,2,2
24757,"The Cheese People, Inc.",2,0,2,1,1
24758,The Chopping Block,18,7,11,8,10
24759,The Clare At Water Tower,4,1,3,1,3
24760,The Corner Lot Grocery,2,2,0,1,1
24761,The Dark Horse Tap and Grill,12,5,7,5,7
24762,The Farehouse O'Hare Plaza,5,3,2,0,5
24763,The Godfather Restaurant,4,0,4,4,0
24764,The Green Post,6,2,4,2,4
24765,The Haute & The Dog,5,3,2,2,3
24766,The Hidden Lounge,2,0,2,2,0
24767,The Indian Garden Restaurant,25,12,13,11,14
24768,The Inner Voice,3,2,1,1,2
24769,The Manor,24,6,18,15,9
24770,The Moose Grill,6,1,5,4,2
24771,The Natural Branches Kitchen & Restaurant LLC,2,0,2,1,1
24772,The New Sullivan Elementary School,18,7,11,3,15
24773,The Northern Trust Bank - 5th Floor,3,1,2,2,1
24774,The Original Pancake House,17,5,12,9,8
24775,The Pack Nutrition,2,0,2,1,1
24776,The Pita House Bakery,3,1,2,1,2
24777,The Purple Pig,19,6,13,12,7
24778,The Scoop Neveria,12,5,7,6,6
24779,The Super Discount,5,3,2,2,3
24780,The Sutton Place Hotel,2,1,1,1,1
24781,The Thai Grill,2,1,1,1,1
24782,The Victor Bar,4,0,4,3,1
24783,The Violet Hour,17,3,14,5,12
24784,The Westminster Hot Dog,4,2,2,2,2
24785,The Wrap and Roll Cafe,3,0,3,2,1
24786,Theater Wit NFP,7,3,4,4,3
24787,"Thomas, Velma ECC",17,7,10,7,10
24788,Thorp O.A.,16,7,9,2,14
24789,Three Aces Restaurant,14,6,8,6,8
24790,Three Stars Liquors,4,1,3,3,1
24791,Tierra Santa Inc,5,2,3,2,3
24792,Tilden Achievement Acad.(&Tilden Career Comm.HS),19,9,10,5,14
24793,Tom and Jerrys Gyros of Chicago,4,1,3,2,2
24794,Tony Freez,12,3,9,8,4
24795,Top Middle East Restaurant,3,1,2,3,0
24796,Toppers Pizza,3,2,1,1,2
24797,Tortuga's Cantina,18,6,12,9,9
24798,Tots Express Learning Center,3,2,1,0,3
24799,Tots Land,4,1,3,2,2
24800,Trace,5,1,4,4,1
24801,Trattoria Caterina,8,5,3,3,5
24802,Tres Regalos,3,1,2,2,1
24803,Tropical Smoothie Cafe,3,1,2,1,2
24804,Trumbull,6,2,4,4,2
24805,Tuscany Cafe,2,0,2,1,1
24806,U FOOD GRILL,2,0,2,1,1
24807,U OF C  WOODLAWN,9,4,5,5,4
24808,U OF C (CS) DONOGHUE,16,10,6,2,14
24809,U OF C WOODLAWN,8,4,4,1,7
24810,U OF C WOODSON SOUTH,18,9,9,7,11
24811,U RICE,2,1,1,1,1
24812,U STAR KARAOKE,6,1,5,3,3
24813,U&ME,2,0,2,2,0
24814,U.B. DOGS,14,9,5,4,10
24815,U.S. MARKET,6,4,2,4,2
24816,U.S. MARSAHLL OIL INC,3,1,2,2,1
24817,U.S. SUB & GRILL,4,1,3,2,2
24818,UBERSTEIN,6,2,4,4,2
24819,UBITAS ICE CREAM,10,4,6,8,2
24820,UCAN ACADEMY AND HIGH SCHOOL,16,11,5,3,13
24821,UCHICAGO CHILD DEVELOPMENT CENTER DREXEL,12,6,6,2,10
24822,UCHICAGO CHILD DEVELOPMENT CENTER STONY ISLAND,11,2,9,2,9
24823,UCMC-CATERING,5,3,2,5,0
24824,UCSN ST. MARK / HUMBOLDT CAMPUS,4,0,4,2,2
24825,UDUPI PALACE RESTAURANT,23,8,15,10,13
24826,UGO'S,6,2,4,2,4
24827,UIC COLLEGE PREP,4,0,4,1,3
24828,UIC HALSTED NEWSTAND,3,3,0,2,1
24829,UKAI RESTAURANT,23,7,16,12,11
24830,UKAI SUSHI,6,3,3,3,3
24831,UKRAINA DELI,23,10,13,14,9
24832,ULTIMATE AMOCO,2,0,2,2,0
24833,ULTRA FOODS,24,8,16,11,13
24834,UMAI,36,14,22,21,15
24835,UMAIYA CAFE,4,2,2,4,0
24836,UMAMI ASIAN FUSION,2,1,1,1,1
24837,UMAMI BURGER,29,9,20,18,11
24838,UMAMI SUSHI,23,10,13,10,13
24839,UMAR #1,2,1,1,1,1
24840,UME TEA,4,2,2,2,2
24841,UMI,17,6,11,11,6
24842,UMIYA MAA GROCERY STORE,2,0,2,1,1
24843,UN AMOR,2,0,2,1,1
24844,UN CORK IT,4,3,1,1,3
24845,UNA COLLECCION DE HIERBAS CHINAS PARA EL DOLOR,2,1,1,1,1
24846,UNCLE  NELL'S,13,10,3,4,9
24847,UNCLE  REMUS,12,3,9,7,5
24848,UNCLE BEN'S GRILL,3,0,3,2,1
24849,UNCLE EDDIE'S FAMOUS GRILL,5,3,2,2,3
24850,UNCLE J'S,10,6,4,5,5
24851,UNCLE J'S BBQ,17,8,9,10,7
24852,UNCLE JOE' S,2,1,1,1,1
24853,UNCLE JOE'S,14,4,10,6,8
24854,UNCLE JOE'S JERK CHICKEN,12,4,8,6,6
24855,UNCLE JOE'S JERK CHICKEN & FISH,25,10,15,14,11
24856,"UNCLE JOE'S JERK CHICKEN, INC",9,2,7,5,4
24857,UNCLE JOES,4,1,3,3,1
24858,UNCLE JOES JERK CHICKEN,11,3,8,9,2
24859,UNCLE JOHN'S BAR-B-QUE,17,7,10,10,7
24860,UNCLE JOHN'S BARBECUE,25,11,14,6,19
24861,UNCLE JOHNNY'S GROCERY & DELI,5,2,3,2,3
24862,UNCLE JULIO'S HACIENDA,10,6,4,5,5
24863,UNCLE MIKE'S PLACE,17,12,5,3,14
24864,UNCLE REMUS,28,9,19,14,14
24865,UNCLE REMUS CHICKEN,15,6,9,8,7
24866,"UNCLE REMUS RESTAURANT, INC",23,7,16,13,10
24867,"UNCLE REMUS SAUCY FRIED CHICKEN, INC",9,4,5,4,5
24868,UNCLE REMUS SFC 1 LLC,3,1,2,2,1
24869,UNCLE REMUS SFC 3 LLC,12,4,8,6,6
24870,UNCLE ZHANG CHINESE CUISINE,5,2,3,3,2
24871,UNCOMMON  GROUND,29,9,20,15,14
24872,UNCOMMON GROUND,41,11,30,24,17
24873,UNCOOKED,3,1,2,2,1
24874,UNCOOKED LLC,6,3,3,4,2
24875,UNDER THE EL,6,3,3,4,2
24876,UNDER THE GUN THEATER,2,0,2,1,1
24877,UNDERGROUND CHICAGO,6,2,4,4,2
24878,UNDERGROUND WONDER BAR,17,5,12,12,5
24879,UNFORGETABLE LOUNGE,2,0,2,2,0
24880,UNFORGETTABLE EDIBLES,19,7,12,6,13
24881,UNI GRILL,15,5,10,11,4
24882,UNI LOTTERY AND SNACKS,3,1,2,2,1
24883,UNI UNI,2,2,0,2,0
24884,UNI UNI LINCOLN PARK,2,0,2,2,0
24885,UNI-MART ONE STOP SHOPPING INC,12,5,7,3,9
24886,"UNION FOOD MARKET, INC",2,1,1,1,1
24887,UNION FULLBOARD,5,1,4,5,0
24888,UNION LEAGUE BOYS & GIRLS CLUBS,2,1,1,0,2
24889,UNION LEAGUE CLUB,26,10,16,10,16
24890,UNION LEAGUE CLUB OF CHICAGO,11,6,5,2,9
24891,UNION PARK LOUNGE,8,4,4,3,5
24892,UNION SUB,4,2,2,2,2
24893,UNION SUB 1 INC.,24,8,16,13,11
24894,UNION SUSHI AND BARBEQUE BAR,25,7,18,14,11
24895,"UNIQUE DISCOUNT STORES, INC",6,2,4,3,3
24896,UNITED AIRLINES CLUB,16,5,11,7,9
24897,UNITED AMERICAN MUSLIM ASSOCIATION OF ILLINOIS INC,2,1,1,1,1
24898,UNITED CLUB,81,19,62,44,37
24899,"UNITED CLUB ,T-1  CONCOURSE C",14,3,11,10,4
24900,UNITED CLUB LOUNGE,4,1,3,1,3
24901,"UNITED CLUB, TERMINAL 2 CONCOURSE F",4,1,3,2,2
24902,"UNITED CLUB,TERMINAL 1 CONCOURSE B SOUTH",9,2,7,5,4
24903,UNITED EDUCATIONAL CULTURAL ACADEMY,21,11,10,7,14
24904,"UNITED FIRST INTERNATIONAL LOUNGE T1,CONCOURSE C",8,2,6,4,4
24905,UNITED FOOD MART,10,3,7,8,2
24906,UNITED GLOBAL FIRST CLASS LOUNGE,4,1,3,1,3
24907,UNITED GRILL,23,10,13,10,13
24908,UNITED IN FAITH CHURCH,10,3,7,3,7
24909,UNITED POLARIS LOUNGE - ORD,6,2,4,4,2
24910,UNITED SERBS SPORT CLUB INC,21,9,12,14,7
24911,UNITED SOCIAL FISHING & HUNTIN,8,4,4,4,4
24912,"UNITED SUPERMARKET, INC.",4,2,2,2,2
24913,UNIVERSAL ENTERTAINMENT CENTER,12,5,7,9,3
24914,UNIVERSAL FRUIT MARKET,17,8,9,5,12
24915,UNIVERSITY CENTER PROPERTY LLC,2,0,2,2,0
24916,UNIVERSITY CHILDREN'S CENTER,10,5,5,4,6
24917,UNIVERSITY CLUB OF CHICAGO,26,9,17,9,17
24918,UNIVERSITY FOOD SYSTEMS INC.,6,3,3,1,5
24919,"UNIVERSITY FOOD SYSTEMS, INC.",6,2,4,3,3
24920,"UNIVERSITY KIDS EARLY LEARNING CENTER, INC.",4,1,3,2,2
24921,UNIVERSITY OF CHGO CAFETERIA,4,2,2,2,2
24922,UNIVERSITY OF CHGO LAB,20,9,11,8,12
24923,UNIVERSITY OF CHICAGO,68,30,38,24,44
24924,UNIVERSITY OF CHICAGO BARTLETT COMMONS,25,11,14,9,16
24925,UNIVERSITY OF CHICAGO BOOKSTORE # 491,14,5,9,6,8
24926,UNIVERSITY OF CHICAGO CAFETERIA,9,4,5,4,5
24927,UNIVERSITY OF CHICAGO HOSPITAL COFFEE CART,3,1,2,1,2
24928,UNIVERSITY OF CHICAGO REYNOLDS CLUB,6,2,4,3,3
24929,UNIVERSITY OF CHICAGO TIFFIN ROOM CLUB,4,2,2,1,3
24930,UNIVERSITY PARTNERSHIP,2,0,2,1,1
24931,UNIVERSITY VILLAGE MONTESSORI SCHOOL,11,4,7,3,8
24932,"UNIVERSITY VILLAGE MONTESSORI SCHOOL, INC",14,7,7,8,6
24933,UNKNOWN,2,0,2,2,0
24934,UNLICENSED,3,0,3,3,0
24935,UNO BRIGHTON PARK CAMPUS,11,3,8,6,5
24936,UNO CHARTER SCHOOL NETWORK,19,6,13,7,12
24937,UNO Esmeralda Santiago Charter School,7,4,3,2,5
24938,UNO Galewood Elementary School,9,4,5,3,6
24939,UNO ROGERS PARK,9,3,6,3,6
24940,UNO SOCCER ACADEMY,11,4,7,3,8
24941,UNO'S PIZZERIA,2,1,1,1,1
24942,UNTITLED 111,19,7,12,9,10
24943,UNVERSITY OF CHICAGO-TIFFIN CAFE,6,2,4,1,5
24944,UP COMEDY CLUB,14,9,5,4,10
24945,UP MARKET: FRESH BY WALGREENS,2,2,0,1,1
24946,UP TOWN FOOD MART INC.,3,0,3,2,1
24947,"UP TOWN PRODUCE, INC.",6,4,2,2,4
24948,UPLIFT Community AT ARAI,17,9,8,3,14
24949,UPP-N-SHENELLS,2,0,2,2,0
24950,UPPER CRUST BAKERY,9,5,4,5,4
24951,UPPER DECK,3,1,2,2,1
24952,UPSTAIRS VIRGIN HOTELS,7,1,6,3,4
24953,UPTON'S,3,2,1,1,2
24954,UPTON'S NATURALS CO.,15,4,11,4,11
24955,UPTOWN CARE AND REHABILITATION CENTER,2,1,1,0,2
24956,"UPTOWN CENTER, LLC",4,1,3,2,2
24957,UPTOWN DOLLAR & GROCERY,4,3,1,3,1
24958,"UPTOWN DOLLAR AND UP, INC",5,3,2,3,2
24959,UPTOWN DONUTS,3,1,2,2,1
24960,UPTOWN FAMILY DAY CARE CENTER,5,0,5,4,1
24961,UPTOWN HEADSTART,4,1,3,1,3
24962,UPTOWN LOUNGE,6,1,5,2,4
24963,UPTOWN PHO,13,6,7,10,3
24964,UPTOWN PIZZA & BQ,33,13,20,18,15
24965,"UPTOWN QUICK STOP,INC.",3,1,2,2,1
24966,"UPTOWN SHOP & SAVE INC.,",23,10,13,14,9
24967,UPTOWN TAPROOMS,3,0,3,0,3
24968,UPTOWN TOBACCO & MINI MART,2,1,1,1,1
24969,UPTOWN UNDERGROUND,5,2,3,3,2
24970,UR CAFE,3,1,2,2,1
24971,UR INN,7,4,3,3,4
24972,URBAN AISLES,4,0,4,4,0
24973,URBAN ATHLETE / PRESS COFFEE STUDIO,2,1,1,1,1
24974,URBAN BELLY,4,1,3,2,2
24975,URBAN BURGER BAR,23,8,15,13,10
24976,URBAN CHILD ACADEMY,5,0,5,1,4
24977,"URBAN CHILD ACADEMY, LLC",11,2,9,1,10
24978,"URBAN CHILD ACADEMY,LLC",4,3,1,1,3
24979,URBAN COUNTER,9,5,4,3,6
24980,URBAN CROSTA,2,1,1,2,0
24981,URBAN GRILL,3,0,3,2,1
24982,URBAN GROCERS,3,1,2,2,1
24983,URBAN GROCERY,4,2,2,2,2
24984,URBAN INDIA RESTAURANT,5,3,2,4,1
24985,URBAN INTERESTS,32,5,27,21,11
24986,URBAN KAYAKS,4,0,4,1,3
24987,URBAN KITCHEN,9,7,2,5,4
24988,URBAN LUXE CAFE INC.,2,1,1,1,1
24989,URBAN MARKET,17,6,11,5,12
24990,URBAN MARKET LLC,7,2,5,7,0
24991,URBAN NOMADS,9,3,6,7,2
24992,URBAN OLIVE,18,7,11,7,11
24993,URBAN ORCHARD,7,1,6,3,4
24994,URBAN PANTRY,10,3,7,5,5
24995,URBAN PREP CHARTER ACADEMY FOR YOUNG MEN,11,3,8,1,10
24996,URBAN PREP CHARTER WEST CAMPUS,11,3,8,5,6
24997,URBAN PREP HIGH SCHOOL,5,2,3,1,4
24998,URBAN RENEWAL BREWERY,3,1,2,2,1
24999,URBAN TABLES,9,2,7,5,4
25000,URBAN TREEZ CHICAGO,4,0,4,2,2
25001,URBAN UNION,8,3,5,4,4
25002,URBAN VEGAN,28,9,19,12,16
25003,URBANBELLY WICKER PARK,16,6,10,7,9
25004,URBANPONICS LLC.,3,1,2,2,1
25005,URBANSPACE,8,3,5,3,5
25006,URBN BISTRO,3,0,3,3,0
25007,URU-SWATI,20,10,10,9,11
25008,URUAPAN,5,4,1,1,4
25009,US MARATHON OIL INC.,2,1,1,1,1
25010,USA FOOD MARKET,2,1,1,2,0
25011,USA GRILLE,7,1,6,5,2
25012,"USA ZABIHA HALAL DISTRIBUTORS, LLC.",2,0,2,1,1
25013,USMANIA FINE DINING,28,8,20,14,14
25014,USMANIA RESTAURANT,20,8,12,10,10
25015,USRA FOOD/GAS,2,1,1,1,1
25016,UTOWN PANTRY INC.,6,2,4,3,3
25017,UVA KITCHEN AND WINE BAR,13,3,10,9,4
25018,Ugly Mug Cafe,4,1,3,3,1
25019,Ukrainian Cultural Center,17,6,11,7,10
25020,Uncle Julio's Hacienda,26,11,15,12,14
25021,Uncle Sammy's Sandwich Classics,6,4,2,3,3
25022,Uni Sushi Bristo,13,2,11,9,4
25023,Unite Grill LLC,9,3,6,5,4
25024,United Airlines Club,6,1,5,5,1
25025,United Club,15,3,12,11,4
25026,Universal Metro Asian Services,3,0,3,1,2
25027,University of Chicago Orthogenic School,8,3,5,3,5
25028,Uno's Pizza T2 E Con,2,1,1,1,1
25029,Uproar  Food & Beverage,10,2,8,8,2
25030,"Uptown Grocery, Inc.",3,1,2,2,1
25031,Uptown Underdawg,2,0,2,2,0
25032,Urban Prep (CS) AT ENGLEWOOD,18,12,6,4,14
25033,"V & A SWAG, INC.",4,0,4,3,1
25034,"V & J DAY CARE CENTER, INC",11,4,7,5,6
25035,V & V MINI MART,3,1,2,2,1
25036,V 75,3,0,3,0,3
25037,"V. JIANG, INC.",11,5,6,5,6
25038,V.C.C. Bakery LLC.,8,3,5,2,6
25039,VACA'S CREAMERY,4,2,2,2,2
25040,VAINILLA BEAN BAKE SHOP INC,4,0,4,3,1
25041,VAJRA RESTAURANT,7,2,5,5,2
25042,VAL'S KOSHER KITCHEN (CW),4,1,3,2,2
25043,VALEDOR,4,2,2,2,2
25044,VALENTINA FOOD TRUCKS LLC,8,2,6,4,4
25045,"VALENTINA FOOD TRUCKS, LLC",5,3,2,3,2
25046,VALENTINA RESTAURANT,25,7,18,12,13
25047,VALENTINO CLUB CAFE,10,1,9,9,1
25048,VALEO,4,2,2,3,1
25049,VALERIO'S TROPICAL BAKESHOP,14,7,7,5,9
25050,VALERO,3,0,3,1,2
25051,VALHALLA,4,2,2,2,2
25052,VALLARTA,19,6,13,7,12
25053,VALLE LINDO COFFEE SHOP,5,2,3,3,2
25054,VALLE'S PRODUCE #5 CORPORATION,4,4,0,1,3
25055,VALLEJO @ ESTRADA CORP,2,0,2,2,0
25056,VALLEY JERK SPOT,11,2,9,6,5
25057,VALLEY OF JORDAN,10,3,7,5,5
25058,VALU MOST LIQUORS,3,2,1,2,1
25059,VAN BUREN & ASHLAND AMOCO,8,3,5,2,6
25060,VAN BUREN GENTLEMAN'S SALON,3,1,2,2,1
25061,VAN BUREN MARKET,6,2,4,4,2
25062,VAN PHAT RESTAURANT,18,9,9,9,9
25063,VAN-CENTRAL FOOD & LIQS,6,1,5,5,1
25064,VANES'S GROCERY INC.,3,1,2,2,1
25065,VANILLE PATISSERIE,2,0,2,2,0
25066,VANILLE PATTISSERIE,32,12,20,17,15
25067,VAPIANO,47,16,31,28,19
25068,VARIETY MEAT,2,1,1,1,1
25069,VAUGHAN'S,4,1,3,4,0
25070,VAUGHAN'S PUB,14,2,12,8,6
25071,VAUGHANS PUB,17,9,8,7,10
25072,"VAUNT FITNESS, LLC",3,1,2,2,1
25073,VEDIC DAY CARE CENTER,9,4,5,3,6
25074,VEE-VEE'S AFRICAN RESTAURANT,41,10,31,24,17
25075,VEENO,7,2,5,5,2
25076,VEG HEAD,3,0,3,2,1
25077,VEG-OUT,3,1,2,2,1
25078,VEGAN NOW 2GO,5,2,3,3,2
25079,VEGAN NOW INC,5,1,4,3,2
25080,VEGAN PLATE,15,10,5,7,8
25081,VEGAN WORLD CAFE CATERING LLC,4,0,4,4,0
25082,VEGAS FOOD & LIQUOR INC,5,2,3,4,1
25083,VEGETARIAN EXPRESS,14,6,8,8,6
25084,VEGETARIAN EXPRESS GOURMET,2,1,1,2,0
25085,"VEGETARIAN EXPRESS, INC.",13,7,6,4,9
25086,VEGGIE BITE,7,4,3,3,4
25087,VEGGIE GRILL,4,1,3,2,2
25088,VEGGIE HOUSE,5,2,3,3,2
25089,VELOUR,5,1,4,3,2
25090,VELOX COFFEE,2,0,2,1,1
25091,VELVET TACO,49,17,32,31,18
25092,VENENO DE NAYARIT,3,1,2,2,1
25093,VENENO DO NAYARIT,3,2,1,2,1
25094,"VENENOS, INC",9,0,9,4,5
25095,VENEZUELAN BOWL GRILL LLC,9,2,7,6,3
25096,VENICCI PIZZA,6,2,4,2,4
25097,VENICE CAFE,13,6,7,6,7
25098,VENICE CAFE ON MONROE,13,5,8,6,7
25099,VENICE PIZZA,5,1,4,4,1
25100,VENTEUX,9,3,6,8,1
25101,"VENUE ONE, LLC",11,1,10,4,7
25102,VENUE SIX10 SERVICES,3,0,3,0,3
25103,VENUS CAFE,3,2,1,2,1
25104,VENUS CYPRIOT CUISINE,2,1,1,2,0
25105,VENUS DINNER - THEATER,7,3,4,4,3
25106,VERA,12,3,9,7,5
25107,VERA LOUNGE LLC,5,1,4,5,0
25108,VERA'S,17,6,11,14,3
25109,VERACRUZ GROCERY,2,0,2,1,1
25110,VERANDA GREEK AMERICAN TAVERNA,26,9,17,16,10
25111,VERIDIANA GARCIA,5,4,1,3,2
25112,VERMILION,24,7,17,10,14
25113,VERNON FOOD MART INC.,4,1,3,3,1
25114,VERNON STREET MARKET,2,1,1,1,1
25115,VERONICA GARCIA,2,0,2,1,1
25116,VERONICA OCELOTL,4,1,3,3,1
25117,VERSAILLE'S MASSAGE AND BAR,2,0,2,1,1
25118,VERUCA CHOCOLATES,16,6,10,6,10
25119,VERVE WINE,7,4,3,7,0
25120,VERZENAY LLC,4,0,4,3,1
25121,VERZENAY PATISSERIE,3,0,3,2,1
25122,VETERANS MEMORIAL CAMPUS,23,10,13,9,14
25123,"VHC LOWER, LLC",61,39,22,17,44
25124,VIA CARDUCCI LA SORELLA,20,8,12,9,11
25125,VIA LIMA RESTAURANT,8,4,4,4,4
25126,VIA MARE FISH MARKET,4,2,2,1,3
25127,VIA MEXICANA,9,2,7,5,4
25128,VIA VENETO,11,7,4,2,9
25129,VIAGGIO,30,11,19,21,9
25130,VIAGGIO AT THE PARK,7,2,5,3,4
25131,VIC'S GRILL,2,0,2,1,1
25132,VICE DISTRICT TAPROOM,6,1,5,4,2
25133,VICENZO PIZZERIA INC.,3,1,2,2,1
25134,VICEROY OF INDIA/ SAGAR,15,8,7,7,8
25135,VICEROY OF INDIA/SAGAR,8,4,4,5,3
25136,VICKY'S BREAKFAST,3,1,2,3,0
25137,VICKY'S CAFE LLC,5,1,4,5,0
25138,VICKY'S PLACE,4,1,3,2,2
25139,VICKYS CAFE LLC,4,0,4,4,0
25140,VICOM,2,0,2,1,1
25141,VICTOR EUROPEAN SAUSAGE SHOP,5,1,4,1,4
25142,VICTOR HERBERT ELEMENTARY SCHOOL,7,4,3,2,5
25143,VICTOR HERNANDEZ,2,0,2,1,1
25144,VICTOR HOTEL,6,2,4,2,4
25145,VICTOR RIOS,7,1,6,6,1
25146,VICTOR'S PIZZARIA,3,1,2,2,1
25147,VICTOR'S PIZZERIA,14,7,7,6,8
25148,"VICTOR'S PRODUCE,INC.",2,0,2,1,1
25149,VICTOR'S RESTAURANT AND PIZZA,7,3,4,4,3
25150,VICTORIA,2,1,1,2,0
25151,VICTORS E PIZZA CO,7,0,7,5,2
25152,VICTORY CENTER OF GALEWOOD,15,6,9,6,9
25153,VICTORY CENTRE OF SOUTH CHICAGO SLF,12,5,7,4,8
25154,VICTORY GRILL,10,5,5,6,4
25155,VICTORY ITALIAN,14,4,10,10,4
25156,VICTORY'S BANNER,5,1,4,2,3
25157,VICTORY'S BANNER RESTAURANT,7,3,4,2,5
25158,VICTUS ARS,6,3,3,2,4
25159,VIDA,8,3,5,5,3
25160,VIDA 2221 LLC,8,3,5,5,3
25161,VIDA ABUNDANTE,4,2,2,2,2
25162,VIDA EN EXCELENCIA,7,1,6,4,3
25163,VIDA MARKET,4,0,4,3,1
25164,VIDA NATURAL,6,2,4,4,2
25165,VIDA SALUD Y BIENESTAR,3,2,1,2,1
25166,VIDA SALUDABLE,15,7,8,7,8
25167,VIDA SANA,4,2,2,2,2
25168,VIDA Y SALUD,8,5,3,5,3
25169,VIDALIA,4,2,2,3,1
25170,VIENESTAR FAMILIAR,4,1,3,2,2
25171,VIENNA DOGS,6,2,4,1,5
25172,VIENNA SAUSAGE,11,4,7,5,6
25173,VIENNA SAUSAGE MFG CO,12,6,6,4,8
25174,VIENNA SERVICES,3,0,3,2,1
25175,VIET BOWL-HING WANG,15,5,10,7,8
25176,VIET FUSION,2,0,2,1,1
25177,VIET HOA PLAZA,10,1,9,6,4
25178,VIET NAM RESTAURANT,24,10,14,12,12
25179,VIGIL SUPERMARKET,3,1,2,2,1
25180,VIGUS BAGEL DELI,8,4,4,5,3
25181,VILLA DEL MAR SEAFOOD,4,1,3,2,2
25182,VILLA PALERMO INC,41,11,30,22,19
25183,VILLA ROSA ON ARCHER,5,0,5,4,1
25184,VILLA ROSA PIZZA,15,10,5,6,9
25185,VILLA ROSA PIZZA AND PASTA,11,6,5,3,8
25186,VILLA ROSA PIZZA KITCHEN,16,6,10,9,7
25187,VILLA ROSA PIZZA ON ARCHER,4,2,2,1,3
25188,VILLA ROSA RESTAURANT & PIZZA,6,3,3,3,3
25189,VILLA'S NUTS & CANDY,9,4,5,4,5
25190,VILLA'S NUTS AND CANDY,3,1,2,2,1
25191,VILLAGE FOOD MARKET INC.,15,8,7,6,9
25192,VILLAGE FOODS,6,3,3,3,3
25193,VILLAGE GARDEN EXPRESS,3,0,3,2,1
25194,"VILLAGE HOUSE,LLC",15,5,10,12,3
25195,VILLAGE LEADERSHIP ACADEMY,6,2,4,5,1
25196,VILLAGE MEAT & FOOD,2,0,2,2,0
25197,VILLAGE MEAT & GROCERY,7,1,6,5,2
25198,VILLAGE NORTH THEATRE,2,0,2,2,0
25199,VILLAGE OF HOPE LEARNING CENTER,20,6,14,7,13
25200,VILLAGE PIZZA,14,10,4,5,9
25201,VILLAGE PIZZA 2,3,0,3,2,1
25202,VILLAINS CHICAGO,9,2,7,7,2
25203,VILLANUEVA GROCERY STORE,3,0,3,2,1
25204,VINCE'S PIZZA,15,9,6,3,12
25205,VINCE'S PIZZERIA & TAQUERIA,5,2,3,2,3
25206,VINCE'S THE PIZZA PEOPLE,8,4,4,6,2
25207,VINCENNES FOOD,13,5,8,8,5
25208,VINCENT,26,10,16,12,14
25209,VINCENZO'S,9,2,7,4,5
25210,VINCES PIZZERIA & TAQUERIA,14,4,10,7,7
25211,"VINCES PIZZERIA & TAQUERIA, INC",3,2,1,2,1
25212,VINCI,20,4,16,12,8
25213,VINES ON CLARK,15,5,10,6,9
25214,VINH PHAT B.B.Q.,7,2,5,5,2
25215,VINI'S PIZZA LINCOLN PARK,3,2,1,2,1
25216,VINIS OF LINCOLN PARK,3,1,2,2,1
25217,VINIS OF UPTOWN,4,0,4,3,1
25218,VINIS PIZZA,19,8,11,8,11
25219,VINNIE'S STEAKHOUSE INC.,3,2,1,1,2
25220,VINNIES SUB SHOP,10,4,6,2,8
25221,VINO 100,7,3,4,5,2
25222,VINTAGE 338,3,2,1,1,2
25223,VINTAGE LOUNGE,29,10,19,14,15
25224,VINTEA,3,0,3,2,1
25225,VINYL SOCIAL FOOD & DRINK,5,1,4,4,1
25226,VIO CAFE & GRILL,6,2,4,2,4
25227,VIOLA TACOS & PIES,6,2,4,3,3
25228,VIP CHINESE RESTAURANT,7,4,3,2,5
25229,VIP FERDINAND FOOD MART INC,2,1,1,0,2
25230,VIP FIT CLUB,2,1,1,2,0
25231,VIP LIQUORS & DELI,4,1,3,2,2
25232,VIP NUTRITION,2,1,1,1,1
25233,VIREVA NURSEY SCHOOL,18,6,12,8,10
25234,VIRGEN DE GUADALUPE,6,1,5,4,2
25235,VIRGIN HOTELS CHICAGO LLC,11,5,6,4,7
25236,VIRGINIA FRANK CHILD DEVELOP,4,2,2,2,2
25237,VIRGINIA FRANK CHILD DEVELOPEMENT CENTER,6,2,4,1,5
25238,VIRTUE,6,2,4,4,2
25239,"VISANU THAI 55, INC.",21,10,11,9,12
25240,VISHNA NIYA LIQUOR,4,2,2,2,2
25241,VISHU FOOD & LIQUOR,2,2,0,1,1
25242,VISIONS,11,2,9,7,4
25243,VISIONZ CAFE RESTAURANT,4,0,4,3,1
25244,VISITA MARAVATIO RESTAURANT,11,4,7,6,5
25245,VISITATION CATHOLIC SCHOOL,19,6,13,7,12
25246,VISTA CAFE,16,4,12,5,11
25247,VISTA HERMOSA EXPRESS,9,3,6,6,3
25248,VISTA HERMOSA RESTAURANT,9,3,6,2,7
25249,VITALIDEX CORP.,6,1,5,3,3
25250,VITAMIN OUTLET,2,1,1,1,1
25251,VITE MART,3,0,3,2,1
25252,VITO & ANGELO PIZZERIA,4,0,4,3,1
25253,VITO & ANGELO PIZZERIA INC.,16,5,11,11,5
25254,VITO & NICKS INC.,27,8,19,10,17
25255,VITO'S VAULT,2,1,1,1,1
25256,VIVA FOOD MART,6,3,3,1,5
25257,VIVA SALUDABLE,3,1,2,1,2
25258,VIVI BUBBLE TEA,8,4,4,4,4
25259,VIVIAL,2,2,0,1,1
25260,VIVIAN SUMMER,7,4,3,3,4
25261,VIVO RESTAURANT,15,9,6,8,7
25262,VLIVE,5,1,4,3,2
25263,VMM SOCIAL ROOM,2,0,2,1,1
25264,"VNTOFU  FAST FOOD, INC.",19,6,13,13,6
25265,VO'S PLACE,4,2,2,2,2
25266,VOCEL,7,3,4,3,4
25267,VOLARE,30,11,19,13,17
25268,VOLCANO EXPRESS,5,4,1,3,2
25269,VOLCANO SUSHI 90,4,1,3,3,1
25270,VOLCANO SUSHI CAFE,16,7,9,7,9
25271,VOLCANO SUSHI RESTAURANT,9,3,6,7,2
25272,VOLO RESTAURANT,19,7,12,9,10
25273,VOLUMES BOOKCAFE,6,2,4,3,3
25274,VOM FASS,3,2,1,1,2
25275,VON STEUBEN METROPOLITAN  SCIENCE CENTER (H/S),19,8,11,8,11
25276,VOPS LLC,4,0,4,2,2
25277,VORA,14,6,8,7,7
25278,VOSGES HAUT-CHOCOLAT,14,5,9,9,5
25279,VPT GRILL,9,4,5,5,4
25280,VRAI AMOUR,3,1,2,2,1
25281,"VRAIS FOODS, LLC",3,0,3,2,1
25282,VU ROOFTOP AND BAR,10,1,9,4,6
25283,VU SUA,3,1,2,1,2
25284,Vanderpoel Magnet,21,10,11,6,15
25285,Vanilla Bean Bake Shop,2,1,1,1,1
25286,Vaughn Occupational(H/S),22,9,13,5,17
25287,Veteran's Food & Liquor,2,2,0,0,2
25288,Vida Y Salud,3,1,2,2,1
25289,VietFive Coffee,3,1,2,1,2
25290,Village Cafeteria Inc,3,0,3,2,1
25291,Vincent,2,0,2,1,1
25292,Vinny D's,4,1,3,2,2
25293,Von Humboldt,9,4,5,4,5
25294,Von Humboldt C.P.C.,7,5,2,2,5
25295,W  CROSSINGS GROCER,4,1,3,0,4
25296,W & R FOOD & LIQUOR INC,2,0,2,1,1
25297,W CHICAGO - LAKESHORE,19,9,10,11,8
25298,W CHICAGO CITY CENTER,5,1,4,3,2
25299,W CHICAGO-CITY CENTER,19,8,11,8,11
25300,"W M MART, INC.",2,1,1,1,1
25301,W NAIL SPA & KIDS ISLAND,6,4,2,2,4
25302,"W2005 CMK REALTY, L.L.C.",2,2,0,2,0
25303,WABASH GROCERY INC,2,1,1,2,0
25304,WABASH MARKET,6,2,4,3,3
25305,"WABASH MARKET 59,INC.",2,1,1,1,1
25306,WABASH MARKET INC.,5,2,3,5,0
25307,WABASH PANTRY,2,0,2,1,1
25308,WABASH SEAFOOD MARKET,4,0,4,2,2
25309,WABASH TAP,11,7,4,3,8
25310,WABI SABI ROTARY,16,6,10,10,6
25311,WABISABI,15,3,12,11,4
25312,WACKER BARISTA BAR AND MARKET,4,1,3,3,1
25313,WACKER MARKET,2,1,1,1,1
25314,WADA,10,4,6,8,2
25315,WADE'S CHICKEN  INC.,6,1,5,5,1
25316,WADSWORTH,4,3,1,1,3
25317,WADSWORTH ELEM,13,3,10,3,10
25318,WAFA PITA QUEEN INC.,6,3,3,3,3
25319,WAFFLE PANCAKE HOUSE INC,4,2,2,3,1
25320,WAFFLES,37,14,23,22,15
25321,WAFFLES CAFE/ON THE BUN,8,4,4,4,4
25322,WAFFLES CHICAGO,9,3,6,4,5
25323,WAGNER'S BAKERY,6,1,5,3,3
25324,WAGNERS BAKERY,6,3,3,1,5
25325,WAGYU WAGON,3,1,2,2,1
25326,WAHLBURGERS,4,1,3,3,1
25327,WAHMEI FOOD CORP,6,0,6,4,2
25328,WAJO CUPS,4,2,2,3,1
25329,WAKAMONO,25,7,18,17,8
25330,WAKE 'N BACON,6,2,4,4,2
25331,WAKE N BAKERY,2,0,2,2,0
25332,WAKE-N-BAKERY,5,1,4,2,3
25333,"WAKE-N-BAKERY, INC.",7,2,5,4,3
25334,WAL-MART EXPRESS #3041,3,3,0,1,2
25335,WALDO COONEY,19,5,14,9,10
25336,WALDO COONEY'S PIZZA,61,29,32,11,50
25337,WALDORF ASTORIA CHICAGO,46,18,28,19,27
25338,WALEED TRADING INC.,8,4,4,3,5
25339,WALGREEN #03948,4,2,2,2,2
25340,WALGREEN #13454,6,4,2,1,5
25341,WALGREEN #15567,9,4,5,4,5
25342,WALGREEN #5724,2,1,1,0,2
25343,WALGREEN CO. #1173,4,3,1,0,4
25344,WALGREEN CO. #15508,2,1,1,1,1
25345,WALGREENS,18,10,8,4,14
25346,WALGREENS  # 10649,3,2,1,0,3
25347,WALGREENS # 01101,2,1,1,1,1
25348,WALGREENS # 04147,2,1,1,0,2
25349,WALGREENS # 04936,3,0,3,0,3
25350,WALGREENS # 04978,8,1,7,3,5
25351,WALGREENS # 05057,5,3,2,1,4
25352,WALGREENS # 05123,4,1,3,1,3
25353,WALGREENS # 05124,7,4,3,2,5
25354,WALGREENS # 06297,4,1,3,1,3
25355,WALGREENS # 06980,11,7,4,5,6
25356,WALGREENS # 07054,5,3,2,1,4
25357,WALGREENS # 07179,8,4,4,3,5
25358,WALGREENS # 07267,7,2,5,3,4
25359,WALGREENS # 07687,2,1,1,0,2
25360,WALGREENS # 07876,2,1,1,1,1
25361,WALGREENS # 09000,8,5,3,1,7
25362,WALGREENS # 09001,4,2,2,2,2
25363,WALGREENS # 09357,4,0,4,1,3
25364,WALGREENS # 09438,5,4,1,1,4
25365,WALGREENS # 09470,3,1,2,0,3
25366,WALGREENS # 13106,5,4,1,1,4
25367,WALGREENS # 13798,8,3,5,5,3
25368,WALGREENS # 15971,2,0,2,1,1
25369,WALGREENS #02387,4,2,2,0,4
25370,WALGREENS #03074,5,2,3,3,2
25371,WALGREENS #03395,4,2,2,0,4
25372,WALGREENS #03539,4,1,3,1,3
25373,WALGREENS #03698,8,4,4,1,7
25374,WALGREENS #03949,7,3,4,1,6
25375,WALGREENS #03950,7,4,3,2,5
25376,WALGREENS #04152,5,3,2,2,3
25377,WALGREENS #04306,4,3,1,2,2
25378,WALGREENS #04349,5,1,4,3,2
25379,WALGREENS #04461,4,1,3,2,2
25380,WALGREENS #04494,8,4,4,1,7
25381,WALGREENS #04752,5,1,4,2,3
25382,WALGREENS #04937,2,2,0,0,2
25383,WALGREENS #04938,6,5,1,0,6
25384,WALGREENS #05034,6,3,3,3,3
25385,WALGREENS #05192,7,3,4,3,4
25386,WALGREENS #05234,7,4,3,1,6
25387,WALGREENS #06727,4,2,2,0,4
25388,WALGREENS #06762,2,0,2,1,1
25389,WALGREENS #09038,4,1,3,1,3
25390,WALGREENS #09709,5,1,4,2,3
25391,WALGREENS #10350,6,3,3,2,4
25392,WALGREENS #10424,2,0,2,1,1
25393,WALGREENS #10558,4,2,2,1,3
25394,WALGREENS #10771,3,1,2,1,2
25395,WALGREENS #1096,7,3,4,3,4
25396,WALGREENS #11223,3,0,3,2,1
25397,WALGREENS #11410,4,1,3,0,4
25398,WALGREENS #1147,4,1,3,3,1
25399,WALGREENS #11492,6,3,3,1,5
25400,WALGREENS #118,4,3,1,0,4
25401,WALGREENS #12150,6,2,4,3,3
25402,WALGREENS #12304,4,3,1,0,4
25403,WALGREENS #12426,5,1,4,2,3
25404,WALGREENS #1298,5,2,3,2,3
25405,WALGREENS #1308,4,2,2,2,2
25406,WALGREENS #1310,4,1,3,0,4
25407,WALGREENS #1332,6,3,3,2,4
25408,WALGREENS #1375,6,2,4,3,3
25409,WALGREENS #13973,2,0,2,1,1
25410,WALGREENS #13974 - PHARMACY,2,2,0,0,2
25411,WALGREENS #1417,5,2,3,1,4
25412,WALGREENS #147,6,4,2,2,4
25413,WALGREENS #1495,2,2,0,1,1
25414,WALGREENS #1496,5,3,2,1,4
25415,WALGREENS #15004,7,4,3,2,5
25416,WALGREENS #1503,2,1,1,1,1
25417,WALGREENS #15065,16,8,8,9,7
25418,WALGREENS #15196,18,12,6,5,13
25419,WALGREENS #15197,4,0,4,1,3
25420,WALGREENS #15281,16,6,10,8,8
25421,WALGREENS #15350,4,3,1,2,2
25422,WALGREENS #15493,4,1,3,1,3
25423,WALGREENS #15507,2,1,1,0,2
25424,WALGREENS #15525,3,2,1,1,2
25425,WALGREENS #15526,2,1,1,1,1
25426,WALGREENS #15921,8,1,7,4,4
25427,WALGREENS #1593,2,0,2,0,2
25428,WALGREENS #1594,2,0,2,2,0
25429,WALGREENS #15992,5,3,2,1,4
25430,WALGREENS #16085,4,1,3,1,3
25431,WALGREENS #162,8,4,4,2,6
25432,WALGREENS #163,2,1,1,0,2
25433,WALGREENS #16355,5,1,4,2,3
25434,WALGREENS #1802,3,2,1,1,2
25435,WALGREENS #194,6,4,2,3,3
25436,WALGREENS #2025,5,3,2,0,5
25437,WALGREENS #2073,8,3,5,5,3
25438,WALGREENS #211,7,2,5,1,6
25439,WALGREENS #21160,5,1,4,4,1
25440,WALGREENS #21221,4,1,3,2,2
25441,WALGREENS #215,9,4,5,3,6
25442,WALGREENS #226,5,4,1,2,3
25443,WALGREENS #232,10,2,8,4,6
25444,WALGREENS #2432,3,2,1,0,3
25445,WALGREENS #249,9,5,4,2,7
25446,WALGREENS #252,7,1,6,4,3
25447,WALGREENS #258,3,2,1,0,3
25448,WALGREENS #2586,2,0,2,0,2
25449,WALGREENS #259,5,1,4,0,5
25450,WALGREENS #2711,2,0,2,1,1
25451,WALGREENS #2742,2,1,1,1,1
25452,WALGREENS #2840,6,4,2,2,4
25453,WALGREENS #2877,3,1,2,0,3
25454,WALGREENS #2903,4,2,2,1,3
25455,WALGREENS #3072,5,3,2,0,5
25456,WALGREENS #4233,5,1,4,2,3
25457,WALGREENS #4935,5,2,3,1,4
25458,WALGREENS #4986,9,4,5,3,6
25459,WALGREENS #5033,6,2,4,2,4
25460,WALGREENS #5089,10,1,9,3,7
25461,WALGREENS #5121,4,2,2,0,4
25462,WALGREENS #6270,10,2,8,2,8
25463,WALGREENS #7360,3,2,1,1,2
25464,WALGREENS BOND DRUG COMPANY OF ILLINOIS #5387,5,2,3,1,4
25465,WALKER HARRIS,3,2,1,0,3
25466,WALLA FOOD,3,0,3,2,1
25467,"WALLACE CATFISH, INC.",27,11,16,11,16
25468,WALLACE FOODS CORPORATION,8,3,5,3,5
25469,WALLY'S INTERNATIONAL MARKET,8,2,6,4,4
25470,WALLY'S LOUNGE,2,1,1,1,1
25471,WALLY'S MARKET INC,6,2,4,2,4
25472,WALMART #5402,33,11,22,16,17
25473,WALMART #5617,14,9,5,5,9
25474,WALMART #5645,16,9,7,9,7
25475,WALMART #5781,32,11,21,16,16
25476,WALMART #5965,22,4,18,13,9
25477,WALMART EXPRESS #3039,7,4,3,2,5
25478,WALMART EXPRESS #3065,11,5,6,4,7
25479,WALMART MARKET #5647,11,5,6,2,9
25480,WALMART NEIGHBORHOOD MARKET #2430,6,3,3,1,5
25481,WALMART NEIGHBORHOOD MARKET #3110,16,3,13,4,12
25482,WALMART NEIGHBORHOOD MARKET #3166,20,7,13,8,12
25483,WALSH ELEMENTARY,15,6,9,3,12
25484,WALTER'S FOOD MART,2,0,2,1,1
25485,WALTON ROOM,3,0,3,2,1
25486,WALTON STREET,5,3,2,4,1
25487,WAN SHI DA BAKERY & CAFE,7,4,3,3,4
25488,WANG HAPPY GARDEN,5,1,4,5,0
25489,"WARD, JAMES",17,8,9,3,14
25490,WARDAH HALAL MEAT AND GROCERY INC.,2,1,1,2,0
25491,"WARE RANCH STEAK HOUSE, INC",13,3,10,8,5
25492,WAREHOUSE LIQUORS,6,2,4,3,3
25493,WARLORD,7,2,5,4,3
25494,WARM BELLY BAKERY,13,4,9,4,9
25495,"WARM BELLY BAKERY, LLC",3,1,2,3,0
25496,WARREN BARR,13,2,11,7,6
25497,WARREN BARR PAVILION,12,5,7,5,7
25498,WARREN BARR SOUTH LOOP,16,7,9,9,7
25499,"WARREN PARK HEALTH & LIVING CENTER, LLC",19,5,14,11,8
25500,WARSAME,2,0,2,2,0
25501,WASABI,32,7,25,19,13
25502,WASABI CAFE,18,6,12,7,11
25503,WASABI/NOMONOMO-JAPANESE PUB + GRILL,6,2,4,3,3
25504,WASEEM FOOD MART,2,1,1,1,1
25505,WASH & RELAX LAUNDRY & DELI,3,0,3,2,1
25506,WASHBURN CULINARY INSTITUTE STUDENT TRAINING KITCHENS,18,6,12,8,10
25507,WASHBURN CULITNARY INSTITUTE,15,5,10,9,6
25508,WASHBURNE CULINARY INSTITUTE INCUBATOR KITCHENS,20,9,11,7,13
25509,WASHBURNE CULINARY INSTITUTE STUDENT TRAINING KI,3,1,2,1,2
25510,WASHINGTON AND JANE SMITH HOME (SMITH VILLAGE),27,15,12,4,23
25511,WASHINGTON FOOD MARKET,3,2,1,1,2
25512,WASHINGTON FOOD MART & CELLULAR,8,3,5,6,2
25513,WASHINGTON HIGH SCHOOL,26,10,16,14,12
25514,WATER MILL CAKE HOUSE INC,3,0,3,2,1
25515,WATERFRONT TERRACE INC,4,1,3,2,2
25516,WATERHOUSE TAVERN AND GRILL,21,9,12,11,10
25517,WATERS ELEMENTARY,21,13,8,3,18
25518,WATKINS QUALITY PRODUCTS,3,1,2,2,1
25519,WATRA,4,1,3,4,0
25520,WATTA-POTATO BY YOGIS BISTRO INC.,2,0,2,2,0
25521,WATTS MART,4,1,3,3,1
25522,WAVE SUSHI,4,2,2,2,2
25523,"WAYLOW DISCOUNT FOOD, INC.",2,1,1,1,1
25524,WAYNE MOY CHOP SUEY,4,3,1,1,3
25525,"WAYNE'S WORLD, INC.",2,0,2,1,1
25526,WAZOBIA AFRICAN CUISINE,3,1,2,2,1
25527,WAZOBIA AFRICAN CUISINE INC.,3,0,3,1,2
25528,WAZZUP SHRIMP,5,1,4,4,1
25529,WE 8 INCORPORATED,4,2,2,2,2
25530,WE ALL CARE LEARNING ACADEMY,7,0,7,6,1
25531,"WE ARE HE FUTURE CHILD DEVELOPMENT PROGRAM, INC",3,1,2,2,1
25532,WE ARE THE FIRE,5,2,3,2,3
25533,WE ARE THE FUTURE PRESIDENTS,10,2,8,3,7
25534,WE SERVE FOOD MART INC.,11,3,8,6,5
25535,WE WASH CAR CARE CENTER,3,1,2,2,1
25536,WE'RE HERE HOSPITALITY,4,2,2,0,4
25537,WEATHERSBY WONDER WORLD INC,8,3,5,3,5
25538,WEBER GRILL RESTAURANT,26,6,20,12,14
25539,WEBER'S BAKERY INC,11,4,7,2,9
25540,WEBSTER PLACE,2,0,2,2,0
25541,WEBSTER'S,19,4,15,12,7
25542,WEBSTER'S WINE BAR,5,3,2,2,3
25543,WEDGE,2,1,1,1,1
25544,WEE CARE DAYCARE PRESCHOOL,21,8,13,10,11
25545,WEE CARE NURSERY SCHOOL,17,5,12,2,15
25546,WEE CARE PRESCHOOL TOO,8,4,4,2,6
25547,"WEE WEE CENTER FOR CREATIVE LEARNING, INC.",5,2,3,2,3
25548,WEEGHMAN'S,5,1,4,3,2
25549,WEISS MEMORIAL HOSPITAL,4,0,4,3,1
25550,WELLNESS DAY,6,0,6,3,3
25551,WELLNESS GRUB,9,2,7,5,4
25552,WELLNESS NATURAL CENTER UN NUEVO DIA,2,1,1,1,1
25553,WELLS FOOD MART INC.,6,2,4,5,1
25554,WELLS ON WELLS,16,5,11,10,6
25555,WELLS PREP,15,4,11,4,11
25556,"WELLS STREET ATHLETIC CLUB, INC.",2,0,2,2,0
25557,WELLS STREET MARKET,8,2,6,5,3
25558,WELLS STREET POPCORN,9,5,4,3,6
25559,WELLS STREET RESTAURANTS LLC,6,1,5,3,3
25560,WELLY GROCERY,4,1,3,2,2
25561,WEN CAI CHINESE KITCHEN,17,5,12,6,11
25562,WENDY'S,124,54,70,50,74
25563,WENDY'S #000860,8,4,4,2,6
25564,WENDY'S #000899,10,4,6,2,8
25565,WENDY'S #000981,11,6,5,5,6
25566,WENDY'S #001106,12,3,9,4,8
25567,WENDY'S #001110,7,2,5,1,6
25568,WENDY'S #001168,12,9,3,5,7
25569,WENDY'S #001206,16,2,14,9,7
25570,WENDY'S #001461,12,7,5,4,8
25571,WENDY'S #11743,14,6,8,4,10
25572,WENDY'S 13300,3,1,2,2,1
25573,WENDY'S BY REEF,3,3,0,0,3
25574,WENDY'S OLD FASHIONED HAMBURGER,9,6,3,2,7
25575,"WENDY'S OLD FASHIONED HAMBURGER'S OF NEW YORK, INC",3,2,1,1,2
25576,WENDY'S OLD FASHIONED HAMBURGERS,40,17,23,19,21
25577,WENDY'S OLD FASHIONED HAMBURGERS OF NEW YORK,12,5,7,3,9
25578,WENDY'S OLD FASHIONED HAMBURGERS OF NEW YORK INC,9,6,3,4,5
25579,WENDY'S OLD FASHIONED HAMBURGERS OF NEW YORK INC.,4,1,3,4,0
25580,"WENDY'S OLD FASHIONED HAMBURGERS OF NEW YORK, INC",25,6,19,14,11
25581,"WENDY'S OLD FASHIONED HAMBURGERS OF NEW YORK, INC.",15,3,12,6,9
25582,"WENDY'S OLD FASHIONED HAMBURGERS OF NEW YORK,INC",12,3,9,2,10
25583,WENDY'S PROPERTIES LLC,19,10,9,7,12
25584,"WENDY'S PROPERTIES, LLC",194,77,117,75,119
25585,"WENDY'S PROPERTIES,LLC",51,21,30,15,36
25586,WENDYS OLD FASHIONED HAMBURGERS,25,6,19,14,11
25587,"WENTWORTH  REHABILITATION & HEALTH CARE CENTER, IN",5,3,2,2,3
25588,WENTWORTH MEAT & PRODUCE,4,0,4,2,2
25589,WENTWORTH MOBIL,3,0,3,1,2
25590,WENTWORTH RESTAURANT,3,2,1,1,2
25591,WENTWORTH SEAFOOD HOUSE,13,3,10,8,5
25592,WEREWOLF COFFEE,10,5,5,4,6
25593,WERTELKA'S TAVERN,3,2,1,1,2
25594,WESLEY PLACE,16,2,14,6,10
25595,WESLEY' S PLACE,3,0,3,2,1
25596,WESLEY'S PLACE,6,1,5,5,1
25597,WESO,4,1,3,3,1
25598,WEST AUSTIN DEVELOPMENT CENTER,17,5,12,6,11
25599,WEST CHICAGO AVE .INC.,2,1,1,1,1
25600,WEST CHICAGO FUEL,2,0,2,1,1
25601,WEST EGG CAFE,20,12,8,4,16
25602,WEST END TATA'S PIZZA,22,11,11,12,10
25603,WEST ENG CHR COMM SCH STORE,5,3,2,3,2
25604,WEST ENGLEWOOD COMMUNITY HEADSTART,2,0,2,2,0
25605,WEST HAVEN MARKET,2,1,1,2,0
25606,WEST HAVEN MARKET & GRILL,26,7,19,16,10
25607,WEST HAVEN SUPER MARKET,2,1,1,1,1
25608,WEST INDIES INTERNATIONAL,24,11,13,16,8
25609,WEST KINGSTON JERK GRILL CORPORATION INC.,8,2,6,6,2
25610,"WEST LAKEVIEW LIQUORS, INC",4,1,3,0,4
25611,WEST LOOP #3,2,1,1,0,2
25612,WEST LOOP MARKET,5,2,3,4,1
25613,WEST LOOP MART,14,7,7,6,8
25614,WEST LOOP SALUMI,4,2,2,3,1
25615,WEST LOOP WINE & SPIRITS,2,0,2,1,1
25616,WEST LOOP WINE AND SPIRITS,3,0,3,2,1
25617,WEST ON NORTH,15,6,9,6,9
25618,WEST RIDGE ELEMENTARY,19,9,10,6,13
25619,WEST RIVER CAFE,27,8,19,15,12
25620,"WEST SIDE CORNER STORE, INC",9,1,8,8,1
25621,"WEST SIDE DOLLAR & FOOD, INC",2,0,2,2,0
25622,WEST SIDE FOOD & LIQUOR,4,1,3,2,2
25623,WEST SIDE FOOD MARKET INC.,2,0,2,1,1
25624,WEST SIDE FOOD MART,6,2,4,4,2
25625,WEST SIDE FOOD MART INC.,3,1,2,3,0
25626,WEST SIDE GRILL & GROCERY,4,0,4,3,1
25627,WEST SIDE GYROS,14,5,9,8,6
25628,WEST SIDE GYROS & PITA KEBOB,6,2,4,3,3
25629,"WEST SIDE QUICK MART, INC",3,2,1,2,1
25630,WEST SIDE SHOP & SAVE,6,2,4,4,2
25631,"WEST SIDE WAREHOUSE,INC.",6,2,4,4,2
25632,WEST TOWN ACADEMY,19,11,8,7,12
25633,WEST TOWN BAKERY,11,2,9,5,6
25634,WEST TOWN BAKERY & DINER,26,11,15,9,17
25635,"WEST TOWN DAYCARE ,LLC",6,1,5,1,5
25636,WEST TOWN DELI,4,2,2,2,2
25637,WEST TOWN MOBILE,4,2,2,1,3
25638,WEST TOWN PIZZA SHOP,5,2,3,2,3
25639,WEST TOWN WINE & SPIRITS .,5,3,2,3,2
25640,WEST WING LIVE LLC,8,0,8,8,0
25641,WEST WINGS 2ND CHANCE,3,2,1,3,0
25642,WESTCOTT ELEMENTARY SCHOOL,22,10,12,9,13
25643,WESTEND BAR & GRILL,19,7,12,8,11
25644,WESTERN,2,1,1,1,1
25645,WESTERN & MADISON FOOD,3,2,1,1,2
25646,WESTERN & PETERSON SHELL,4,2,2,1,3
25647,WESTERN AVENUE SHRIMP HOUSE,2,2,0,1,1
25648,WESTERN BP AMOCO,3,1,2,1,2
25649,WESTERN CAFE,19,6,13,12,7
25650,WESTERN CONVENIENCE STORE,2,0,2,1,1
25651,WESTERN DISCOUNT,2,1,1,1,1
25652,WESTERN DISCOUNT STORE,2,0,2,1,1
25653,WESTERN FOOD & GROCERY,2,1,1,1,1
25654,"WESTERN FOOD MART, INC.",2,0,2,1,1
25655,"WESTERN HOST, INC.",7,2,5,4,3
25656,WESTERN MARKET,6,3,3,2,4
25657,"WESTERN MEAT & GROCERY, INC.",2,0,2,2,0
25658,WESTERN MEAT MARKET,4,2,2,1,3
25659,WESTERN MONTROSE SHELL,2,1,1,1,1
25660,WESTERN POULTRY,14,6,8,8,6
25661,WESTERN ROUND UP,4,2,2,1,3
25662,"WESTERN SERVICE, INC.",2,1,1,1,1
25663,WESTERN SUB,3,3,0,1,2
25664,"WESTERN TACOS MEXICAN FAST FOOD, INC.",23,8,15,10,13
25665,"WESTERN TAP, INC. DBA O'S TAP INC.",4,0,4,4,0
25666,"WESTERN'S TASTE OF CHICAGO, INC",4,0,4,3,1
25667,WESTERN5616 INC.,2,1,1,1,1
25668,WESTIN RIVER NORTH CHGO HOTEL - CATERING,16,8,8,4,12
25669,WESTIN RIVER NORTH CHGO HOTEL - EMBER,25,16,9,11,14
25670,WESTIN RIVER NORTH CHGO HOTEL - EMPLOYEE CAFE,16,9,7,2,14
25671,WESTIN RIVER NORTH CHGO HOTEL- MAIN KITCHEN,26,12,14,12,14
25672,WESTINGHOUSE CAMPUS,19,8,11,8,11
25673,WESTSIDE ALTERNATIVE H.S.,23,13,10,10,13
25674,WESTSIDE CONVENIENCE AND PLUS INC.,5,3,2,2,3
25675,"WESTSIDE FOOD & MEAT MARKET,INC.",6,3,3,4,2
25676,WESTSIDE FOOD MART,4,1,3,3,1
25677,WESTSIDE FOOD MART I,2,1,1,1,1
25678,WESTSIDE GRILL,12,4,8,8,4
25679,WESTSIDE HOLISTIC FAMILY CTR,3,1,2,1,2
25680,WESTTOWN TAQUERIA,2,0,2,2,0
25681,WESTWOOD MANOR INC,17,5,12,8,9
25682,WHADDA JERK,6,2,4,4,2
25683,"WHADDA JERK, LLC",4,1,3,1,3
25684,WHALE BEEF AND PIZZA,8,2,6,5,3
25685,WHALE FISH & CHICKEN,49,18,31,28,21
25686,WHALE FISH AND CHICKEN,19,5,14,7,12
25687,WHALE FISH AND CHICKEN INC,29,11,18,8,21
25688,WHALE FISH SHRIMP,4,4,0,3,1
25689,WHALE TALE,11,5,6,5,6
25690,WHALES FISH & CHICKEN,17,10,7,7,10
25691,WHAT CAME FIRST ? CAFE,4,2,2,3,1
25692,WHAT UP DOG,4,0,4,3,1
25693,WHAT'S COOKIN?,3,1,2,2,1
25694,WHAT'S POPPPIN,3,1,2,2,1
25695,WHAT'S THE BEEF,2,0,2,1,1
25696,"WHAT'S THE BEEF, INC",2,0,2,2,0
25697,WHATS COOKING RESTAURANT,5,2,3,3,2
25698,WHEAT ' S END CAFE,15,5,10,7,8
25699,WHEAT'S END CAFE AND BAKERY,3,2,1,1,2
25700,WHEATLEY C.P.C.,18,7,11,7,11
25701,WHEELIE NEELIES FASTFOOD,2,0,2,1,1
25702,WHEREWITHALL,7,3,4,1,6
25703,WHICH WICH,25,11,14,12,13
25704,WHIMSICAL CANDY,8,2,6,3,5
25705,WHINER BEER COMPANY,8,1,7,6,2
25706,WHIPPED & BEATEN CULINARY WORKS,11,6,5,5,6
25707,WHIPPLE LIQUORS,3,1,2,2,1
25708,WHIPPLE STORE,4,1,3,2,2
25709,WHISK CHICAGO,14,5,9,9,5
25710,WHISKEY BUSINESS,8,1,7,6,2
25711,WHISKEY GIRL TAVERN,8,3,5,4,4
25712,WHISKEYMONGER,2,1,1,0,2
25713,WHISPER'S COFFEE,3,0,3,3,0
25714,WHISPERS AT OAK STREET BEACH,10,2,8,10,0
25715,WHISPERS COFFEE & TEA,3,1,2,2,1
25716,WHISTLE PIG,5,1,4,4,1
25717,"WHITE & BLUE MARKET, INC",2,1,1,2,0
25718,WHITE CASTLE #18,3,2,1,1,2
25719,WHITE CASTLE #21,17,8,9,6,11
25720,WHITE CASTLE #23,17,8,9,7,10
25721,WHITE CASTLE #24,14,8,6,4,10
25722,WHITE CASTLE #25,17,7,10,5,12
25723,WHITE CASTLE #26,13,6,7,7,6
25724,WHITE CASTLE #27,18,6,12,4,14
25725,WHITE CASTLE #49,16,3,13,7,9
25726,WHITE CASTLE #53,13,5,8,6,7
25727,WHITE CASTLE #54,14,4,10,2,12
25728,WHITE CASTLE #55,8,4,4,2,6
25729,WHITE CASTLE #57,17,8,9,5,12
25730,WHITE CASTLE #58,17,7,10,6,11
25731,WHITE CASTLE #61,22,7,15,12,10
25732,WHITE CASTLE #63,21,6,15,7,14
25733,WHITE CASTLE #64,17,9,8,4,13
25734,WHITE CASTLE SYSTEM INC,8,4,4,2,6
25735,WHITE CASTLE SYSTEM INC #90,10,6,4,3,7
25736,"WHITE CASTLE SYSTEM, INC",11,5,6,5,6
25737,"WHITE CASTLE SYSTEM, INC.",30,12,18,11,19
25738,WHITE CASTLE SYSTEMS INC,15,7,8,4,11
25739,WHITE HEN,3,0,3,3,0
25740,WHITE HEN PANTRY,20,2,18,19,1
25741,WHITE HEN PANTRY #0-0201-3,2,1,1,1,1
25742,WHITE HEN PANTRY #0-88154-4,2,0,2,2,0
25743,WHITE HEN PANTRY #073205,2,0,2,1,1
25744,WHITE OAK TAVERN & INN,4,1,3,3,1
25745,WHITE PALACE GRILL,34,10,24,18,16
25746,WHITE STEEPLE PRESCHOOL,18,7,11,8,10
25747,WHITEY'S STEAK & SEA FOOD INC.,7,2,5,5,2
25748,WHITNEY FOODS INC,2,0,2,1,1
25749,WHITNEY YOUNG (H/S),21,9,12,10,11
25750,WHITTIER ELEMENTARY,20,11,9,7,13
25751,WHIZ KIDS NURSERY CENTER INC,6,4,2,1,5
25752,WHIZ KIDS NURSERY CENTER INC.,16,7,9,5,11
25753,WHIZ KIDZ LEARNING CENTER,12,6,6,3,9
25754,WHO DAT SOUL FOOD RESTAURANT INC,2,0,2,1,1
25755,WHOLE FOODS,25,14,11,7,18
25756,WHOLE FOODS MARKET,293,127,166,94,199
25757,WHOLESALE MATTRESS,2,0,2,2,0
25758,WHOLESALE PRICES OPEN TO THE PUBLIC,3,1,2,2,1
25759,WHOLESOME SOY PRODUCTS,3,1,2,2,1
25760,WHOLLY INNOCENTS DAYCARE CENTER.,13,5,8,7,6
25761,WI JAMMIN,3,1,2,1,2
25762,WICKER BASKET MARKET,16,7,9,6,10
25763,WICKER PARK FOODMART INC.,2,1,1,1,1
25764,WICKER PARK KIDZ LEARNING CENTER INC.,9,1,8,3,6
25765,WICKER PARK SEAFOOD & SUSHI,12,1,11,6,6
25766,WICKER PARK SEAFOOD AND SUSHI BAR,24,9,15,3,21
25767,WIENER'S CIRCLE,4,0,4,4,0
25768,WIKIWIKI POKE,2,0,2,1,1
25769,WIKLANSKI'S BAKERY,11,2,9,5,6
25770,WIL BUR'S RED HOTS,5,3,2,2,3
25771,WILBORN STEWART,3,2,1,2,1
25772,WILBUR WRIGHT COLLEGE,4,1,3,1,3
25773,WILD BEAR STORE,2,1,1,1,1
25774,WILD BLOSSOM II & SOUTH WORKS BREWING CO.,9,4,5,4,5
25775,WILD FISH AND BEEF,5,0,5,4,1
25776,WILD FORK FOODS,3,2,1,1,2
25777,WILD FORKS FOODS,3,0,3,2,1
25778,WILD GOOSE BAR & GRILL,15,6,9,4,11
25779,WILD HARE,31,10,21,19,12
25780,WILD ONION CATERING AND EVENTS,6,3,3,3,3
25781,WILD ONION CHICAGO,2,1,1,2,0
25782,WILD ONION MARKET,4,2,2,2,2
25783,WILD TACO,2,1,1,2,0
25784,WILD WILD WINGZ,4,2,2,2,2
25785,WILDBERRY PANCAKE AND CAFE,11,4,7,7,4
25786,WILDBERRY PANCAKES & CAFE,21,8,13,9,12
25787,WILDE,20,4,16,10,10
25788,WILDFIRE,18,8,10,4,14
25789,WILEY'S CHICKEN & RIBS,34,10,24,20,14
25790,WILL'S NORTHWOODS INN,15,7,8,3,12
25791,WILLA CATHER  ELEMENTARY SCHOOL,19,9,10,3,16
25792,WILLA'S FIFTY YARD LINE,16,4,12,10,6
25793,WILLIAM BROWN ELEMENTARY SCHOOL,18,9,9,5,13
25794,WILLIAM G. HIBBARD ELEMENTARY SCHOOL,22,10,12,7,15
25795,WILLIAM HOWARD TAFT HIGH SCHOOL,2,1,1,1,1
25796,WILLIAM TAFT HIGH SCHOOL,25,8,17,13,12
25797,WILLIAM'S PRODUCE,7,4,3,3,4
25798,WILLIAMS ELEMENTARY,6,3,3,3,3
25799,WILLIAMS INN PIZZERIA,6,3,3,3,3
25800,WILLIAMS INN PIZZERIA EXPRESS,13,4,9,7,6
25801,WILLIAMS PREP ACADEMY,6,5,1,2,4
25802,WILLIE LILL'S,8,4,4,4,4
25803,WILLIE'S LIQUOR,4,0,4,4,0
25804,WILLIES GROCERY STORE INC.,4,1,3,0,4
25805,WILLIES N' WAFFLES,2,0,2,2,0
25806,WILLOW ROOM,12,8,4,7,5
25807,WILLOW TREE CHILD CARE,4,2,2,2,2
25808,WILLOW TREE CHILD CARE AND DEVELOPMENTAL CENTER CO,11,4,7,5,6
25809,WILLY'S ICE CREAM & LOLA'S CAFE,3,1,2,2,1
25810,WILLYS ONE STOP SHOP,5,1,4,4,1
25811,WILMER PALACIOS,9,1,8,3,6
25812,WILPUL FOOD STORE,2,1,1,1,1
25813,WILSON & KEDZIE FOOD,10,5,5,5,5
25814,WILSON CARE INC,12,3,9,4,8
25815,WILSON GROCERY,14,5,9,8,6
25816,"WILSON WINGS, INC/WINGSTOP RESTAURANT",6,2,4,5,1
25817,WINCHESTER MINI MART,2,0,2,2,0
25818,WINCREST NURSING CENTER,3,1,2,2,1
25819,WINDY CITY (MINI-MARKEET),13,6,7,6,7
25820,WINDY CITY BBQ,7,2,5,7,0
25821,WINDY CITY BURGER,3,1,2,2,1
25822,WINDY CITY CAFE,22,3,19,8,14
25823,WINDY CITY CARVERS,11,7,4,2,9
25824,WINDY CITY DAWGS,3,0,3,3,0
25825,WINDY CITY FOOD MARKET,8,3,5,3,5
25826,"WINDY CITY FOOD, INC",3,1,2,2,1
25827,WINDY CITY GYROS,31,9,22,17,14
25828,WINDY CITY HAND CAR WASH-NORTH AVE.,2,0,2,1,1
25829,WINDY CITY HOT DOGS INC,14,5,9,1,13
25830,WINDY CITY INC,11,4,7,7,4
25831,"WINDY CITY JERK, LLC",2,1,1,1,1
25832,WINDY CITY LIQUOR,3,1,2,1,2
25833,WINDY CITY MARKET,10,6,4,5,5
25834,"WINDY CITY MINI MART, INC.",3,1,2,2,1
25835,WINDY CITY NEWS #1723,2,0,2,1,1
25836,WINDY CITY PLAYHOUSE,2,1,1,2,0
25837,WINDY CITY POULTRY,8,2,6,5,3
25838,"WINDY CITY POULTRY 2,INC.",5,2,3,4,1
25839,WINDY CITY PRODUCE MART,12,6,6,3,9
25840,WINDY CITY RIBS & WHISKEY,2,0,2,2,0
25841,WINDY CITY SMOKED MEATS,6,2,4,3,3
25842,WINDY CITY SNACKS & CELLULAR,5,3,2,4,1
25843,WINDY CITY SNAPPERS SEAFOOD & CHICKEN,6,3,3,3,3
25844,"WINDY CITY SUPERMARKET, INC.",4,0,4,3,1
25845,WINDY CITY SWEETS,7,3,4,2,5
25846,WINDY CITY TAPROOM,15,7,8,9,6
25847,WINDY CITY YOGURT,4,3,1,1,3
25848,"WINDY CITY, INN",9,3,6,6,3
25849,WINDY FOOD MART INC.,3,1,2,1,2
25850,WINDY'S DELI,11,6,5,4,7
25851,WINEHOUSE,3,1,2,2,1
25852,WINESTYLES,14,3,11,8,6
25853,"WINFAR FOODS, INC.",4,0,4,3,1
25854,WING CHAN,7,3,4,5,2
25855,WING CHEONG GROCERY INC,9,4,5,3,6
25856,WING CHONG RESTAURANT,22,5,17,12,10
25857,WING CITY RESTAURANT INC,5,3,2,3,2
25858,WING FUNG MARKET,3,1,2,2,1
25859,"WING HO 128, INC.",10,4,6,3,7
25860,WING HOE RESTAURANT,16,6,10,7,9
25861,WING HONG CHOP SUEY RESTAURANT,5,1,4,3,2
25862,WING KING EXPRESS,2,1,1,1,1
25863,WING KINGZ,2,1,1,1,1
25864,WING LEE CO,8,3,5,5,3
25865,WING STOP,27,10,17,9,18
25866,WING STOP # 894,13,5,8,7,6
25867,WING STOP #551,18,10,8,5,13
25868,WING WAH CHINESE RESTAURANT,15,6,9,2,13
25869,WING WAH LAU,4,1,3,2,2
25870,WING WAH LAU RESTAURANT,19,8,11,8,11
25871,WING YIP RESTAURANT,15,9,6,7,8
25872,WING ZONE,4,0,4,3,1
25873,WINGERS,8,3,5,4,4
25874,WINGMAN,3,0,3,3,0
25875,WINGS & FINS,8,2,6,5,3
25876,WINGS AROUND THE WORLD,7,2,5,5,2
25877,WINGS FLY,3,0,3,3,0
25878,WINGS N FINS,11,3,8,9,2
25879,WINGS OVER CANAL,11,2,9,3,8
25880,"WINGS OVER HARRISON, LLC/WINGSTOP RESTAURANTS, INC",15,1,14,9,6
25881,WINGSING SUPERMARKET II,3,0,3,1,2
25882,WINGSTOP,243,86,157,147,96
25883,WINGSTOP #587,13,4,9,3,10
25884,WINGSTOP RESTAURANT,60,22,38,27,33
25885,WINGZ AVENUE LLC,2,1,1,1,1
25886,WINGZ IT IZ,8,4,4,5,3
25887,WINJAMMER MARINA,7,3,4,4,3
25888,WINNEMAC FOOD & LIQUOR,2,1,1,1,1
25889,WINNERS EDGE MARATHON,3,2,1,1,2
25890,WINNIE MANDELA SCHOOL,6,1,5,5,1
25891,"WINNIE THE POOH CHILDCARE, INC.",6,4,2,4,2
25892,WINNIE THE POOH PRESCHOOL,16,9,7,8,8
25893,WINSING SUPERMARKET,4,1,3,3,1
25894,WINSTON MANOR NURSING HOME,14,8,6,7,7
25895,WINTER'S JAZZ CLUB,4,1,3,2,2
25896,WINTHROP CHILDREN,11,5,6,3,8
25897,WINTRUST ARENA,25,7,18,11,14
25898,WISCONSIN CHEESE MART,2,1,1,0,2
25899,WISE NUTRITION,7,3,4,3,4
25900,WISE OWL DAYCARE LLC,15,5,10,8,7
25901,WISE OWL DRINKERY & COOKHOUSE,15,6,9,8,7
25902,WISEGUYS PIZZA,16,11,5,2,14
25903,WISHBONE RESTAURANT,43,16,27,19,24
25904,"WISHCO, INC.",2,1,1,2,0
25905,WISHFUL GROCERS,5,2,3,2,3
25906,WISMA,6,3,3,4,2
25907,WITHLOVE COLLECTIVE,2,0,2,1,1
25908,WITTS,5,2,3,2,3
25909,WIXTER MARKET,2,1,1,1,1
25910,WJ NOODLES,7,2,5,6,1
25911,WLLY'S LUCKY MART,2,1,1,2,0
25912,WM PENN ELEMENTARY SCHOOL,25,9,16,14,11
25913,WMI SYRIA INC,2,0,2,1,1
25914,WNDR MUSEUM,2,1,1,1,1
25915,WOK CUISINE,22,5,17,11,11
25916,WOK OUT LLC,3,1,2,1,2
25917,WOK THIS WAY RESTAURANT,15,5,10,7,8
25918,WOK!  YOU WANT,2,1,1,0,2
25919,WOK! YOU WANT,6,1,5,3,3
25920,WOK'S UP RESTAURANT,4,1,3,3,1
25921,WOKSTATION,5,1,4,2,3
25922,WOLCOTT COLLEGE PREPARATORY HIGH SCHOOL,3,1,2,1,2
25923,WOLCOTT TAP,12,5,7,7,5
25924,WOLCOTT'S,11,4,7,7,4
25925,WOLF POINT DISTILLING,3,1,2,2,1
25926,WOLFGANG EXPRESS,30,13,17,6,24
25927,WOLFGANG PUCK CATERING & EVENTS AT SPERTUS INSTITU,13,7,6,6,7
25928,WOLFGANG PUCK CATERING/MCA,4,1,3,2,2
25929,WOLFGANG PUCK CATERING/UC,9,4,5,3,6
25930,WOLFGANG PUCK EXPRESS,6,2,4,3,3
25931,"WOLFGANG PUCK, T-3",15,5,10,5,10
25932,"WOLFGANG PUCK, T1",26,18,8,0,26
25933,WOLFY'S,17,11,6,5,12
25934,WOLVERINE TRADING LLC,20,6,14,6,14
25935,WOMAN'S ATHLETIC CLUB OF CHICAGO,18,5,13,11,7
25936,WONDER CHOP,4,0,4,2,2
25937,WONDER MONTESSORI SCHOOL,20,10,10,3,17
25938,WONDERBURGER,8,4,4,4,4
25939,WONDERBURGER INC,5,3,2,1,4
25940,WONDERLAND CAKES & PASTRIES,2,0,2,1,1
25941,WONDERLAND DAY CARE,14,7,7,5,9
25942,WONDEROLL,4,1,3,2,2
25943,WONG'S ASIA CAFE,6,2,4,5,1
25944,WONUT,2,0,2,2,0
25945,WOO CHON RESTAURANT,16,8,8,2,14
25946,WOOD,25,7,18,12,13
25947,WOOD FIRE COUNTER,6,1,5,4,2
25948,WOOD LAWN AMOCO,2,1,1,1,1
25949,WOODBRIDGE NURSING PAVILION LT,11,7,4,4,7
25950,WOODEN SPOON I LLC,9,2,7,5,4
25951,WOODHAVEN BAR & KITCHEN,9,4,5,6,3
25952,WOODIE'S FLAT,20,7,13,11,9
25953,WOODLAWN,23,7,16,11,12
25954,WOODLAWN A.M.E. CHURCH DAYCARE,7,3,4,4,3
25955,WOODLAWN DINING COMMONS,4,0,4,1,3
25956,WOODLAWN FOOD MARTKET,5,3,2,3,2
25957,WOODLAWN GARDENS,15,5,10,8,7
25958,WOODLAWN NEIGHBORHOOD MARKET,3,2,1,1,2
25959,WOODS FOOD & LIQUOR,8,0,8,5,3
25960,WOODSON NORTH ELEMENTARY SCHOOL,19,9,10,4,15
25961,WOODSON WHIZKIDS PRESCHOOL LLC,2,0,2,0,2
25962,WOODWIND,9,3,6,3,6
25963,WORLD FAMOUS DOG JOINT LLC,15,7,8,10,5
25964,WORLD FRESH MARKET,14,6,8,7,7
25965,WORLD MARKET,4,2,2,2,2
25966,WORLD NUTRITION CORP,3,1,2,1,2
25967,WORM HOLE 2,5,1,4,3,2
25968,WOW BAO,131,58,73,36,95
25969,WOW PIZZERIA,3,3,0,1,2
25970,WRAP IT UP,2,1,1,1,1
25971,WRAP STAR RESTAURANT,6,3,3,4,2
25972,WRIGHT EARLY CARE & LEARNING CENTER,17,9,8,6,11
25973,WRIGHT RENAISSANCE CHILD CARE,5,2,3,2,3
25974,WRIGHTFOOD MART,2,1,1,1,1
25975,WRIGLEVILLE DBA DUNKIN DONUTS,12,4,8,4,8
25976,WRIGLEY BBQ,14,5,9,7,7
25977,WRIGLEY FIELD ROOFTOP CLUB,8,6,2,2,6
25978,WRIGLEY RN(0843-03),6,2,4,2,4
25979,WRIGLEY ROOFTOPS III,5,4,1,2,3
25980,WRIGLEYVILLE DAIRY QUEEN,15,8,7,7,8
25981,WRIGLEYVILLE DOG,18,8,10,5,13
25982,WRIGLEYVILLE NORTH,4,2,2,2,2
25983,"WRIGLEYVILLE PIZZERIA, INC.",13,2,11,6,7
25984,WRIGLEYVILLE ROOFTOP,18,1,17,11,7
25985,WRIGLEYVILLE ROOFTOPS,61,25,36,19,42
25986,WRIGLEYVILLE WILD WINGS,3,2,1,2,1
25987,WRIGLYEVILLE ROOFTOPS,6,4,2,0,6
25988,WRONGS,9,3,6,5,4
25989,WUNDERKIND LEARNING CENTER,4,1,3,2,2
25990,WUWEIYUAN HOTPOT RESTAURANT,6,0,6,3,3
25991,WYLER ROAD,10,5,5,4,6
25992,WYNDHAM CHICAGO HOTEL,14,9,5,7,7
25993,WYNDHAM GRAND CHICAGO RIVERFRONT,16,7,9,5,11
25994,WYNWOOD,5,2,3,3,2
25995,WZ COMPANY 1 DBA WING ZONE,2,1,1,1,1
25996,WZUMBA INC,8,3,5,1,7
25997,Wacker,20,4,16,5,15
25998,Walgreen's #1171,6,3,3,3,3
25999,Walgreens # 02340,5,3,2,2,3
26000,Walgreens # 03321,4,3,1,0,4
26001,Walgreens # 03961,8,4,4,1,7
26002,Walgreens # 04862,5,3,2,1,4
26003,Walgreens # 05192,7,5,2,2,5
26004,Walgreens # 05356,7,5,2,3,4
26005,Walgreens # 05825,7,3,4,3,4
26006,Walgreens # 05867,2,1,1,1,1
26007,Walgreens # 06238,5,1,4,0,5
26008,Walgreens # 06376,4,1,3,2,2
26009,Walgreens # 07250,3,0,3,1,2
26010,Walgreens # 07359,5,2,3,1,4
26011,Walgreens # 07515,2,2,0,0,2
26012,Walgreens # 07630,5,1,4,3,2
26013,Walgreens #4519,7,5,2,2,5
26014,Walgreens #5868,4,0,4,2,2
26015,Walgreens #5926,6,2,4,3,3
26016,Walgreens #7559,3,1,2,1,2
26017,Walmart Neighborhood Market #5646,18,8,10,10,8
26018,Walter Newberry Elementary,22,9,13,9,13
26019,Washington Irving School,15,6,9,2,13
26020,"Washington, Harold",21,9,12,7,14
26021,Weather Mark Tavern,17,7,10,3,14
26022,"Webster, Hansberry",19,7,12,5,14
26023,Wee Read Day Care Academy,18,5,13,10,8
26024,Wellington's,3,0,3,2,1
26025,Wells Comm. Acad. (H/S),21,7,14,7,14
26026,Wells Street Popcorn,3,1,2,2,1
26027,Wendy's,26,12,14,3,23
26028,Wendy's Old Fashioned Hamburgers of New York Inc.,5,3,2,2,3
26029,Wentworth,6,4,2,2,4
26030,West Loop Market,5,2,3,2,3
26031,West Park Academy,17,6,11,4,13
26032,West Pullman,6,4,2,2,4
26033,West Town Academy,2,0,2,1,1
26034,West Town Bakery & Diner,14,8,6,6,8
26035,West Town Deli,7,3,4,4,3
26036,West Town Tavern,6,1,5,5,1
26037,Weston's Coffee & Tap,10,3,7,7,3
26038,Westside Youth Tech ENTREPRENEUR,4,2,2,3,1
26039,What's Your Budget,2,0,2,1,1
26040,Whipple Food & Grocery Store Inc.,2,1,1,1,1
26041,Whirlyball,17,6,11,10,7
26042,Whistler,21,7,14,10,11
26043,White,24,11,13,8,16
26044,White Hen Pantry,3,2,1,1,2
26045,Whole Foods Market,18,10,8,7,11
26046,Wildwood,25,12,13,8,17
26047,Willow Cafe and Bistro,4,1,3,2,2
26048,WingStop,10,4,6,6,4
26049,Wingers,3,0,3,1,2
26050,Wingstop,9,4,5,5,4
26051,"Winston's Sausage, Inc.",8,5,3,2,6
26052,Woods,8,5,3,3,5
26053,Woodson CPC,19,13,6,6,13
26054,World's Finest Chocolate Inc.,2,0,2,1,1
26055,Wrigleyville Rooftops,36,18,18,11,25
26056,X POT,14,3,11,7,7
26057,X-GOLF WRIGLEYVILLE,2,0,2,2,0
26058,XANDO COFFEE & BAR / COSI SANDWICH BAR,52,18,34,22,30
26059,XAVIER'S CLUB,4,1,3,2,2
26060,XI'AN CUISINE WEST LOOP,5,2,3,4,1
26061,"XIAN DYNASTY CUISINE, LLC",8,1,7,4,4
26062,XIANGLI XIANGQIN,2,1,1,2,0
26063,XIAO MEI,2,0,2,1,1
26064,XIAO MEI XING RESTAURANT,6,2,4,3,3
26065,XIAOLONGKAN,7,2,5,2,5
26066,XILIN ASSOCIATION,4,1,3,3,1
26067,XIN XIN RESTAURANT,2,0,2,2,0
26068,XL WIRELESS,3,3,0,2,1
26069,XLIN ADULT DAYCARE CENTER,8,1,7,4,4
26070,XMARKET,6,2,4,2,4
26071,XO MARSHMALLOW,4,0,4,3,1
26072,XOCHIMILCO MEXICAN RESTAURANT,12,4,8,7,5
26073,XOCO,34,15,19,10,24
26074,XOCOME ANTOJERIA,11,3,8,6,5
26075,XOCTLI MEXICAN RESTAURANT,8,1,7,5,3
26076,XONG XONG EXPRESS,6,2,4,3,3
26077,XS TENNIS & EDUCATION FOUNDATION,3,0,3,2,1
26078,XSPORT FITNESS,63,19,44,34,29
26079,XTRA HEALTH,5,1,4,2,3
26080,XTREME BLENDS,5,0,5,3,2
26081,XTREME RESTAURANT,2,0,2,2,0
26082,XTY'S RESTAURANT,3,2,1,2,1
26083,XUAN TEA,2,0,2,1,1
26084,XURRO,4,2,2,2,2
26085,Y & S MARKET,2,1,1,2,0
26086,Y B MIDWAY INC.,4,1,3,3,1
26087,Y.Y HOT POT INC.,10,2,8,9,1
26088,YA KWANG,11,2,9,9,2
26089,YA MBERRY'S KITCHEN INC.,6,2,4,4,2
26090,YA YA MAS,2,1,1,1,1
26091,YA YA MINI MART,3,2,1,2,1
26092,YABA'S FOOD AND GRILL,5,1,4,1,4
26093,YABA'S QUICK MART,8,4,4,5,3
26094,YACHT *57* FISH-WINGS-BURGER,2,1,1,2,0
26095,YADA'S FLOWERS & GIFTS,2,0,2,1,1
26096,YADO AFRICAN & CARIBBEAN MARKET,2,0,2,1,1
26097,"YAFAY FOOD MARKET, INC",2,0,2,1,1
26098,YAK THAI CUISINE,4,2,2,1,3
26099,YAK-ZIES BAR AND GRILL,11,3,8,6,5
26100,YAKISOBA MISOYA,5,1,4,5,0
26101,YAKZIE'S BAR & GRILL,21,9,12,13,8
26102,YALE APARTMENT,19,4,15,11,8
26103,YALE FOOD MART,3,2,1,2,1
26104,YAN BANG CAI,4,0,4,3,1
26105,YANBANG CAI SICHUAN RESTAURANT,10,7,3,4,6
26106,YANGOS GRILL FAMILY OWNED SINCE 1986,11,1,10,10,1
26107,YANNI'S DOG,6,2,4,3,3
26108,YAO,8,4,4,3,5
26109,YAO'S CAFE,4,0,4,3,1
26110,YAQUIDIOS RESTAURANT,5,2,3,3,2
26111,YARD HOUSE,11,4,7,6,5
26112,YARDBIRD SOUTHERN TABLE & BAR,9,1,8,6,3
26113,YARITZA'S GROCERIES,2,0,2,2,0
26114,YASEEN ZABIHA HALAL MEAT AND GROCERS,6,2,4,4,2
26115,YASIR AMOCO,2,0,2,2,0
26116,YASSA AFRICAN RESTAURANT,16,5,11,11,5
26117,YASU CORPORATION,3,0,3,2,1
26118,YATAI,9,4,5,4,5
26119,YATES ELEMENTARY SCHOOL,22,7,15,14,8
26120,YAUCO,2,1,1,1,1
26121,YAYA'S MINIMART,4,0,4,2,2
26122,"YAYOS REST.,INC.",3,2,1,1,2
26123,YCCS CHATHAM ACADEMY,18,8,10,9,9
26124,YEE HEUNG SEAFOOD HOUSE,10,4,6,5,5
26125,YEE HEUNG XIAN CUISINE,9,5,4,6,3
26126,YEFSEIS LLC,5,3,2,2,3
26127,YELLOW ROSE CAFE INC,20,9,11,5,15
26128,YEMEN GROCERY & LIQUOR,2,1,1,1,1
26129,YEMEN RESTAURANT,5,3,2,2,3
26130,YEN'S ON CLARK,10,4,6,5,5
26131,YENS MANDARIN CHINESE REST,7,1,6,4,3
26132,YEP KITCHEN,6,1,5,5,1
26133,YES,21,9,12,12,9
26134,YESHIVES  TEFERIS  TZVI,5,2,3,2,3
26135,YI SHOU DIAN,2,0,2,1,1
26136,YIMMIES BRUNCH,7,3,4,6,1
26137,YIN DEE RESTAURANT,17,7,10,3,14
26138,"YIN WALL CITY, INC.",3,0,3,1,2
26139,"YIN WALL CITY, INC.-BRANCH #3",4,1,3,2,2
26140,YINKRES NIGERIAN RESTAURANT,2,1,1,2,0
26141,YIU SHAN RESTAURANT INC,4,1,3,2,2
26142,YMCA GARFILED FAMILY DEVELOPMENT CENTER,15,6,9,4,11
26143,YMCA MARSHALL FAMILY DEV CENT,17,4,13,3,14
26144,YMCA OF METROPOLITAN CHICAGO,6,1,5,4,2
26145,YMCA ORR FAMILY DEVELOPMENT CENTER,9,2,7,2,7
26146,"YNK FOOD MART, INC.",2,1,1,1,1
26147,YO FRESH,7,1,6,5,2
26148,YO MAMAS PIZZA,6,1,5,5,1
26149,YO YO 2 FOOD MART,2,0,2,2,0
26150,YO'S YUMMY'S CATERING/RESTAURANT,4,0,4,2,2
26151,YO-LITE,2,0,2,1,1
26152,YOBERRI,9,4,5,2,7
26153,YOFRESH INC,3,1,2,2,1
26154,YOGEN FRUZ,7,2,5,4,3
26155,YOGURT AVENUE,6,2,4,4,2
26156,YOGURT DAZE,4,2,2,3,1
26157,YOGURT PIER,5,2,3,2,3
26158,YOGURT SQUARE,12,4,8,4,8
26159,YOGURT'S LA MICHOACANA CORP,2,1,1,1,1
26160,YOGURTLAND,9,2,7,5,4
26161,YOGURTLAND LINCOLN PARK,7,4,3,4,3
26162,YOKOCHO,2,2,0,0,2
26163,YOKOZUNA,4,3,1,1,3
26164,YOLANDA'S RESTAURANT INC,21,9,12,11,10
26165,YOLI'S ICE CREAM & COFFEE SHOP,3,0,3,2,1
26166,YOLI'S TACOS,6,1,5,4,2
26167,YOLIS TAMALES,25,13,12,0,25
26168,YOLK,76,32,44,41,35
26169,YOLK - LINCOLN PARK,4,1,3,3,1
26170,YOLK - WICKER PARK,12,4,8,5,7
26171,YOLK CAFE,41,13,28,23,18
26172,YOLK TEST KITCHEN,9,2,7,4,5
26173,YOLO'S FOOD & SNACKS,4,1,3,3,1
26174,YON'S DELI,11,5,6,4,7
26175,YONDER CHICAGO,2,1,1,1,1
26176,YORI'S  HAROLDS,3,1,2,2,1
26177,YOSEF FOOD MART,3,0,3,2,1
26178,YOSHI'S CAFE,24,13,11,13,11
26179,YOU BUY WE FRY INC.,2,2,0,1,1
26180,YOU'RE A COOKIE!,3,1,2,1,2
26181,YOUNG ACHIEVERS ACADEMY,17,4,13,3,14
26182,YOUNG AMERICAN,3,0,3,1,2
26183,YOUNG SCHOLARS ACADEMY,13,6,7,7,6
26184,YOUNG SCHOLARS DEVELOPMENTAL INSTITUTE,26,9,17,10,16
26185,YOUNG SCHOLARS LEARNING CENTER,2,1,1,1,1
26186,YOUNG WOMEN'S LEADERSHIP CHARTER SCHOOL,10,4,6,2,8
26187,YOUNG'S RESTAURANT,23,10,13,10,13
26188,YOUR BUDZ,3,1,2,2,1
26189,YOUR KITCHEN,2,0,2,2,0
26190,YOUR NEIGHBORHOOD STORE,3,1,2,2,1
26191,YOUR ORGANIC INNER G,2,0,2,1,1
26192,YOURS TRULY OYSTER BAR,3,2,1,2,1
26193,YOUTH CONNECTION,14,9,5,4,10
26194,YOUTH CONNECTION CHARTER SCHOOL,10,4,6,4,6
26195,YOUYO FROZEN YOGURT,6,0,6,2,4
26196,YOYO  FOOD,4,2,2,3,1
26197,YOYO FOOD MART,3,0,3,2,1
26198,"YOYO FOOD MART, INC.",4,1,3,3,1
26199,YSABEL'S FILIPINO CUISINE,29,7,22,16,13
26200,YU XIANG GOURMET,4,1,3,3,1
26201,YU'S CHINESE KITCHEN,6,2,4,2,4
26202,YUCA  CAFE,4,2,2,3,1
26203,YUEN'S  CHINESE  KITCHEN,13,3,10,6,7
26204,YUEN'S 8 INC.,3,1,2,2,1
26205,YUEN'S CHINESE KITCHEN,14,4,10,9,5
26206,YUGOSLAV BENEVOLENT CLUB-HERITAGE MANOR,3,1,2,1,2
26207,YUKI  HANA,3,0,3,2,1
26208,YUM CHA,7,2,5,5,2
26209,YUM DUM TRUCK,21,7,14,5,16
26210,YUM NOODLE CORP,13,4,9,9,4
26211,"YUMBOX, LLC",2,0,2,1,1
26212,YUMMPOPS,2,0,2,1,1
26213,YUMMY,20,9,11,6,14
26214,YUMMY BITE,4,2,2,2,2
26215,YUMMY BUFFET,40,16,24,22,18
26216,YUMMY BURGER,4,1,3,3,1
26217,YUMMY HALAL FOOD,5,3,2,2,3
26218,YUMMY ME!,3,0,3,2,1
26219,YUMMY THAI,25,6,19,13,12
26220,YUMMY YUMMY ASIAN CUISINE,22,11,11,11,11
26221,YUMMY YUMMY CUSTARD SHOP,5,1,4,4,1
26222,YUMMY YUMMY NOODLES,14,6,8,7,7
26223,"YUMMY YUMMY NOODLES, INC.",13,3,10,9,4
26224,YUMMY'S GRILL,12,2,10,6,6
26225,YUN DING,8,4,4,3,5
26226,YUNG'S CHOP SUEY,2,1,1,2,0
26227,YUP!!! CHICKEN & SEAFOOD,5,2,3,3,2
26228,YURI'S TAQUERIA,9,5,4,5,4
26229,YURIRIA RESTAURANT Y CENADURIA,2,0,2,2,0
26230,YURY'S TAQUERIA,5,0,5,2,3
26231,YUSHO,16,7,9,9,7
26232,YUSHO HP,8,4,4,2,6
26233,YUZU,6,1,5,2,4
26234,YUZU SUSHI AND ROBATA GRILL,17,10,7,6,11
26235,YUZUYA ASIAN GRILL,2,0,2,2,0
26236,YVOLINA'S TAMALES+GROCERIES,14,8,6,7,7
26237,Yahs Cuisine,8,2,6,5,3
26238,Yale,4,1,3,2,2
26239,Yamon Jerk Grill,4,1,3,3,1
26240,Yang,9,5,4,3,6
26241,Yango's Grill,14,4,10,9,5
26242,Yassa African Carribean Resturant,8,4,4,5,3
26243,Yogen Fruz,8,2,6,4,4
26244,Youmax Food & Liquor,10,4,6,5,5
26245,Young Elementary,22,8,14,9,13
26246,"Yousef Grocery,Inc.",3,2,1,1,2
26247,Yuki Hana,13,2,11,9,4
26248,Yuki Hana Japanese Cuisine & S,6,1,5,2,4
26249,Yummy Yummy Restaurant,5,2,3,3,2
26250,Z & S FOOD & LIQUOR,3,2,1,1,2
26251,Z & V FOODS,3,0,3,2,1
26252,Z & Z WINGS,2,2,0,1,1
26253,Z BEST,2,0,2,1,1
26254,Z BEST INC,3,2,1,1,2
26255,Z HALAL AMERICAN INC.,4,0,4,3,1
26256,"Z T DOLLAR EXCHANGE,INC",5,1,4,2,3
26257,"Z&S EXPRESS MARKET,INC",2,1,1,1,1
26258,Z-A PIZZA,11,5,6,5,6
26259,ZA'ATAR MED GRILL,9,2,7,5,4
26260,ZACA'S OF MIDWAY,5,1,4,3,2
26261,ZACAGUISOS INC.,5,0,5,4,1
26262,ZACAS OF MIDWAY,3,0,3,2,1
26263,ZACATACOS,36,14,22,19,17
26264,ZACATACOS EXPRESS,2,1,1,1,1
26265,"ZACATACOS, II. INC",37,13,24,16,21
26266,ZACATECAS EXPRESS,2,0,2,2,0
26267,ZACATECAS RESTAURANT,21,9,12,14,7
26268,ZACHI EXPRESS,5,1,4,4,1
26269,ZACHI INC,11,3,8,5,6
26270,ZACHI MEDITERRANEAN INC,2,1,1,1,1
26271,"ZACK'S FOOD MART, INC.",8,3,5,7,1
26272,ZAD,5,2,3,3,2
26273,ZAFFRON,2,0,2,2,0
26274,ZAHID NIHARI,5,2,3,4,1
26275,ZAIBAK BROTHERS & COMPANY,2,2,0,1,1
26276,ZAIQA INDIAN RESTAURANT,7,3,4,5,2
26277,ZAIQA RESTAURANT,4,2,2,3,1
26278,ZAIQA RESTAURANT ZABIHA HALAL,3,1,2,3,0
26279,ZAITOON HOUSE,4,1,3,3,1
26280,ZAKI CHICAGO STYLE GRILLE,9,2,7,6,3
26281,"ZAKOM FOOD MART, INC",3,1,2,2,1
26282,ZALESKI & HORVATH MARKETCAFE,13,7,6,5,8
26283,"ZALESKI & HORVATH MARKETCAFE, LTD.",16,8,8,7,9
26284,ZALMANS,3,1,2,2,1
26285,ZAM ZAM MIDDLE EASTERN GRILL,15,6,9,6,9
26286,ZAM-ZAM SWEETS AND SNACKS,3,1,2,2,1
26287,ZAMZAM BANQUET HALL,22,3,19,18,4
26288,ZAMZAM FOOD MART,2,1,1,2,0
26289,ZANIES COMEDY CLUBS INC,7,4,3,2,5
26290,ZANNO'S FISH & CHICKEN,4,1,3,3,1
26291,ZANZABAR,6,3,3,1,5
26292,ZANZIBAR CAFE,5,1,4,3,2
26293,ZANZIBAR CAFE AND ICE CREAM SHOPPE,3,2,1,1,2
26294,ZAPATISTA,28,6,22,14,14
26295,ZAPOTLAN INC.,2,0,2,2,0
26296,ZAPP THAI,5,1,4,4,1
26297,ZARAGOZA RESTAURANT,17,6,11,7,10
26298,ZAVALA'S GROCERY STORE INC,17,8,9,7,10
26299,ZAVEN INC,19,6,13,10,9
26300,ZAYN FOOD MART INC.,5,1,4,5,0
26301,ZAYNA MED GRILL,9,2,7,6,3
26302,ZAYNS MARKET & DELI INC.,3,1,2,1,2
26303,ZAYTUNE MEDITERRANEAN GRILL,6,2,4,4,2
26304,"ZAZA'S DELI, INC.",7,0,7,3,4
26305,ZAZAS PIZZERIA LLC,4,1,3,2,2
26306,ZBERRY,9,2,7,6,3
26307,ZEA SALON,2,0,2,1,1
26308,ZEBDA,18,5,13,10,8
26309,ZEBRA'S GOURMET HOT DOGS,6,2,4,5,1
26310,ZEBRAZ 18 LOUNGE & GRILL INC.,7,3,4,5,2
26311,ZED 451,21,8,13,10,11
26312,ZEE 'S SUPERMARKET PLUS,5,3,2,3,2
26313,ZEE DOLLAR AND FOOD,2,1,1,1,1
26314,ZEE'S,5,2,3,3,2
26315,ZEE'S FOOD MARKET INC.,11,2,9,9,2
26316,ZEENAT  BANQUETS  INC,6,1,5,4,2
26317,ZELLA,18,5,13,13,5
26318,ZELLY'S HEAVENLY BREAKFAST INC.,5,3,2,0,5
26319,ZEMENAY INC.,2,0,2,1,1
26320,ZEN NOODLES,6,3,3,3,3
26321,ZENTRA,7,1,6,3,4
26322,ZENWICH,8,4,4,4,4
26323,ZERO DEGREES KARAOKE BAR LLC,19,7,12,11,8
26324,ZEST CAFE,3,1,2,3,0
26325,ZESTY BITES,5,2,3,4,1
26326,ZEUS GYROS INC,20,10,10,9,11
26327,ZEWICH WICKER PARK,2,0,2,2,0
26328,ZFT,3,2,1,1,2
26329,ZHANG LIANG,2,0,2,2,0
26330,"ZHENG'S CHINA GARDEN, INC.",7,2,5,3,4
26331,ZIA'S LAGO VISTA,21,4,17,14,7
26332,ZIA'S SOCIAL,6,0,6,4,2
26333,ZIAD CERTIFIED FOODS,2,0,2,1,1
26334,ZIEMEK CORP.,3,2,1,2,1
26335,ZIG ZAG KITCHEN,7,3,4,4,3
26336,ZIGGY'S SIDE DOOR PUB & DELI,15,9,6,1,14
26337,ZIGZAG CAFE,5,0,5,4,1
26338,ZIKS DOLLAR PLUS,2,0,2,1,1
26339,ZIMIS PIZZA & GRILL,5,3,2,3,2
26340,ZIP'Z EXPRESS FAST FOOD,18,3,15,5,13
26341,ZIPEXPRESSFAST FOOD,3,1,2,2,1
26342,ZIZI'S CAFE,11,5,6,3,8
26343,ZIZI'S KABOBS,3,1,2,1,2
26344,ZOCALO,9,2,7,8,1
26345,ZOE'S PATIO,8,3,5,7,1
26346,ZOEY'S COFFEE HOUSE,2,0,2,2,0
26347,ZOKU SUSHI,18,2,16,11,7
26348,"ZOOM PIZZA FACTORY, INC.",6,0,6,5,1
26349,ZOOTS,29,17,12,7,22
26350,ZORA RESTAURANT,4,0,4,2,2
26351,ZORBAS PASTRY SHOP,16,4,12,5,11
26352,ZORIANA CANDY STORE INC.,5,2,3,2,3
26353,"ZORIN,INC.",3,1,2,1,2
26354,ZOUP,12,2,10,8,4
26355,ZOUP!,19,11,8,5,14
26356,ZOZO,3,1,2,2,1
26357,ZU'S QUICK MART,2,1,1,1,1
26358,ZUBAIR'S BP,2,2,0,0,2
26359,ZUCCI'S EVENTS & DINING INC.,4,2,2,2,2
26360,ZULLO'S INC.,25,14,11,9,16
26361,"ZULLO'S MARKETS, LLC",4,1,3,1,3
26362,ZUZU WRAPS INC,5,0,5,3,2
26363,ZYMI BAKERY INC,5,2,3,3,2
26364,Zaqorta,4,1,3,3,1
26365,Zaytune Mediterranean Grill,26,14,12,12,14
26366,"Zen rice and noodle,inc.",2,1,1,1,1
26367,Zia's Social,4,3,1,3,1
26368,Zia's Trattoria,19,6,13,12,7
26369,Zoku Sushi,9,2,7,6,3
26370,ben tre cafe,5,3,2,2,3
26371,bopNgrill,9,4,5,6,3
26372,cardona's 2,5,1,4,2,3
26373,de - li - cious cafe,10,5,5,3,7
26374,dolce casa cafe,3,2,1,2,1
26375,e.a.t. spots,2,2,0,1,1
26376,elinas cafe,2,1,1,1,1
26377,food & paper supply co,3,1,2,1,2
26378,goPuff,4,0,4,1,3
26379,healthy life nutrition,2,0,2,1,1
26380,howard groceries & plus,2,1,1,2,0
26381,iCREAM,4,3,1,3,1
26382,iO Theater,6,1,5,3,3
26383,jaihind restaurant,3,2,1,2,1
26384,luna empanada shop,4,0,4,4,0
26385,mEAT ON CHESTNUT,4,1,3,1,3
26386,markos tacos&cafe,2,0,2,1,1
26387,mi tortilla,3,0,3,2,1
26388,mr.daniel's,3,1,2,1,2
26389,pars-persian store,2,1,1,1,1
26390,rendezvous bistro,6,2,4,4,2
26391,ropa restaurant & wine bar,2,1,1,1,1
26392,stockton,8,3,5,4,4
26393,subway restaurant 1,4,2,2,2,2
26394,tien giang restaurant,4,2,2,3,1
